"municipality","Municipality_code","date","d0","d1","d7","d8","d14","lowest_since_okt1","lowest_since_okt1_date","current","increase_1d","increase_7d","increase_14d","increase_growth","growth","population","rel_increase_1d","rel_increase_7d","rel_increase_14d"
"Netherlands","",2020-11-09,15990,15936,15331,15242,14630,12805,2020-10-01,3185,54,659,1360,-5.99144079885877,"&#x2798;",17443797,0.309565629547283,3.77784721984554,7.79646770711675
"Unknown","",2020-11-09,95,93,91,91,85,74,2020-10-01,21,2,4,10,-33.3333333333333,"&#x2798;",NA,NA,NA,NA
"Appingedam","GM0003",2020-11-09,8,8,8,8,7,3,2020-10-01,5,0,0,1,-100,"&#x2798;",11529,0,0,8.67377916558244
"Delfzijl","GM0010",2020-11-09,8,8,8,8,7,6,2020-10-01,2,0,0,1,-100,"&#x2798;",24627,0,0,4.06058391196654
"Groningen","GM0014",2020-11-09,32,32,32,32,32,19,2020-10-01,13,0,0,0,0,"-",233266,0,0,0
"Loppersum","GM0024",2020-11-09,0,0,0,0,0,0,2020-10-01,0,0,0,0,0,"-",9501,0,0,0
"Almere","GM0034",2020-11-09,173,173,171,170,165,138,2020-10-01,35,0,2,8,-66.6666666666667,"&#x2798;",214133,0,0.933998963261151,3.7359958530446
"Stadskanaal","GM0037",2020-11-09,9,9,8,8,7,2,2020-10-01,7,0,1,2,0,"-",31564,0,3.16816626536561,6.33633253073121
"Veendam","GM0047",2020-11-09,4,4,4,4,2,2,2020-10-01,2,0,0,2,-100,"&#x2798;",27440,0,0,7.28862973760933
"Zeewolde","GM0050",2020-11-09,13,13,13,13,13,12,2020-10-01,1,0,0,0,0,"-",22750,0,0,0
"Achtkarspelen","GM0059",2020-11-09,0,0,0,0,0,0,2020-10-01,0,0,0,0,0,"-",27890,0,0,0
"Ameland","GM0060",2020-11-09,0,0,0,0,0,0,2020-10-01,0,0,0,0,0,"-",3766,0,0,0
"Harlingen","GM0072",2020-11-09,5,5,4,4,4,4,2020-10-01,1,0,1,1,100,"&#x279A;",15827,0,6.31831680040437,6.31831680040437
"Heerenveen","GM0074",2020-11-09,16,16,16,16,16,13,2020-10-01,3,0,0,0,0,"-",50561,0,0,0
"Leeuwarden","GM0080",2020-11-09,47,47,47,47,45,37,2020-10-01,10,0,0,2,-100,"&#x2798;",124338,0,0,1.60851871511525
"Ooststellingwerf","GM0085",2020-11-09,5,5,5,5,5,3,2020-10-01,2,0,0,0,0,"-",25398,0,0,0
"Opsterland","GM0086",2020-11-09,9,9,8,8,8,7,2020-10-01,2,0,1,1,100,"&#x279A;",29777,0,3.358296671928,3.358296671928
"Schiermonnikoog","GM0088",2020-11-09,1,1,1,1,1,0,2020-10-01,1,0,0,0,0,"-",940,0,0,0
"Smallingerland","GM0090",2020-11-09,12,12,12,12,12,9,2020-10-01,3,0,0,0,0,"-",56109,0,0,0
"Terschelling","GM0093",2020-11-09,1,1,1,1,1,0,2020-10-01,1,0,0,0,0,"-",4893,0,0,0
"Vlieland","GM0096",2020-11-09,0,0,0,0,0,0,2020-10-01,0,0,0,0,0,"-",1208,0,0,0
"Weststellingwerf","GM0098",2020-11-09,3,3,3,3,3,3,2020-10-01,0,0,0,0,0,"-",26044,0,0,0
"Assen","GM0106",2020-11-09,14,14,14,14,14,12,2020-10-01,2,0,0,0,0,"-",68890,0,0,0
"Coevorden","GM0109",2020-11-09,19,19,19,19,14,13,2020-10-01,6,0,0,5,-100,"&#x2798;",35274,0,0,14.1747462720417
"Emmen","GM0114",2020-11-09,52,52,49,49,46,23,2020-10-01,29,0,3,6,0,"-",107083,0,2.80156514105881,5.60313028211761
"Hoogeveen","GM0118",2020-11-09,31,31,29,29,27,20,2020-10-01,11,0,2,4,0,"-",55612,0,3.59634611234985,7.19269222469971
"Meppel","GM0119",2020-11-09,11,11,11,11,11,11,2020-10-01,0,0,0,0,0,"-",34211,0,0,0
"Almelo","GM0141",2020-11-09,36,36,32,32,32,26,2020-10-01,10,0,4,4,400,"&#x279A;",73183,0,5.46575024254267,5.46575024254267
"Borne","GM0147",2020-11-09,16,16,16,16,16,14,2020-10-01,2,0,0,0,0,"-",23582,0,0,0
"Dalfsen","GM0148",2020-11-09,18,18,17,17,17,16,2020-10-01,2,0,1,1,100,"&#x279A;",28921,0,3.45769510044604,3.45769510044604
"Deventer","GM0150",2020-11-09,53,51,50,50,50,48,2020-10-01,5,2,3,3,300,"&#x279A;",101021,1.97978638104948,2.96967957157423,2.96967957157423
"Enschede","GM0153",2020-11-09,79,76,70,70,68,59,2020-10-01,20,3,9,11,350,"&#x279A;",159857,1.87667728031929,5.63003184095786,6.88115002783738
"Haaksbergen","GM0158",2020-11-09,19,18,18,18,17,15,2020-10-01,4,1,1,2,0,"-",24271,4.12014338098966,4.12014338098966,8.24028676197932
"Hardenberg","GM0160",2020-11-09,26,25,25,24,24,23,2020-10-01,3,1,1,2,0,"-",61240,1.63291966035271,1.63291966035271,3.26583932070542
"Hellendoorn","GM0163",2020-11-09,13,13,13,13,13,8,2020-10-01,5,0,0,0,0,"-",35938,0,0,0
"Hengelo","GM0164",2020-11-09,41,41,40,39,39,26,2020-10-01,15,0,1,2,0,"-",81149,0,1.23230107579884,2.46460215159768
"Kampen","GM0166",2020-11-09,63,62,61,61,60,59,2020-10-01,4,1,2,3,100,"&#x279A;",54429,1.83725587462566,3.67451174925132,5.51176762387698
"Losser","GM0168",2020-11-09,13,13,11,11,11,10,2020-10-01,3,0,2,2,200,"&#x279A;",22850,0,8.7527352297593,8.7527352297593
"Noordoostpolder","GM0171",2020-11-09,20,20,20,20,19,17,2020-10-01,3,0,0,1,-100,"&#x2798;",47514,0,0,2.10464284210969
"Oldenzaal","GM0173",2020-11-09,17,17,16,16,16,15,2020-10-01,2,0,1,1,100,"&#x279A;",31771,0,3.14752447200277,3.14752447200277
"Ommen","GM0175",2020-11-09,9,9,9,9,9,9,2020-10-01,0,0,0,0,0,"-",18204,0,0,0
"Raalte","GM0177",2020-11-09,26,26,26,25,25,24,2020-10-01,2,0,0,1,-100,"&#x2798;",37817,0,0,2.64431340402464
"Staphorst","GM0180",2020-11-09,10,10,9,8,8,8,2020-10-01,2,0,1,2,0,"-",17235,0,5.8021467943139,11.6042935886278
"Tubbergen","GM0183",2020-11-09,12,12,12,12,12,12,2020-10-01,0,0,0,0,0,"-",21282,0,0,0
"Urk","GM0184",2020-11-09,26,26,24,24,23,23,2020-10-01,3,0,2,3,100,"&#x279A;",21161,0,9.45134918009546,14.1770237701432
"Wierden","GM0189",2020-11-09,8,8,7,7,7,7,2020-10-01,1,0,1,1,100,"&#x279A;",24517,0,4.07880246359669,4.07880246359669
"Zwolle","GM0193",2020-11-09,56,56,55,54,54,53,2020-10-01,3,0,1,2,0,"-",129465,0,0.772409531533619,1.54481906306724
"Aalten","GM0197",2020-11-09,13,13,13,13,13,9,2020-10-01,4,0,0,0,0,"-",27110,0,0,0
"Apeldoorn","GM0200",2020-11-09,123,123,118,117,113,101,2020-10-01,22,0,5,10,0,"-",164513,0,3.03927349206446,6.07854698412891
"Arnhem","GM0202",2020-11-09,106,106,99,99,88,73,2020-10-01,33,0,7,18,-36.3636363636364,"&#x2798;",162219,0,4.31515420511777,11.09611081316
"Barneveld","GM0203",2020-11-09,26,25,25,25,24,18,2020-10-01,8,1,1,2,0,"-",59777,1.67288421968316,1.67288421968316,3.34576843936631
"Beuningen","GM0209",2020-11-09,22,22,20,20,20,19,2020-10-01,3,0,2,2,200,"&#x279A;",26169,0,7.64263059345027,7.64263059345027
"Brummen","GM0213",2020-11-09,21,21,19,19,19,18,2020-10-01,3,0,2,2,200,"&#x279A;",20870,0,9.5831336847149,9.5831336847149
"Buren","GM0214",2020-11-09,23,23,23,23,23,17,2020-10-01,6,0,0,0,0,"-",27020,0,0,0
"Culemborg","GM0216",2020-11-09,29,29,28,28,27,24,2020-10-01,5,0,1,2,0,"-",29044,0,3.44305192122297,6.88610384244594
"Doesburg","GM0221",2020-11-09,11,11,11,11,11,9,2020-10-01,2,0,0,0,0,"-",11010,0,0,0
"Doetinchem","GM0222",2020-11-09,36,36,34,34,32,27,2020-10-01,9,0,2,4,0,"-",58150,0,3.43938091143594,6.87876182287188
"Druten","GM0225",2020-11-09,29,29,28,28,28,25,2020-10-01,4,0,1,1,100,"&#x279A;",18964,0,5.27314912465725,5.27314912465725
"Duiven","GM0226",2020-11-09,18,18,17,17,16,14,2020-10-01,4,0,1,2,0,"-",25102,0,3.98374631503466,7.96749263006932
"Ede","GM0228",2020-11-09,78,78,77,75,72,58,2020-10-01,20,0,1,6,-80,"&#x2798;",118380,0,0.844737286703835,5.06842372022301
"Elburg","GM0230",2020-11-09,29,29,29,29,28,28,2020-10-01,1,0,0,1,-100,"&#x2798;",23370,0,0,4.27899015832264
"Epe","GM0232",2020-11-09,53,53,53,53,52,49,2020-10-01,4,0,0,1,-100,"&#x2798;",33168,0,0,3.01495417269658
"Ermelo","GM0233",2020-11-09,33,33,33,33,33,33,2020-10-01,0,0,0,0,0,"-",27010,0,0,0
"Harderwijk","GM0243",2020-11-09,50,50,47,47,47,44,2020-10-01,6,0,3,3,300,"&#x279A;",48701,0,6.16003778156506,6.16003778156506
"Hattem","GM0244",2020-11-09,18,18,18,18,18,18,2020-10-01,0,0,0,0,0,"-",12214,0,0,0
"Heerde","GM0246",2020-11-09,55,55,55,55,55,55,2020-10-01,0,0,0,0,0,"-",18715,0,0,0
"Heumen","GM0252",2020-11-09,19,19,19,19,19,18,2020-10-01,1,0,0,0,0,"-",16562,0,0,0
"Lochem","GM0262",2020-11-09,19,19,19,18,17,16,2020-10-01,3,0,0,2,-100,"&#x2798;",33847,0,0,5.90894318551127
"Maasdriel","GM0263",2020-11-09,25,25,20,20,17,15,2020-10-01,10,0,5,8,66.6666666666667,"&#x279A;",25444,0,19.6509982707122,31.4415972331394
"Nijkerk","GM0267",2020-11-09,30,30,28,27,26,22,2020-10-01,8,0,2,4,0,"-",43507,0,4.59696140850898,9.19392281701795
"Nijmegen","GM0268",2020-11-09,187,186,180,180,172,142,2020-10-01,45,1,7,15,-12.5,"&#x2798;",177525,0.56330094352908,3.94310660470356,8.44951415293621
"Oldebroek","GM0269",2020-11-09,40,40,40,40,40,40,2020-10-01,0,0,0,0,0,"-",23713,0,0,0
"Putten","GM0273",2020-11-09,12,12,12,12,11,10,2020-10-01,2,0,0,1,-100,"&#x2798;",24337,0,0,4.10896988125077
"Renkum","GM0274",2020-11-09,19,19,17,17,17,14,2020-10-01,5,0,2,2,200,"&#x279A;",31432,0,6.3629422244846,6.3629422244846
"Rheden","GM0275",2020-11-09,37,37,35,35,35,34,2020-10-01,3,0,2,2,200,"&#x279A;",43655,0,4.58137670369946,4.58137670369946
"Rozendaal","GM0277",2020-11-09,1,1,1,1,1,1,2020-10-01,0,0,0,0,0,"-",1709,0,0,0
"Scherpenzeel","GM0279",2020-11-09,5,5,5,5,5,4,2020-10-01,1,0,0,0,0,"-",10054,0,0,0
"Tiel","GM0281",2020-11-09,53,53,48,48,48,43,2020-10-01,10,0,5,5,500,"&#x279A;",41984,0,11.9092987804878,11.9092987804878
"Voorst","GM0285",2020-11-09,18,18,18,18,18,17,2020-10-01,1,0,0,0,0,"-",24717,0,0,0
"Wageningen","GM0289",2020-11-09,26,26,26,26,23,21,2020-10-01,5,0,0,3,-100,"&#x2798;",39600,0,0,7.57575757575758
"Westervoort","GM0293",2020-11-09,12,12,12,12,12,12,2020-10-01,0,0,0,0,0,"-",15023,0,0,0
"Winterswijk","GM0294",2020-11-09,9,9,9,9,9,7,2020-10-01,2,0,0,0,0,"-",28912,0,0,0
"Wijchen","GM0296",2020-11-09,55,55,54,54,50,44,2020-10-01,11,0,1,5,-75,"&#x2798;",41213,0,2.42641884842161,12.1320942421081
"Zaltbommel","GM0297",2020-11-09,24,24,23,23,23,21,2020-10-01,3,0,1,1,100,"&#x279A;",29355,0,3.40657468915006,3.40657468915006
"Zevenaar","GM0299",2020-11-09,59,59,58,58,54,48,2020-10-01,11,0,1,5,-75,"&#x2798;",44058,0,2.26973534885832,11.3486767442916
"Zutphen","GM0301",2020-11-09,35,35,35,34,34,31,2020-10-01,4,0,0,1,-100,"&#x2798;",48159,0,0,2.07645507589443
"Nunspeet","GM0302",2020-11-09,61,61,62,62,61,55,2020-10-01,6,0,-1,0,-200,"&#x2798;",27972,0,-3.57500357500358,0
"Dronten","GM0303",2020-11-09,40,40,40,40,39,31,2020-10-01,9,0,0,1,-100,"&#x2798;",41837,0,0,2.39022874489089
"Amersfoort","GM0307",2020-11-09,106,105,99,99,91,78,2020-10-01,28,1,7,15,-12.5,"&#x2798;",157691,0.634151600281563,4.43906120197094,9.51227400422345
"Baarn","GM0308",2020-11-09,18,18,17,17,15,12,2020-10-01,6,0,1,3,-50,"&#x2798;",24864,0,4.02187902187902,12.0656370656371
"De Bilt","GM0310",2020-11-09,35,35,35,35,33,29,2020-10-01,6,0,0,2,-100,"&#x2798;",43328,0,0,4.61595273264402
"Bunnik","GM0312",2020-11-09,12,12,12,12,12,10,2020-10-01,2,0,0,0,0,"-",15344,0,0,0
"Bunschoten","GM0313",2020-11-09,19,19,18,17,16,12,2020-10-01,7,0,1,3,-50,"&#x2798;",22001,0,4.54524794327531,13.6357438298259
"Eemnes","GM0317",2020-11-09,3,3,3,3,2,2,2020-10-01,1,0,0,1,-100,"&#x2798;",9350,0,0,10.6951871657754
"Houten","GM0321",2020-11-09,37,37,35,34,33,27,2020-10-01,10,0,2,4,0,"-",50268,0,3.97867430572133,7.95734861144267
"Leusden","GM0327",2020-11-09,12,12,11,11,11,9,2020-10-01,3,0,1,1,100,"&#x279A;",30486,0,3.2801941874959,3.2801941874959
"Lopik","GM0331",2020-11-09,25,25,25,25,22,20,2020-10-01,5,0,0,3,-100,"&#x2798;",14441,0,0,20.7741846132539
"Montfoort","GM0335",2020-11-09,16,16,16,16,15,15,2020-10-01,1,0,0,1,-100,"&#x2798;",13887,0,0,7.20097933318931
"Renswoude","GM0339",2020-11-09,5,5,5,5,5,5,2020-10-01,0,0,0,0,0,"-",5530,0,0,0
"Rhenen","GM0340",2020-11-09,14,13,13,13,13,11,2020-10-01,3,1,1,1,100,"&#x279A;",20129,4.96795667941775,4.96795667941775,4.96795667941775
"Soest","GM0342",2020-11-09,40,39,37,37,33,24,2020-10-01,16,1,3,7,-25,"&#x2798;",46883,2.13296930657168,6.39890791971504,14.9307851460017
"Utrecht","GM0344",2020-11-09,393,390,371,368,350,301,2020-10-01,92,3,22,43,4.76190476190477,"-",359374,0.834784931575462,6.12175616488672,11.965250685915
"Veenendaal","GM0345",2020-11-09,63,63,60,59,56,49,2020-10-06,14,0,3,7,-25,"&#x2798;",66922,0,4.48283075819611,10.4599384357909
"Woudenberg","GM0351",2020-11-09,10,10,9,9,9,9,2020-10-06,1,0,1,1,100,"&#x279A;",13579,0,7.36431254142426,7.36431254142426
"Wijk bij Duurstede","GM0352",2020-11-09,12,12,12,12,13,10,2020-10-01,2,0,0,-1,0,"-",23910,0,0,-4.18235048097031
"IJsselstein","GM0353",2020-11-09,48,48,44,44,42,36,2020-10-01,12,0,4,6,100,"&#x279A;",33874,0,11.8084666706028,17.7127000059042
"Zeist","GM0355",2020-11-09,47,47,45,46,44,38,2020-10-01,9,0,2,3,100,"&#x279A;",64914,0,3.08099947623009,4.62149921434513
"Nieuwegein","GM0356",2020-11-09,60,60,55,54,53,46,2020-10-01,14,0,5,7,150,"&#x279A;",63748,0,7.84338332182971,10.9807366505616
"Aalsmeer","GM0358",2020-11-09,15,14,12,12,11,10,2020-10-01,5,1,3,4,200,"&#x279A;",31927,3.13214520625176,9.39643561875529,12.528580825007
"Alkmaar","GM0361",2020-11-09,71,71,68,68,64,57,2020-10-01,14,0,3,7,-25,"&#x2798;",109782,0,2.73268841886648,6.37627297735512
"Amstelveen","GM0362",2020-11-09,79,79,78,76,74,69,2020-10-01,10,0,1,5,-75,"&#x2798;",91061,0,1.09816496634124,5.49082483170622
"Amsterdam","GM0363",2020-11-09,1086,1086,1054,1049,988,766,2020-10-01,320,0,32,98,-51.5151515151515,"&#x2798;",872445,0,3.66785298786743,11.232799775344
"Beemster","GM0370",2020-11-09,4,4,4,4,4,4,2020-10-01,0,0,0,0,0,"-",10038,0,0,0
"Bergen (NH.)","GM0373",2020-11-09,23,23,22,22,22,20,2020-10-06,3,0,1,1,100,"&#x279A;",29745,0,3.36190956463271,3.36190956463271
"Beverwijk","GM0375",2020-11-09,22,22,20,20,20,15,2020-10-01,7,0,2,2,200,"&#x279A;",41773,0,4.78778158140426,4.78778158140426
"Blaricum","GM0376",2020-11-09,8,8,8,8,8,8,2020-10-01,0,0,0,0,0,"-",11863,0,0,0
"Bloemendaal","GM0377",2020-11-09,10,10,10,10,10,7,2020-10-01,3,0,0,0,0,"-",23568,0,0,0
"Castricum","GM0383",2020-11-09,18,18,18,18,18,15,2020-10-01,3,0,0,0,0,"-",36155,0,0,0
"Diemen","GM0384",2020-11-09,25,25,24,24,24,20,2020-10-01,5,0,1,1,100,"&#x279A;",31312,0,3.19366377107818,3.19366377107818
"Edam-Volendam","GM0385",2020-11-09,48,48,42,42,38,26,2020-10-01,22,0,6,10,50,"&#x279A;",36220,0,16.5654334621756,27.6090557702927
"Enkhuizen","GM0388",2020-11-09,20,20,20,20,20,18,2020-10-01,2,0,0,0,0,"-",18639,0,0,0
"Haarlem","GM0392",2020-11-09,116,116,109,107,104,75,2020-10-01,41,0,7,12,40,"&#x279A;",162807,0,4.29956942883291,7.37069044942785
"Haarlemmermeer","GM0394",2020-11-09,105,105,100,100,94,76,2020-10-01,29,0,5,11,-16.6666666666667,"&#x2798;",157440,0,3.17581300813008,6.98678861788618
"Heemskerk","GM0396",2020-11-09,35,35,35,35,34,31,2020-10-01,4,0,0,1,-100,"&#x2798;",39266,0,0,2.54673254214842
"Heemstede","GM0397",2020-11-09,17,17,17,17,15,13,2020-10-01,4,0,0,2,-100,"&#x2798;",27459,0,0,7.28358643796205
"Heerhugowaard","GM0398",2020-11-09,32,32,30,30,29,27,2020-10-01,5,0,2,3,100,"&#x279A;",58139,0,3.44003164829116,5.16004747243675
"Heiloo","GM0399",2020-11-09,13,13,12,12,12,11,2020-10-01,2,0,1,1,100,"&#x279A;",24121,0,4.14576510094938,4.14576510094938
"Den Helder","GM0400",2020-11-09,17,17,17,17,15,13,2020-10-01,4,0,0,2,-100,"&#x2798;",56432,0,0,3.54408846044797
"Hilversum","GM0402",2020-11-09,46,45,42,42,39,37,2020-10-01,9,1,4,7,33.3333333333333,"&#x279A;",91290,1.09541023113156,4.38164092452624,7.66787161792091
"Hoorn","GM0405",2020-11-09,42,41,40,40,39,36,2020-10-01,6,1,2,3,100,"&#x279A;",73507,1.36041465438666,2.72082930877331,4.08124396315997
"Huizen","GM0406",2020-11-09,32,31,31,31,28,23,2020-10-01,9,1,1,4,-66.6666666666667,"&#x2798;",41139,2.4307834415032,2.4307834415032,9.72313376601279
"Landsmeer","GM0415",2020-11-09,6,6,5,5,5,3,2020-10-01,3,0,1,1,100,"&#x279A;",11582,0,8.63408737696425,8.63408737696425
"Langedijk","GM0416",2020-11-09,21,21,21,21,21,17,2020-10-01,4,0,0,0,0,"-",28288,0,0,0
"Laren","GM0417",2020-11-09,10,10,10,10,10,8,2020-10-01,2,0,0,0,0,"-",11379,0,0,0
"Medemblik","GM0420",2020-11-09,22,22,20,20,19,19,2020-10-01,3,0,2,3,100,"&#x279A;",45105,0,4.43409821527547,6.6511473229132
"Oostzaan","GM0431",2020-11-09,13,12,12,12,12,12,2020-10-01,1,1,1,1,100,"&#x279A;",9667,10.3444708803145,10.3444708803145,10.3444708803145
"Opmeer","GM0432",2020-11-09,1,1,1,1,1,1,2020-10-01,0,0,0,0,0,"-",11987,0,0,0
"Ouder-Amstel","GM0437",2020-11-09,8,8,8,8,8,6,2020-10-01,2,0,0,0,0,"-",14116,0,0,0
"Purmerend","GM0439",2020-11-09,90,90,88,88,83,73,2020-10-01,17,0,2,7,-60,"&#x2798;",81768,0,2.44594462381372,8.56080618334801
"Schagen","GM0441",2020-11-09,22,21,21,21,20,19,2020-10-01,3,1,1,2,0,"-",46474,2.15174075827344,2.15174075827344,4.30348151654689
"Texel","GM0448",2020-11-09,6,6,6,6,6,5,2020-10-01,1,0,0,0,0,"-",13637,0,0,0
"Uitgeest","GM0450",2020-11-09,7,7,7,7,7,5,2020-10-01,2,0,0,0,0,"-",13647,0,0,0
"Uithoorn","GM0451",2020-11-09,22,21,21,21,21,18,2020-10-01,4,1,1,1,100,"&#x279A;",30003,3.33300003333,3.33300003333,3.33300003333
"Velsen","GM0453",2020-11-09,50,50,50,50,46,34,2020-10-01,16,0,0,4,-100,"&#x2798;",68757,0,0,5.81758948179822
"Weesp","GM0457",2020-11-09,11,11,10,10,10,9,2020-10-01,2,0,1,1,100,"&#x279A;",20425,0,4.89596083231334,4.89596083231334
"Zandvoort","GM0473",2020-11-09,15,15,15,15,12,11,2020-10-01,4,0,0,3,-100,"&#x2798;",17105,0,0,17.5387313650979
"Zaanstad","GM0479",2020-11-09,176,176,162,161,154,133,2020-10-01,43,0,14,22,75,"&#x279A;",157073,0,8.91305316636214,14.0062264042834
"Alblasserdam","GM0482",2020-11-09,11,11,11,11,11,11,2020-10-01,0,0,0,0,0,"-",20262,0,0,0
"Alphen aan den Rijn","GM0484",2020-11-09,92,92,89,89,84,68,2020-10-01,24,0,3,8,-40,"&#x2798;",112473,0,2.66730682030354,7.1128181874761
"Barendrecht","GM0489",2020-11-09,56,55,51,51,49,40,2020-10-01,16,1,5,7,150,"&#x279A;",48657,2.05520274575087,10.2760137287543,14.3864192202561
"Drechterland","GM0498",2020-11-09,7,7,6,6,6,5,2020-10-01,2,0,1,1,100,"&#x279A;",19801,0,5.05024998737438,5.05024998737438
"Brielle","GM0501",2020-11-09,18,18,17,17,16,12,2020-10-01,6,0,1,2,0,"-",17379,0,5.7540710052362,11.5081420104724
"Capelle aan den IJssel","GM0502",2020-11-09,79,79,73,73,68,58,2020-10-01,21,0,6,11,20,"&#x279A;",67182,0,8.93096365097794,16.3734333601262
"Delft","GM0503",2020-11-09,54,54,50,48,47,41,2020-10-01,13,0,4,7,33.3333333333333,"&#x279A;",103688,0,3.85772702723555,6.75102229766222
"Dordrecht","GM0505",2020-11-09,98,98,97,97,97,96,2020-10-01,2,0,1,1,100,"&#x279A;",119246,0,0.83860255270617,0.83860255270617
"Gorinchem","GM0512",2020-11-09,20,20,20,20,19,19,2020-10-01,1,0,0,1,-100,"&#x2798;",37461,0,0,2.66944288726943
"Gouda","GM0513",2020-11-09,79,79,74,73,64,48,2020-10-01,31,0,5,15,-50,"&#x2798;",73623,0,6.7913559621314,20.3740678863942
"'s-Gravenhage","GM0518",2020-11-09,676,676,629,617,568,441,2020-10-01,235,0,47,108,-22.9508196721311,"&#x2798;",548165,0,8.57406072988972,19.7020969963423
"Hardinxveld-Giessendam","GM0523",2020-11-09,2,2,2,2,2,2,2020-10-01,0,0,0,0,0,"-",18404,0,0,0
"Hellevoetsluis","GM0530",2020-11-09,20,20,21,21,21,16,2020-10-01,4,0,-1,-1,-100,"&#x2798;",40229,0,-2.48576897263168,-2.48576897263168
"Hendrik-Ido-Ambacht","GM0531",2020-11-09,13,13,13,13,13,12,2020-10-01,1,0,0,0,0,"-",31274,0,0,0
"Stede Broec","GM0532",2020-11-09,20,20,19,19,19,18,2020-10-01,2,0,1,1,100,"&#x279A;",21745,0,4.59875833524948,4.59875833524948
"Hillegom","GM0534",2020-11-09,9,9,8,8,8,8,2020-10-01,1,0,1,1,100,"&#x279A;",22230,0,4.49842555105713,4.49842555105713
"Katwijk","GM0537",2020-11-09,52,52,47,46,43,33,2020-10-01,19,0,5,9,25,"&#x279A;",65988,0,7.57713523670971,13.6388434260775
"Krimpen aan den IJssel","GM0542",2020-11-09,22,22,18,18,18,12,2020-10-01,10,0,4,4,400,"&#x279A;",29453,0,13.5809594947883,13.5809594947883
"Leiden","GM0546",2020-11-09,66,66,64,64,59,46,2020-10-01,20,0,2,7,-60,"&#x2798;",123823,0,1.61520880611841,5.65323082141444
"Leiderdorp","GM0547",2020-11-09,27,27,25,25,23,15,2020-10-01,12,0,2,4,0,"-",27339,0,7.31555653096309,14.6311130619262
"Lisse","GM0553",2020-11-09,11,11,11,11,11,8,2020-10-01,3,0,0,0,0,"-",23000,0,0,0
"Maassluis","GM0556",2020-11-09,35,35,32,32,30,23,2020-10-01,12,0,3,5,50,"&#x279A;",33476,0,8.96164416298243,14.9360736049707
"Nieuwkoop","GM0569",2020-11-09,15,14,14,14,13,9,2020-10-01,6,1,1,2,0,"-",29080,3.43878954607978,3.43878954607978,6.87757909215956
"Noordwijk","GM0575",2020-11-09,36,36,32,32,29,20,2020-10-01,16,0,4,7,33.3333333333333,"&#x279A;",43864,0,9.11909538573773,15.958416925041
"Oegstgeest","GM0579",2020-11-09,14,14,11,11,11,8,2020-10-01,6,0,3,3,300,"&#x279A;",25027,0,11.9870539816998,11.9870539816998
"Oudewater","GM0589",2020-11-09,31,31,30,30,30,26,2020-10-01,5,0,1,1,100,"&#x279A;",10169,0,9.83380863408398,9.83380863408398
"Papendrecht","GM0590",2020-11-09,9,9,9,9,9,9,2020-10-01,0,0,0,0,0,"-",32119,0,0,0
"Ridderkerk","GM0597",2020-11-09,50,50,47,47,44,40,2020-10-01,10,0,3,6,0,"-",46638,0,6.43252283545607,12.8650456709121
"Rotterdam","GM0599",2020-11-09,936,927,864,850,798,649,2020-10-01,287,9,72,138,9.09090909090908,"&#x279A;",651524,1.38137658781564,11.0510127025252,21.1811076798399
"Rijswijk","GM0603",2020-11-09,64,64,62,62,60,43,2020-10-01,21,0,2,4,0,"-",55096,0,3.63002758820967,7.26005517641934
"Schiedam","GM0606",2020-11-09,92,92,79,79,74,63,2020-10-01,29,0,13,18,160,"&#x279A;",79244,0,16.4050275099692,22.714653475342
"Sliedrecht","GM0610",2020-11-09,10,10,10,10,9,9,2020-10-01,1,0,0,1,-100,"&#x2798;",25472,0,0,3.92587939698492
"Albrandswaard","GM0613",2020-11-09,21,20,19,18,17,15,2020-10-01,6,1,2,4,0,"-",25853,3.8680230534174,7.7360461068348,15.4720922136696
"Westvoorne","GM0614",2020-11-09,8,8,6,6,6,6,2020-10-01,2,0,2,2,200,"&#x279A;",14898,0,13.4246207544637,13.4246207544637
"Vlaardingen","GM0622",2020-11-09,69,69,62,62,57,47,2020-10-01,22,0,7,12,40,"&#x279A;",73823,0,9.48213971255571,16.2550966500955
"Voorschoten","GM0626",2020-11-09,12,12,11,11,11,9,2020-10-01,3,0,1,1,100,"&#x279A;",25603,0,3.90579228996602,3.90579228996602
"Waddinxveen","GM0627",2020-11-09,31,31,27,27,26,19,2020-10-01,12,0,4,5,300,"&#x279A;",30050,0,13.3111480865225,16.6389351081531
"Wassenaar","GM0629",2020-11-09,11,11,11,11,10,10,2020-10-01,1,0,0,1,-100,"&#x2798;",26681,0,0,3.74798545781642
"Woerden","GM0632",2020-11-09,66,66,64,64,62,53,2020-10-01,13,0,2,4,0,"-",52644,0,3.79910341159486,7.59820682318973
"Zoetermeer","GM0637",2020-11-09,74,74,71,70,67,59,2020-10-01,15,0,3,7,-25,"&#x2798;",125395,0,2.39243988994777,5.58235974321145
"Zoeterwoude","GM0638",2020-11-09,4,4,4,4,4,3,2020-10-01,1,0,0,0,0,"-",8790,0,0,0
"Zwijndrecht","GM0642",2020-11-09,30,30,30,30,29,27,2020-10-01,3,0,0,1,-100,"&#x2798;",44683,0,0,2.23798760154869
"Borsele","GM0654",2020-11-09,5,5,5,5,5,5,2020-10-01,0,0,0,0,0,"-",22773,0,0,0
"Goes","GM0664",2020-11-09,15,15,15,15,14,12,2020-10-01,3,0,0,1,-100,"&#x2798;",38539,0,0,2.59477412491243
"West Maas en Waal","GM0668",2020-11-09,24,24,24,24,23,21,2020-10-01,3,0,0,1,-100,"&#x2798;",19490,0,0,5.13083632632119
"Hulst","GM0677",2020-11-09,14,14,13,13,11,9,2020-10-01,5,0,1,3,-50,"&#x2798;",27596,0,3.6237135816785,10.8711407450355
"Kapelle","GM0678",2020-11-09,3,3,3,3,3,3,2020-10-01,0,0,0,0,0,"-",12847,0,0,0
"Middelburg","GM0687",2020-11-09,22,22,21,21,21,19,2020-10-01,3,0,1,1,100,"&#x279A;",48919,0,2.04419550685828,2.04419550685828
"Reimerswaal","GM0703",2020-11-09,6,6,6,6,6,5,2020-10-01,1,0,0,0,0,"-",22915,0,0,0
"Terneuzen","GM0715",2020-11-09,28,28,26,25,25,25,2020-10-01,3,0,2,3,100,"&#x279A;",54421,0,3.67505191010823,5.51257786516235
"Tholen","GM0716",2020-11-09,46,46,45,45,43,40,2020-10-01,6,0,1,3,-50,"&#x2798;",25962,0,3.85178337570295,11.5553501271089
"Veere","GM0717",2020-11-09,8,8,8,8,8,6,2020-10-01,2,0,0,0,0,"-",22002,0,0,0
"Vlissingen","GM0718",2020-11-09,13,13,12,12,10,9,2020-10-01,4,0,1,3,-50,"&#x2798;",44245,0,2.26014238897051,6.78042716691152
"De Ronde Venen","GM0736",2020-11-09,60,59,54,53,47,40,2020-10-01,20,1,6,13,-14.2857142857143,"&#x2798;",44619,2.24119769604877,13.4471861762926,29.135570048634
"Tytsjerksteradiel","GM0737",2020-11-09,7,7,7,7,7,5,2020-10-01,2,0,0,0,0,"-",32059,0,0,0
"Asten","GM0743",2020-11-09,19,19,18,18,18,18,2020-10-01,1,0,1,1,100,"&#x279A;",16746,0,5.97157530156455,5.97157530156455
"Baarle-Nassau","GM0744",2020-11-09,10,10,9,9,9,9,2020-10-01,1,0,1,1,100,"&#x279A;",6917,0,14.4571345959231,14.4571345959231
"Bergen op Zoom","GM0748",2020-11-09,52,52,48,47,45,30,2020-10-01,22,0,4,7,33.3333333333333,"&#x279A;",67670,0,5.91103886508054,10.3443180138909
"Best","GM0753",2020-11-09,35,35,35,35,35,31,2020-10-01,4,0,0,0,0,"-",30106,0,0,0
"Boekel","GM0755",2020-11-09,36,36,36,36,36,34,2020-10-01,2,0,0,0,0,"-",10912,0,0,0
"Boxmeer","GM0756",2020-11-09,23,23,23,23,20,20,2020-10-01,3,0,0,3,-100,"&#x2798;",29549,0,0,10.1526278385055
"Boxtel","GM0757",2020-11-09,25,25,24,24,24,24,2020-10-01,1,0,1,1,100,"&#x279A;",30851,0,3.24138601666072,3.24138601666072
"Breda","GM0758",2020-11-09,190,189,184,184,176,151,2020-10-01,39,1,6,14,-25,"&#x2798;",184306,0.542575933501894,3.25545560101136,7.59606306902651
"Deurne","GM0762",2020-11-09,59,59,58,58,58,56,2020-10-01,3,0,1,1,100,"&#x279A;",32459,0,3.08080963677254,3.08080963677254
"Pekela","GM0765",2020-11-09,7,7,6,6,5,4,2020-10-01,3,0,1,2,0,"-",12155,0,8.22706705059646,16.4541341011929
"Dongen","GM0766",2020-11-09,31,31,30,30,24,20,2020-10-01,11,0,1,7,-83.3333333333333,"&#x2798;",26332,0,3.79766064104512,26.5836244873158
"Eersel","GM0770",2020-11-09,33,33,32,32,29,27,2020-10-01,6,0,1,4,-66.6666666666667,"&#x2798;",19469,0,5.13637064050542,20.5454825620217
"Eindhoven","GM0772",2020-11-09,216,216,210,210,208,185,2020-10-01,31,0,6,8,200,"&#x279A;",235465,0,2.54814940649353,3.39753254199138
"Etten-Leur","GM0777",2020-11-09,53,53,51,51,48,43,2020-10-01,10,0,2,5,-33.3333333333333,"&#x2798;",43936,0,4.55207574654042,11.3801893663511
"Geertruidenberg","GM0779",2020-11-09,17,17,17,17,14,12,2020-10-01,5,0,0,3,-100,"&#x2798;",21749,0,0,13.79373764311
"Gilze en Rijen","GM0784",2020-11-09,25,25,25,24,21,20,2020-10-01,5,0,0,4,-100,"&#x2798;",26800,0,0,14.9253731343284
"Goirle","GM0785",2020-11-09,35,35,35,35,33,32,2020-10-01,3,0,0,2,-100,"&#x2798;",23839,0,0,8.38961365829104
"Grave","GM0786",2020-11-09,27,27,25,24,21,21,2020-10-01,6,0,2,6,-50,"&#x2798;",12456,0,16.0565189466924,48.1695568400771
"Haaren","GM0788",2020-11-09,20,20,20,20,20,19,2020-10-01,1,0,0,0,0,"-",14333,0,0,0
"Helmond","GM0794",2020-11-09,130,130,124,124,124,118,2020-10-01,12,0,6,6,600,"&#x279A;",92475,0,6.4882400648824,6.4882400648824
"'s-Hertogenbosch","GM0796",2020-11-09,156,154,153,153,149,134,2020-10-01,22,2,3,7,-25,"&#x2798;",155586,1.28546270229969,1.92819405344954,4.49911945804893
"Heusden","GM0797",2020-11-09,53,53,51,50,49,45,2020-10-01,8,0,2,4,0,"-",44956,0,4.44879437672391,8.89758875344782
"Hilvarenbeek","GM0798",2020-11-09,16,16,15,15,12,10,2020-10-01,6,0,1,4,-66.6666666666667,"&#x2798;",15644,0,6.39222705190488,25.5689082076195
"Loon op Zand","GM0809",2020-11-09,32,31,30,30,29,27,2020-10-01,5,1,2,3,100,"&#x279A;",23447,4.2649379451529,8.5298758903058,12.7948138354587
"Mill en Sint Hubert","GM0815",2020-11-09,13,13,9,9,9,9,2020-10-01,4,0,4,4,400,"&#x279A;",10990,0,36.3967242948135,36.3967242948135
"Nuenen, Gerwen en Nederwetten","GM0820",2020-11-09,20,20,20,20,19,18,2020-10-01,2,0,0,1,-100,"&#x2798;",23629,0,0,4.23208768885691
"Oirschot","GM0823",2020-11-09,17,17,17,17,17,13,2020-10-01,4,0,0,0,0,"-",18836,0,0,0
"Oisterwijk","GM0824",2020-11-09,29,29,28,27,27,24,2020-10-01,5,0,1,2,0,"-",26427,0,3.78400877890037,7.56801755780073
"Oosterhout","GM0826",2020-11-09,53,53,53,52,52,50,2020-10-01,3,0,0,1,-100,"&#x2798;",56191,0,0,1.77964442704348
"Oss","GM0828",2020-11-09,185,185,178,177,175,168,2020-10-01,17,0,7,10,133.333333333333,"&#x279A;",92356,0,7.57936679804236,10.8276668543462
"Rucphen","GM0840",2020-11-09,18,18,16,16,14,10,2020-10-01,8,0,2,4,0,"-",23043,0,8.67942542203706,17.3588508440741
"Sint-Michielsgestel","GM0845",2020-11-09,38,38,37,37,37,36,2020-10-01,2,0,1,1,100,"&#x279A;",29478,0,3.39236040436936,3.39236040436936
"Someren","GM0847",2020-11-09,34,34,34,34,34,33,2020-10-01,1,0,0,0,0,"-",19325,0,0,0
"Son en Breugel","GM0848",2020-11-09,32,32,31,31,31,31,2020-10-01,1,0,1,1,100,"&#x279A;",17504,0,5.71297989031079,5.71297989031079
"Steenbergen","GM0851",2020-11-09,18,18,18,18,18,13,2020-10-01,5,0,0,0,0,"-",24353,0,0,0
"Waterland","GM0852",2020-11-09,23,23,22,21,20,16,2020-10-01,7,0,1,3,-50,"&#x2798;",17374,0,5.75572694831357,17.2671808449407
"Tilburg","GM0855",2020-11-09,286,286,279,278,268,257,2020-10-01,29,0,7,18,-36.3636363636364,"&#x2798;",220589,0,3.17332233248258,8.15997171209806
"Uden","GM0856",2020-11-09,116,116,116,116,115,115,2020-10-01,1,0,0,1,-100,"&#x2798;",42195,0,0,2.36994904609551
"Valkenswaard","GM0858",2020-11-09,23,23,23,23,23,19,2020-10-01,4,0,0,0,0,"-",31253,0,0,0
"Veldhoven","GM0861",2020-11-09,40,40,38,38,37,31,2020-10-01,9,0,2,3,100,"&#x279A;",45662,0,4.3800096360212,6.5700144540318
"Vught","GM0865",2020-11-09,43,43,43,43,43,43,2020-10-01,0,0,0,0,0,"-",26794,0,0,0
"Waalre","GM0866",2020-11-09,8,8,8,8,8,7,2020-10-01,1,0,0,0,0,"-",17552,0,0,0
"Waalwijk","GM0867",2020-11-09,48,48,46,45,43,39,2020-10-01,9,0,2,5,-33.3333333333333,"&#x2798;",48895,0,4.09039779118519,10.225994477963
"Woensdrecht","GM0873",2020-11-09,10,10,10,10,9,6,2020-10-01,4,0,0,1,-100,"&#x2798;",21936,0,0,4.55871626549964
"Zundert","GM0879",2020-11-09,27,27,27,27,24,24,2020-10-01,3,0,0,3,-100,"&#x2798;",22002,0,0,13.6351240796291
"Wormerland","GM0880",2020-11-09,22,22,21,21,21,20,2020-10-01,2,0,1,1,100,"&#x279A;",16245,0,6.15574022776239,6.15574022776239
"Landgraaf","GM0882",2020-11-09,55,55,55,55,54,52,2020-10-01,3,0,0,1,-100,"&#x2798;",37277,0,0,2.68261930949379
"Beek","GM0888",2020-11-09,18,18,18,18,17,16,2020-10-03,2,0,0,1,-100,"&#x2798;",15929,0,0,6.27785799485216
"Beesel","GM0889",2020-11-09,21,21,20,20,20,20,2020-10-01,1,0,1,1,100,"&#x279A;",13431,0,7.44546199091654,7.44546199091654
"Bergen (L.)","GM0893",2020-11-09,10,10,10,10,9,7,2020-10-01,3,0,0,1,-100,"&#x2798;",13105,0,0,7.63067531476536
"Brunssum","GM0899",2020-11-09,50,50,50,50,50,46,2020-10-01,4,0,0,0,0,"-",27698,0,0,0
"Gennep","GM0907",2020-11-09,18,18,17,17,17,17,2020-10-01,1,0,1,1,100,"&#x279A;",16962,0,5.89553118735998,5.89553118735998
"Heerlen","GM0917",2020-11-09,132,132,131,131,130,126,2020-10-01,6,0,1,2,0,"-",86825,0,1.15174200978981,2.30348401957961
"Kerkrade","GM0928",2020-11-09,74,73,71,70,68,64,2020-10-01,10,1,3,6,0,"-",45513,2.19717443367829,6.59152330103487,13.1830466020697
"Maastricht","GM0935",2020-11-09,204,203,200,200,198,192,2020-10-01,12,1,4,6,100,"&#x279A;",120332,0.831034138882425,3.3241365555297,4.98620483329455
"Meerssen","GM0938",2020-11-09,23,23,23,23,23,22,2020-10-01,1,0,0,0,0,"-",18717,0,0,0
"Mook en Middelaar","GM0944",2020-11-09,8,8,8,8,7,7,2020-10-01,1,0,0,1,-100,"&#x2798;",7896,0,0,12.6646403242148
"Nederweert","GM0946",2020-11-09,34,34,34,34,33,31,2020-10-01,3,0,0,1,-100,"&#x2798;",17156,0,0,5.82886453718816
"Roermond","GM0957",2020-11-09,65,65,65,65,65,61,2020-10-01,4,0,0,0,0,"-",58748,0,0,0
"Simpelveld","GM0965",2020-11-09,19,19,19,19,19,19,2020-10-01,0,0,0,0,0,"-",10517,0,0,0
"Stein","GM0971",2020-11-09,49,49,49,49,46,44,2020-10-01,5,0,0,3,-100,"&#x2798;",24904,0,0,12.0462576292965
"Vaals","GM0981",2020-11-09,10,10,10,10,10,10,2020-10-01,0,0,0,0,0,"-",10017,0,0,0
"Venlo","GM0983",2020-11-09,147,147,144,144,139,134,2020-10-01,13,0,3,8,-40,"&#x2798;",101928,0,2.94325406169061,7.84867749784161
"Venray","GM0984",2020-11-09,43,43,42,42,40,37,2020-10-01,6,0,1,3,-50,"&#x2798;",43715,0,2.28754432117122,6.86263296351367
"Voerendaal","GM0986",2020-11-09,18,18,17,17,17,17,2020-10-01,1,0,1,1,100,"&#x279A;",12485,0,8.00961153384061,8.00961153384061
"Weert","GM0988",2020-11-09,75,75,72,72,70,67,2020-10-01,8,0,3,5,50,"&#x279A;",50053,0,5.99364673446147,9.98941122410245
"Valkenburg aan de Geul","GM0994",2020-11-09,23,23,22,20,20,19,2020-10-01,4,0,1,3,-50,"&#x2798;",16415,0,6.09198903441974,18.2759671032592
"Lelystad","GM0995",2020-11-09,89,88,85,85,81,69,2020-10-01,20,1,4,8,0,"-",79573,1.2567076772272,5.0268307089088,10.0536614178176
"Horst aan de Maas","GM1507",2020-11-09,48,47,46,44,41,41,2020-10-01,7,1,2,7,-60,"&#x2798;",42439,2.35632319328919,4.71264638657838,16.4942623530243
"Oude IJsselstreek","GM1509",2020-11-09,25,25,25,25,24,21,2020-10-01,4,0,0,1,-100,"&#x2798;",39336,0,0,2.54220052877771
"Teylingen","GM1525",2020-11-09,19,19,19,19,18,15,2020-10-01,4,0,0,1,-100,"&#x2798;",37699,0,0,2.65259025438341
"Utrechtse Heuvelrug","GM1581",2020-11-09,33,33,33,33,32,29,2020-10-01,4,0,0,1,-100,"&#x2798;",49928,0,0,2.00288415318058
"Oost Gelre","GM1586",2020-11-09,21,21,21,21,21,18,2020-10-01,3,0,0,0,0,"-",29638,0,0,0
"Koggenland","GM1598",2020-11-09,10,10,9,9,8,7,2020-10-01,3,0,1,2,0,"-",22915,0,4.36395374209033,8.72790748418067
"Lansingerland","GM1621",2020-11-09,54,53,51,51,49,44,2020-10-01,10,1,3,5,50,"&#x279A;",63143,1.58370682419271,4.75112047257812,7.91853412096353
"Leudal","GM1640",2020-11-09,55,55,54,54,54,54,2020-10-01,1,0,1,1,100,"&#x279A;",35979,0,2.7793990939159,2.7793990939159
"Maasgouw","GM1641",2020-11-09,28,28,28,28,28,28,2020-10-01,0,0,0,0,0,"-",23938,0,0,0
"Gemert-Bakel","GM1652",2020-11-09,80,80,79,79,79,79,2020-10-01,1,0,1,1,100,"&#x279A;",30724,0,3.2547845332639,3.2547845332639
"Halderberge","GM1655",2020-11-09,29,29,27,26,23,16,2020-10-01,13,0,2,6,-50,"&#x2798;",30419,0,6.57483809461192,19.7245142838358
"Heeze-Leende","GM1658",2020-11-09,18,18,18,18,18,16,2020-10-01,2,0,0,0,0,"-",16191,0,0,0
"Laarbeek","GM1659",2020-11-09,42,42,42,42,42,41,2020-10-01,1,0,0,0,0,"-",22731,0,0,0
"Reusel-De Mierden","GM1667",2020-11-09,15,15,15,15,15,11,2020-10-01,4,0,0,0,0,"-",13114,0,0,0
"Roerdalen","GM1669",2020-11-09,28,28,27,27,27,27,2020-10-01,1,0,1,1,100,"&#x279A;",20557,0,4.86452303351656,4.86452303351656
"Roosendaal","GM1674",2020-11-09,49,49,46,46,45,34,2020-10-01,15,0,3,4,200,"&#x279A;",77288,0,3.88158575716799,5.17544767622399
"Schouwen-Duiveland","GM1676",2020-11-09,13,13,13,13,12,12,2020-10-01,1,0,0,1,-100,"&#x2798;",33979,0,0,2.94299420230142
"Aa en Hunze","GM1680",2020-11-09,1,1,1,1,1,1,2020-10-01,0,0,0,0,0,"-",25380,0,0,0
"Borger-Odoorn","GM1681",2020-11-09,8,8,8,8,8,4,2020-10-01,4,0,0,0,0,"-",25572,0,0,0
"Cuijk","GM1684",2020-11-09,18,18,18,18,13,12,2020-10-01,6,0,0,5,-100,"&#x2798;",25325,0,0,19.7433366238894
"Landerd","GM1685",2020-11-09,42,42,42,42,42,41,2020-10-01,1,0,0,0,0,"-",15807,0,0,0
"De Wolden","GM1690",2020-11-09,16,16,16,16,14,11,2020-10-01,5,0,0,2,-100,"&#x2798;",24372,0,0,8.20613819136714
"Noord-Beveland","GM1695",2020-11-09,1,1,1,1,1,1,2020-10-01,0,0,0,0,0,"-",7552,0,0,0
"Wijdemeren","GM1696",2020-11-09,14,14,11,11,12,8,2020-10-01,6,0,3,2,300,"&#x279A;",24414,0,12.2880314573605,8.19202097157369
"Noordenveld","GM1699",2020-11-09,7,7,6,6,6,4,2020-10-01,3,0,1,1,100,"&#x279A;",31256,0,3.19938571794215,3.19938571794215
"Twenterand","GM1700",2020-11-09,13,12,12,12,12,12,2020-10-01,1,1,1,1,100,"&#x279A;",33710,2.96647878967665,2.96647878967665,2.96647878967665
"Westerveld","GM1701",2020-11-09,9,9,9,9,9,9,2020-10-01,0,0,0,0,0,"-",19585,0,0,0
"Sint Anthonis","GM1702",2020-11-09,21,21,21,21,21,20,2020-10-01,1,0,0,0,0,"-",11683,0,0,0
"Lingewaard","GM1705",2020-11-09,41,41,38,38,38,34,2020-10-01,7,0,3,3,300,"&#x279A;",46726,0,6.42040833797029,6.42040833797029
"Cranendonck","GM1706",2020-11-09,65,65,63,63,63,63,2020-10-01,2,0,2,2,200,"&#x279A;",20983,0,9.53152552065958,9.53152552065958
"Steenwijkerland","GM1708",2020-11-09,16,16,16,15,15,14,2020-10-01,2,0,0,1,-100,"&#x2798;",44286,0,0,2.25804994806485
"Moerdijk","GM1709",2020-11-09,23,23,21,20,19,16,2020-10-01,7,0,2,4,0,"-",37203,0,5.37591054484853,10.7518210896971
"Echt-Susteren","GM1711",2020-11-09,43,43,43,43,43,40,2020-10-01,3,0,0,0,0,"-",31743,0,0,0
"Sluis","GM1714",2020-11-09,12,12,10,10,9,9,2020-10-01,3,0,2,3,100,"&#x279A;",23166,0,8.6333419666753,12.950012950013
"Drimmelen","GM1719",2020-11-09,22,22,21,21,21,19,2020-10-01,3,0,1,1,100,"&#x279A;",27285,0,3.66501740883269,3.66501740883269
"Bernheze","GM1721",2020-11-09,98,98,98,98,97,95,2020-10-01,3,0,0,1,-100,"&#x2798;",31402,0,0,3.18451054072989
"Alphen-Chaam","GM1723",2020-11-09,18,18,18,18,18,18,2020-10-01,0,0,0,0,0,"-",10322,0,0,0
"Bergeijk","GM1724",2020-11-09,20,20,20,20,20,19,2020-10-01,1,0,0,0,0,"-",18712,0,0,0
"Bladel","GM1728",2020-11-09,24,24,23,23,23,21,2020-10-01,3,0,1,1,100,"&#x279A;",20558,0,4.86428640918377,4.86428640918377
"Gulpen-Wittem","GM1729",2020-11-09,26,26,25,24,24,22,2020-10-01,4,0,1,2,0,"-",14205,0,7.03977472720873,14.0795494544175
"Tynaarlo","GM1730",2020-11-09,11,11,11,11,11,9,2020-10-01,2,0,0,0,0,"-",33858,0,0,0
"Midden-Drenthe","GM1731",2020-11-09,6,6,6,6,6,6,2020-10-01,0,0,0,0,0,"-",33309,0,0,0
"Overbetuwe","GM1734",2020-11-09,63,62,62,62,60,56,2020-10-01,7,1,1,3,-50,"&#x2798;",48085,2.07965061869606,2.07965061869606,6.23895185608818
"Hof van Twente","GM1735",2020-11-09,21,21,20,20,19,15,2020-10-01,6,0,1,2,0,"-",35063,0,2.85200924050994,5.70401848101988
"Neder-Betuwe","GM1740",2020-11-09,44,44,44,44,42,37,2020-10-01,7,0,0,2,-100,"&#x2798;",24560,0,0,8.14332247557003
"Rijssen-Holten","GM1742",2020-11-09,30,30,30,30,30,29,2020-10-01,1,0,0,0,0,"-",38202,0,0,0
"Geldrop-Mierlo","GM1771",2020-11-09,37,37,37,37,36,33,2020-10-01,4,0,0,1,-100,"&#x2798;",40040,0,0,2.4975024975025
"Olst-Wijhe","GM1773",2020-11-09,12,12,12,12,12,12,2020-10-01,0,0,0,0,0,"-",18335,0,0,0
"Dinkelland","GM1774",2020-11-09,22,22,21,21,21,20,2020-10-01,2,0,1,1,100,"&#x279A;",26565,0,3.76435159043855,3.76435159043855
"Westland","GM1783",2020-11-09,79,78,75,75,70,61,2020-10-01,18,1,4,9,-20,"&#x2798;",111307,0.898416092429048,3.59366436971619,8.08574483186143
"Midden-Delfland","GM1842",2020-11-09,9,9,8,8,6,5,2020-10-01,4,0,1,3,-50,"&#x2798;",19389,0,5.15756356697096,15.4726907009129
"Berkelland","GM1859",2020-11-09,22,22,20,19,18,14,2020-10-01,8,0,2,4,0,"-",43834,0,4.56266824839166,9.12533649678332
"Bronckhorst","GM1876",2020-11-09,19,19,18,18,18,17,2020-10-01,2,0,1,1,100,"&#x279A;",36106,0,2.76962277737772,2.76962277737772
"Sittard-Geleen","GM1883",2020-11-09,130,129,128,128,124,119,2020-10-01,11,1,2,6,-50,"&#x2798;",91816,1.08913479132177,2.17826958264355,6.53480874793064
"Kaag en Braassem","GM1884",2020-11-09,9,9,9,9,8,8,2020-10-01,1,0,0,1,-100,"&#x2798;",27555,0,0,3.62910542551261
"Dantumadiel","GM1891",2020-11-09,2,2,2,2,2,2,2020-10-01,0,0,0,0,0,"-",18920,0,0,0
"Zuidplas","GM1892",2020-11-09,38,37,32,32,32,26,2020-10-01,12,1,6,6,600,"&#x279A;",44938,2.22528817481864,13.3517290489118,13.3517290489118
"Peel en Maas","GM1894",2020-11-09,146,146,146,146,145,144,2020-10-01,2,0,0,1,-100,"&#x2798;",43644,0,0,2.29126569517001
"Oldambt","GM1895",2020-11-09,11,11,10,10,10,7,2020-10-01,4,0,1,1,100,"&#x279A;",38258,0,2.61383240106644,2.61383240106644
"Zwartewaterland","GM1896",2020-11-09,35,35,35,35,35,35,2020-10-01,0,0,0,0,0,"-",22770,0,0,0
"Súdwest-Fryslân","GM1900",2020-11-09,23,23,22,22,21,19,2020-10-01,4,0,1,2,0,"-",89924,0,1.11205017570393,2.22410035140786
"Bodegraven-Reeuwijk","GM1901",2020-11-09,17,17,15,15,12,8,2020-10-01,9,0,2,5,-33.3333333333333,"&#x2798;",35205,0,5.68101121999716,14.2025280499929
"Eijsden-Margraten","GM1903",2020-11-09,60,60,59,59,58,54,2020-10-01,6,0,1,2,0,"-",25869,0,3.86563067764506,7.73126135529012
"Stichtse Vecht","GM1904",2020-11-09,56,56,51,52,47,39,2020-10-01,17,0,5,9,25,"&#x279A;",65209,0,7.66765323804996,13.8017758284899
"Hollands Kroon","GM1911",2020-11-09,30,30,26,26,26,26,2020-10-01,4,0,4,4,400,"&#x279A;",48518,0,8.2443629168556,8.2443629168556
"Leidschendam-Voorburg","GM1916",2020-11-09,48,48,42,41,36,31,2020-10-01,17,0,6,12,0,"-",76468,0,7.84641941727258,15.6928388345452
"Goeree-Overflakkee","GM1924",2020-11-09,64,64,62,61,58,56,2020-10-01,8,0,2,6,-50,"&#x2798;",50454,0,3.96400681809173,11.8920204542752
"Pijnacker-Nootdorp","GM1926",2020-11-09,34,33,32,32,32,30,2020-10-01,4,1,2,2,200,"&#x279A;",55441,1.80371926913295,3.6074385382659,3.6074385382659
"Nissewaard","GM1930",2020-11-09,81,81,78,74,72,59,2020-10-01,22,0,3,9,-50,"&#x2798;",85315,0,3.51638047236711,10.5491414171013
"Krimpenerwaard","GM1931",2020-11-09,64,64,58,58,55,47,2020-10-01,17,0,6,9,100,"&#x279A;",56427,0,10.6332075070445,15.9498112605667
"De Fryske Marren","GM1940",2020-11-09,24,24,24,24,23,17,2020-10-01,7,0,0,1,-100,"&#x2798;",51662,0,0,1.93565870465719
"Gooise Meren","GM1942",2020-11-09,32,32,29,29,27,25,2020-10-01,7,0,3,5,50,"&#x279A;",58378,0,5.13892219671794,8.56487032786324
"Berg en Dal","GM1945",2020-11-09,42,42,42,41,37,31,2020-10-01,11,0,0,5,-100,"&#x2798;",34987,0,0,14.291022379741
"Meierijstad","GM1948",2020-11-09,220,220,218,217,214,211,2020-10-01,9,0,2,6,-50,"&#x2798;",81579,0,2.45161132154108,7.35483396462325
"Waadhoeke","GM1949",2020-11-09,15,15,15,15,15,13,2020-10-01,2,0,0,0,0,"-",46115,0,0,0
"Westerwolde","GM1950",2020-11-09,12,12,12,12,11,5,2020-10-01,7,0,0,1,-100,"&#x2798;",25595,0,0,3.90701308849385
"Midden-Groningen","GM1952",2020-11-09,10,10,10,10,10,7,2020-10-01,3,0,0,0,0,"-",60723,0,0,0
"Beekdaelen","GM1954",2020-11-09,52,52,52,52,52,52,2020-10-01,0,0,0,0,0,"-",36038,0,0,0
"Montferland","GM1955",2020-11-09,25,25,25,25,25,22,2020-10-01,3,0,0,0,0,"-",36043,0,0,0
"Altena","GM1959",2020-11-09,41,41,40,40,38,33,2020-10-01,8,0,1,3,-50,"&#x2798;",56278,0,1.77689327978962,5.33067983936885
"West Betuwe","GM1960",2020-11-09,58,58,54,54,51,44,2020-10-01,14,0,4,7,33.3333333333333,"&#x279A;",51431,0,7.77741051117031,13.610468394548
"Vijfheerenlanden","GM1961",2020-11-09,52,51,48,48,47,38,2020-10-01,14,1,4,5,300,"&#x279A;",57665,1.73415416630538,6.93661666522154,8.67077083152692
"Hoeksche Waard","GM1963",2020-11-09,85,85,85,85,83,80,2020-10-01,5,0,0,2,-100,"&#x2798;",87781,0,0,2.27839737528622
"Het Hogeland","GM1966",2020-11-09,9,9,7,7,7,7,2020-10-01,2,0,2,2,200,"&#x279A;",47821,0,4.18226302252149,4.18226302252149
"Westerkwartier","GM1969",2020-11-09,20,20,19,19,19,14,2020-10-01,6,0,1,1,100,"&#x279A;",63533,0,1.57398517305967,1.57398517305967
"Noardeast-Fryslân","GM1970",2020-11-09,9,9,7,7,7,7,2020-10-01,2,0,2,2,200,"&#x279A;",45479,0,4.3976340728688,4.3976340728688
"Molenlanden","GM1978",2020-11-09,20,20,20,20,20,20,2020-10-01,0,0,0,0,0,"-",44042,0,0,0
