"municipality","Municipality_code","date","d0","d1","d7","d8","d14","lowest_since_nov1","lowest_since_nov1_date","current","increase_1d","increase_7d","increase_14d","increase_growth","growth","population","rel_increase_1d","rel_increase_7d","rel_increase_14d"
"Netherlands","",2020-12-17,18779,18684,18265,18194,17809,15242,2020-11-01,3537,95,514,970,12.719298245614,"&#x279A;",17443797,0.544606200129479,2.94660617754265,5.56071593816415
"Unknown","",2020-12-17,110,110,109,109,107,91,2020-11-01,19,0,1,3,-50,"&#x2798;",NA,NA,NA,NA
"Appingedam","GM0003",2020-12-17,9,9,9,9,8,8,2020-11-01,1,0,0,1,-100,"&#x2798;",11524,0,0,8.67754251995835
"Delfzijl","GM0010",2020-12-17,9,9,9,9,9,8,2020-11-01,1,0,0,0,0,"-",24590,0,0,0
"Groningen","GM0014",2020-12-17,42,41,39,38,37,32,2020-11-01,10,1,3,5,50,"&#x279A;",233441,0.428373764677156,1.28512129403147,2.14186882338578
"Loppersum","GM0024",2020-12-17,2,2,1,1,1,0,2020-11-01,2,0,1,1,100,"&#x279A;",9476,0,10.5529759392149,10.5529759392149
"Almere","GM0034",2020-12-17,196,195,191,190,184,170,2020-11-01,26,1,5,12,-28.5714285714286,"&#x2798;",214339,0.466550651071434,2.33275325535717,5.5986078128572
"Stadskanaal","GM0037",2020-12-17,12,12,11,10,9,8,2020-11-01,4,0,1,3,-50,"&#x2798;",31679,0,3.15666529877837,9.46999589633511
"Veendam","GM0047",2020-12-17,4,4,4,4,4,4,2020-11-01,0,0,0,0,0,"-",27395,0,0,0
"Zeewolde","GM0050",2020-12-17,16,16,16,16,16,13,2020-11-01,3,0,0,0,0,"-",22767,0,0,0
"Achtkarspelen","GM0059",2020-12-17,1,1,1,1,0,0,2020-11-01,1,0,0,1,-100,"&#x2798;",27880,0,0,3.58680057388809
"Ameland","GM0060",2020-12-17,0,0,0,0,0,0,2020-11-01,0,0,0,0,0,"-",3759,0,0,0
"Harlingen","GM0072",2020-12-17,5,5,5,5,5,4,2020-11-01,1,0,0,0,0,"-",15830,0,0,0
"Heerenveen","GM0074",2020-12-17,17,17,17,17,17,16,2020-11-01,1,0,0,0,0,"-",50603,0,0,0
"Leeuwarden","GM0080",2020-12-17,54,54,54,54,52,47,2020-11-01,7,0,0,2,-100,"&#x2798;",124427,0,0,1.60736817571749
"Ooststellingwerf","GM0085",2020-12-17,9,9,9,8,7,5,2020-11-01,4,0,0,2,-100,"&#x2798;",25398,0,0,7.87463579809434
"Opsterland","GM0086",2020-12-17,14,14,13,13,11,8,2020-11-01,6,0,1,3,-50,"&#x2798;",29815,0,3.35401643468053,10.0620493040416
"Schiermonnikoog","GM0088",2020-12-17,1,1,1,1,1,1,2020-11-01,0,0,0,0,0,"-",938,0,0,0
"Smallingerland","GM0090",2020-12-17,16,15,14,14,14,12,2020-11-01,4,1,2,2,200,"&#x279A;",56069,1.78351673830459,3.56703347660918,3.56703347660918
"Terschelling","GM0093",2020-12-17,1,1,1,1,1,1,2020-11-01,0,0,0,0,0,"-",4887,0,0,0
"Vlieland","GM0096",2020-12-17,0,0,0,0,0,0,2020-11-01,0,0,0,0,0,"-",1199,0,0,0
"Weststellingwerf","GM0098",2020-12-17,5,5,5,5,5,3,2020-11-01,2,0,0,0,0,"-",26094,0,0,0
"Assen","GM0106",2020-12-17,28,28,23,23,22,14,2020-11-01,14,0,5,6,400,"&#x279A;",68808,0,7.26659690733636,8.71991628880363
"Coevorden","GM0109",2020-12-17,26,26,22,22,22,19,2020-11-01,7,0,4,4,400,"&#x279A;",35306,0,11.3295190619158,11.3295190619158
"Emmen","GM0114",2020-12-17,62,62,57,57,56,49,2020-11-01,13,0,5,6,400,"&#x279A;",107019,0,4.67206757678543,5.60648109214252
"Hoogeveen","GM0118",2020-12-17,36,35,34,34,33,29,2020-11-01,7,1,2,3,100,"&#x279A;",55562,1.79979122421799,3.59958244843598,5.39937367265397
"Meppel","GM0119",2020-12-17,14,13,13,13,13,11,2020-11-01,3,1,1,1,100,"&#x279A;",34291,2.91621708319967,2.91621708319967,2.91621708319967
"Almelo","GM0141",2020-12-17,47,47,44,43,42,32,2020-11-01,15,0,3,5,50,"&#x279A;",73184,0,4.09925666812418,6.83209444687363
"Borne","GM0147",2020-12-17,19,18,18,18,18,16,2020-11-01,3,1,1,1,100,"&#x279A;",23592,4.23872499152255,4.23872499152255,4.23872499152255
"Dalfsen","GM0148",2020-12-17,18,18,18,18,18,17,2020-11-01,1,0,0,0,0,"-",28925,0,0,0
"Deventer","GM0150",2020-12-17,62,62,59,59,55,50,2020-11-01,12,0,3,7,-25,"&#x2798;",101081,0,2.96791681918461,6.9251392447641
"Enschede","GM0153",2020-12-17,117,115,104,103,99,70,2020-11-01,47,2,13,18,160,"&#x279A;",159916,1.25065659471222,8.12926786562945,11.25590935241
"Haaksbergen","GM0158",2020-12-17,22,22,22,22,22,18,2020-11-01,4,0,0,0,0,"-",24265,0,0,0
"Hardenberg","GM0160",2020-12-17,33,33,31,31,31,24,2020-11-01,9,0,2,2,200,"&#x279A;",61249,0,3.26535943443975,3.26535943443975
"Hellendoorn","GM0163",2020-12-17,17,16,16,16,15,13,2020-11-01,4,1,1,2,0,"-",35930,2.78318953520735,2.78318953520735,5.56637907041469
"Hengelo","GM0164",2020-12-17,50,49,48,47,45,39,2020-11-01,11,1,2,5,-33.3333333333333,"&#x2798;",81138,1.23246814069856,2.46493628139713,6.16234070349281
"Kampen","GM0166",2020-12-17,66,66,66,66,66,61,2020-11-01,5,0,0,0,0,"-",54423,0,0,0
"Losser","GM0168",2020-12-17,19,19,17,15,14,11,2020-11-01,8,0,2,5,-33.3333333333333,"&#x2798;",22852,0,8.75196919306844,21.8799229826711
"Noordoostpolder","GM0171",2020-12-17,26,26,23,23,23,20,2020-11-01,6,0,3,3,300,"&#x279A;",47537,0,6.31087363527358,6.31087363527358
"Oldenzaal","GM0173",2020-12-17,29,28,27,27,25,16,2020-11-01,13,1,2,4,0,"-",31728,3.15179021684317,6.30358043368633,12.6071608673727
"Ommen","GM0175",2020-12-17,10,10,9,9,9,9,2020-11-01,1,0,1,1,100,"&#x279A;",18264,0,5.47525186158563,5.47525186158563
"Raalte","GM0177",2020-12-17,27,27,27,27,27,25,2020-11-01,2,0,0,0,0,"-",37859,0,0,0
"Staphorst","GM0180",2020-12-17,11,11,11,11,11,8,2020-11-01,3,0,0,0,0,"-",17259,0,0,0
"Tubbergen","GM0183",2020-12-17,14,14,14,14,14,12,2020-11-01,2,0,0,0,0,"-",21323,0,0,0
"Urk","GM0184",2020-12-17,38,38,36,36,33,24,2020-11-01,14,0,2,5,-33.3333333333333,"&#x2798;",21184,0,9.44108761329305,23.6027190332326
"Wierden","GM0189",2020-12-17,11,11,11,11,9,7,2020-11-01,4,0,0,2,-100,"&#x2798;",24540,0,0,8.14995925020375
"Zwolle","GM0193",2020-12-17,63,63,62,62,62,54,2020-11-01,9,0,1,1,100,"&#x279A;",129561,0,0.771837204096912,0.771837204096912
"Aalten","GM0197",2020-12-17,14,14,14,14,14,13,2020-11-01,1,0,0,0,0,"-",27128,0,0,0
"Apeldoorn","GM0200",2020-12-17,138,138,135,135,133,117,2020-11-01,21,0,3,5,50,"&#x279A;",164609,0,1.82250059231269,3.03750098718782
"Arnhem","GM0202",2020-12-17,120,120,116,116,114,99,2020-11-01,21,0,4,6,100,"&#x279A;",162299,0,2.46458696603183,3.69688044904775
"Barneveld","GM0203",2020-12-17,32,32,32,32,31,25,2020-11-01,7,0,0,1,-100,"&#x2798;",59846,0,0,1.67095545232764
"Beuningen","GM0209",2020-12-17,24,24,24,24,24,20,2020-11-01,4,0,0,0,0,"-",26156,0,0,0
"Brummen","GM0213",2020-12-17,22,22,22,22,22,19,2020-11-01,3,0,0,0,0,"-",20854,0,0,0
"Buren","GM0214",2020-12-17,27,27,27,27,27,23,2020-11-01,4,0,0,0,0,"-",26992,0,0,0
"Culemborg","GM0216",2020-12-17,34,34,34,34,33,28,2020-11-01,6,0,0,1,-100,"&#x2798;",29103,0,0,3.43607188262378
"Doesburg","GM0221",2020-12-17,13,13,12,12,11,11,2020-11-01,2,0,1,2,0,"-",11028,0,9.06782734856728,18.1356546971346
"Doetinchem","GM0222",2020-12-17,42,41,40,40,40,34,2020-11-01,8,1,2,2,200,"&#x279A;",58220,1.71762281003092,3.43524562006183,3.43524562006183
"Druten","GM0225",2020-12-17,31,31,31,30,29,28,2020-11-01,3,0,0,2,-100,"&#x2798;",18972,0,0,10.5418511490618
"Duiven","GM0226",2020-12-17,18,18,18,18,18,17,2020-11-01,1,0,0,0,0,"-",25079,0,0,0
"Ede","GM0228",2020-12-17,95,95,93,92,86,75,2020-11-01,20,0,2,9,-71.4285714285714,"&#x2798;",118461,0,1.68831936249061,7.59743713120774
"Elburg","GM0230",2020-12-17,31,31,31,31,31,29,2020-11-01,2,0,0,0,0,"-",23394,0,0,0
"Epe","GM0232",2020-12-17,58,57,56,56,54,53,2020-11-01,5,1,2,4,0,"-",33179,3.01395460984358,6.02790921968715,12.0558184393743
"Ermelo","GM0233",2020-12-17,33,33,33,33,33,33,2020-11-01,0,0,0,0,0,"-",27028,0,0,0
"Harderwijk","GM0243",2020-12-17,56,56,55,55,54,47,2020-11-01,9,0,1,2,0,"-",48637,0,2.05604786479429,4.11209572958859
"Hattem","GM0244",2020-12-17,19,19,19,19,18,18,2020-11-01,1,0,0,1,-100,"&#x2798;",12227,0,0,8.17862108448515
"Heerde","GM0246",2020-12-17,55,55,55,55,55,55,2020-11-01,0,0,0,0,0,"-",18749,0,0,0
"Heumen","GM0252",2020-12-17,21,21,21,21,20,19,2020-11-01,2,0,0,1,-100,"&#x2798;",16584,0,0,6.02990834539315
"Lochem","GM0262",2020-12-17,23,23,22,22,22,18,2020-11-01,5,0,1,1,100,"&#x279A;",33869,0,2.95255248162036,2.95255248162036
"Maasdriel","GM0263",2020-12-17,26,26,26,26,26,20,2020-11-01,6,0,0,0,0,"-",25442,0,0,0
"Nijkerk","GM0267",2020-12-17,34,33,33,33,33,27,2020-11-01,7,1,1,1,100,"&#x279A;",43527,2.29742458703793,2.29742458703793,2.29742458703793
"Nijmegen","GM0268",2020-12-17,200,200,199,199,198,180,2020-11-01,20,0,1,2,0,"-",177489,0,0.563415197561539,1.12683039512308
"Oldebroek","GM0269",2020-12-17,42,41,41,40,40,40,2020-11-01,2,1,1,2,0,"-",23715,4.21674045962471,4.21674045962471,8.43348091924942
"Putten","GM0273",2020-12-17,13,13,13,13,13,12,2020-11-01,1,0,0,0,0,"-",24387,0,0,0
"Renkum","GM0274",2020-12-17,22,21,20,20,20,17,2020-11-01,5,1,2,2,200,"&#x279A;",31398,3.18491623670297,6.36983247340595,6.36983247340595
"Rheden","GM0275",2020-12-17,41,41,40,40,39,35,2020-11-01,6,0,1,2,0,"-",43649,0,2.29100323031455,4.58200646062911
"Rozendaal","GM0277",2020-12-17,1,1,1,1,1,1,2020-11-01,0,0,0,0,0,"-",1719,0,0,0
"Scherpenzeel","GM0279",2020-12-17,5,5,5,5,5,5,2020-11-01,0,0,0,0,0,"-",10095,0,0,0
"Tiel","GM0281",2020-12-17,65,65,64,63,60,48,2020-11-01,17,0,1,5,-75,"&#x2798;",41907,0,2.38623618965805,11.9311809482903
"Voorst","GM0285",2020-12-17,19,19,18,18,18,18,2020-11-01,1,0,1,1,100,"&#x279A;",24720,0,4.0453074433657,4.0453074433657
"Wageningen","GM0289",2020-12-17,30,30,30,30,30,26,2020-11-01,4,0,0,0,0,"-",39770,0,0,0
"Westervoort","GM0293",2020-12-17,16,15,15,15,13,12,2020-11-01,4,1,1,3,-50,"&#x2798;",15008,6.66311300639659,6.66311300639659,19.9893390191898
"Winterswijk","GM0294",2020-12-17,13,13,13,13,13,9,2020-11-01,4,0,0,0,0,"-",28937,0,0,0
"Wijchen","GM0296",2020-12-17,61,61,60,60,59,54,2020-11-01,7,0,1,2,0,"-",41239,0,2.42488906132544,4.84977812265089
"Zaltbommel","GM0297",2020-12-17,26,26,26,26,26,23,2020-11-01,3,0,0,0,0,"-",29418,0,0,0
"Zevenaar","GM0299",2020-12-17,61,61,61,61,60,58,2020-11-01,3,0,0,1,-100,"&#x2798;",44098,0,0,2.26767653861853
"Zutphen","GM0301",2020-12-17,40,40,39,39,38,34,2020-11-01,6,0,1,2,0,"-",48130,0,2.07770621234158,4.15541242468315
"Nunspeet","GM0302",2020-12-17,68,67,64,64,65,61,2020-11-05,7,1,4,3,400,"&#x279A;",28011,3.57002606119025,14.280104244761,10.7100781835707
"Dronten","GM0303",2020-12-17,46,46,44,43,43,40,2020-11-01,6,0,2,3,100,"&#x279A;",41907,0,4.7724723793161,7.15870856897416
"Amersfoort","GM0307",2020-12-17,140,140,132,131,124,99,2020-11-01,41,0,8,16,0,"-",157613,0,5.07572344920787,10.1514468984157
"Baarn","GM0308",2020-12-17,25,25,24,24,23,17,2020-11-01,8,0,1,2,0,"-",24841,0,4.0256028340244,8.05120566804879
"De Bilt","GM0310",2020-12-17,38,38,38,38,38,35,2020-11-01,3,0,0,0,0,"-",43372,0,0,0
"Bunnik","GM0312",2020-12-17,16,16,16,16,15,12,2020-11-01,4,0,0,1,-100,"&#x2798;",15352,0,0,6.51380927566441
"Bunschoten","GM0313",2020-12-17,37,36,35,34,30,17,2020-11-01,20,1,2,7,-60,"&#x2798;",22030,4.53926463912846,9.07852927825692,31.7748524738992
"Eemnes","GM0317",2020-12-17,7,7,6,6,5,3,2020-11-01,4,0,1,2,0,"-",9370,0,10.6723585912487,21.3447171824973
"Houten","GM0321",2020-12-17,43,43,43,43,43,34,2020-11-01,9,0,0,0,0,"-",50236,0,0,0
"Leusden","GM0327",2020-12-17,17,17,16,16,16,11,2020-11-01,6,0,1,1,100,"&#x279A;",30509,0,3.27772132813268,3.27772132813268
"Lopik","GM0331",2020-12-17,25,25,25,25,25,25,2020-11-01,0,0,0,0,0,"-",14434,0,0,0
"Montfoort","GM0335",2020-12-17,16,16,16,16,16,16,2020-11-01,0,0,0,0,0,"-",13901,0,0,0
"Renswoude","GM0339",2020-12-17,5,5,5,5,5,5,2020-11-01,0,0,0,0,0,"-",5533,0,0,0
"Rhenen","GM0340",2020-12-17,15,15,15,15,15,13,2020-11-01,2,0,0,0,0,"-",20170,0,0,0
"Soest","GM0342",2020-12-17,47,46,44,44,43,37,2020-11-01,10,1,3,4,200,"&#x279A;",46905,2.13196887325445,6.39590661976335,8.5278754930178
"Utrecht","GM0344",2020-12-17,473,470,460,460,450,368,2020-11-01,105,3,13,23,30,"&#x279A;",359481,0.834536456725112,3.61632464580882,6.39811283489253
"Veenendaal","GM0345",2020-12-17,79,78,75,74,71,59,2020-11-01,20,1,4,8,0,"-",66905,1.49465660264554,5.97862641058217,11.9572528211643
"Woudenberg","GM0351",2020-12-17,11,11,11,11,11,9,2020-11-01,2,0,0,0,0,"-",13602,0,0,0
"Wijk bij Duurstede","GM0352",2020-12-17,15,14,14,14,14,12,2020-11-01,3,1,1,1,100,"&#x279A;",23932,4.17850576633796,4.17850576633796,4.17850576633796
"IJsselstein","GM0353",2020-12-17,52,52,52,52,51,44,2020-11-01,8,0,0,1,-100,"&#x2798;",33901,0,0,2.94976549364326
"Zeist","GM0355",2020-12-17,53,53,52,52,50,45,2020-11-02,8,0,1,3,-50,"&#x2798;",64980,0,1.5389350569406,4.61680517082179
"Nieuwegein","GM0356",2020-12-17,69,69,66,66,65,54,2020-11-01,15,0,3,4,200,"&#x279A;",63821,0,4.70064712242052,6.26752949656069
"Aalsmeer","GM0358",2020-12-17,19,19,19,18,17,12,2020-11-01,7,0,0,2,-100,"&#x2798;",31958,0,0,6.2582139057513
"Alkmaar","GM0361",2020-12-17,83,83,81,81,80,68,2020-11-01,15,0,2,3,100,"&#x279A;",109809,0,1.82134433425311,2.73201650137967
"Amstelveen","GM0362",2020-12-17,90,90,89,88,86,76,2020-11-01,14,0,1,4,-66.6666666666667,"&#x2798;",90965,0,1.09932391579179,4.39729566316715
"Amsterdam","GM0363",2020-12-17,1250,1245,1219,1215,1194,1049,2020-11-01,201,5,31,56,24,"&#x279A;",872939,0.572777708408033,3.55122179212981,6.41511033416997
"Beemster","GM0370",2020-12-17,4,4,4,4,4,4,2020-11-01,0,0,0,0,0,"-",10062,0,0,0
"Bergen (NH.)","GM0373",2020-12-17,27,27,27,25,25,22,2020-11-01,5,0,0,2,-100,"&#x2798;",29674,0,0,6.73990698928355
"Beverwijk","GM0375",2020-12-17,25,24,23,23,23,20,2020-11-01,5,1,2,2,200,"&#x279A;",41803,2.39217281056384,4.78434562112767,4.78434562112767
"Blaricum","GM0376",2020-12-17,8,8,8,8,8,8,2020-11-01,0,0,0,0,0,"-",11885,0,0,0
"Bloemendaal","GM0377",2020-12-17,10,10,10,10,10,10,2020-11-01,0,0,0,0,0,"-",23526,0,0,0
"Castricum","GM0383",2020-12-17,18,18,18,18,18,18,2020-11-01,0,0,0,0,0,"-",36198,0,0,0
"Diemen","GM0384",2020-12-17,30,30,30,29,28,24,2020-11-01,6,0,0,2,-100,"&#x2798;",31263,0,0,6.39733870709785
"Edam-Volendam","GM0385",2020-12-17,57,57,56,56,55,42,2020-11-01,15,0,1,2,0,"-",36239,0,2.75945804244046,5.51891608488093
"Enkhuizen","GM0388",2020-12-17,20,20,20,20,20,20,2020-11-01,0,0,0,0,0,"-",18640,0,0,0
"Haarlem","GM0392",2020-12-17,137,137,136,136,129,107,2020-11-01,30,0,1,8,-85.7142857142857,"&#x2798;",162773,0,0.614352503179274,4.91482002543419
"Haarlemmermeer","GM0394",2020-12-17,120,118,114,114,114,100,2020-11-01,20,2,6,6,600,"&#x279A;",157715,1.26811019877627,3.80433059632882,3.80433059632882
"Heemskerk","GM0396",2020-12-17,42,42,42,42,40,35,2020-11-01,7,0,0,2,-100,"&#x2798;",39207,0,0,5.10112990027291
"Heemstede","GM0397",2020-12-17,21,21,19,19,18,17,2020-11-01,4,0,2,3,100,"&#x279A;",27474,0,7.27960981291403,10.919414719371
"Heerhugowaard","GM0398",2020-12-17,36,34,33,33,33,30,2020-11-01,6,2,3,3,300,"&#x279A;",58156,3.43902606781759,5.15853910172639,5.15853910172639
"Heiloo","GM0399",2020-12-17,15,15,14,14,14,12,2020-11-01,3,0,1,1,100,"&#x279A;",24095,0,4.15023863872173,4.15023863872173
"Den Helder","GM0400",2020-12-17,22,20,19,19,19,17,2020-11-01,5,2,3,3,300,"&#x279A;",56506,3.53944713835699,5.30917070753548,5.30917070753548
"Hilversum","GM0402",2020-12-17,49,49,49,49,49,42,2020-11-01,7,0,0,0,0,"-",91233,0,0,0
"Hoorn","GM0405",2020-12-17,51,50,50,50,48,40,2020-11-01,11,1,1,3,-50,"&#x2798;",73552,1.35958233630629,1.35958233630629,4.07874700891886
"Huizen","GM0406",2020-12-17,38,38,38,37,37,31,2020-11-01,7,0,0,1,-100,"&#x2798;",41146,0,0,2.43036990229913
"Landsmeer","GM0415",2020-12-17,7,7,6,6,6,5,2020-11-01,2,0,1,1,100,"&#x279A;",11578,0,8.63707030575229,8.63707030575229
"Langedijk","GM0416",2020-12-17,23,23,22,22,22,21,2020-11-01,2,0,1,1,100,"&#x279A;",28327,0,3.53020086842941,3.53020086842941
"Laren","GM0417",2020-12-17,12,12,11,11,10,10,2020-11-01,2,0,1,2,0,"-",11406,0,8.76731544800982,17.5346308960196
"Medemblik","GM0420",2020-12-17,23,23,23,23,23,20,2020-11-01,3,0,0,0,0,"-",45116,0,0,0
"Oostzaan","GM0431",2020-12-17,13,13,13,13,13,12,2020-11-01,1,0,0,0,0,"-",9668,0,0,0
"Opmeer","GM0432",2020-12-17,3,3,3,3,3,1,2020-11-01,2,0,0,0,0,"-",11995,0,0,0
"Ouder-Amstel","GM0437",2020-12-17,8,8,8,8,8,8,2020-11-01,0,0,0,0,0,"-",14146,0,0,0
"Purmerend","GM0439",2020-12-17,103,102,98,98,96,88,2020-11-01,15,1,5,7,150,"&#x279A;",81735,1.22346607940295,6.11733039701474,8.56426255582064
"Schagen","GM0441",2020-12-17,25,25,24,24,24,21,2020-11-01,4,0,1,1,100,"&#x279A;",46517,0,2.14975170367823,2.14975170367823
"Texel","GM0448",2020-12-17,6,6,6,6,6,6,2020-11-01,0,0,0,0,0,"-",13651,0,0,0
"Uitgeest","GM0450",2020-12-17,7,7,7,7,7,7,2020-11-01,0,0,0,0,0,"-",13661,0,0,0
"Uithoorn","GM0451",2020-12-17,27,27,27,27,26,21,2020-11-01,6,0,0,1,-100,"&#x2798;",30051,0,0,3.32767628365113
"Velsen","GM0453",2020-12-17,62,62,59,59,58,50,2020-11-01,12,0,3,4,200,"&#x279A;",68758,0,4.36312865412025,5.81750487216033
"Weesp","GM0457",2020-12-17,11,11,11,11,11,10,2020-11-01,1,0,0,0,0,"-",20466,0,0,0
"Zandvoort","GM0473",2020-12-17,15,15,15,15,15,15,2020-11-01,0,0,0,0,0,"-",17149,0,0,0
"Zaanstad","GM0479",2020-12-17,210,208,201,201,197,161,2020-11-01,49,2,9,13,125,"&#x279A;",157133,1.27280711244614,5.72763200600765,8.27324623089994
"Alblasserdam","GM0482",2020-12-17,15,15,15,15,15,11,2020-11-01,4,0,0,0,0,"-",20229,0,0,0
"Alphen aan den Rijn","GM0484",2020-12-17,113,111,113,113,108,89,2020-11-01,24,2,0,5,-100,"&#x2798;",112520,1.77746178457163,0,4.44365446142908
"Barendrecht","GM0489",2020-12-17,72,71,71,71,69,51,2020-11-01,21,1,1,3,-50,"&#x2798;",48597,2.05774018972365,2.05774018972365,6.17322056917094
"Drechterland","GM0498",2020-12-17,7,7,7,7,7,6,2020-11-01,1,0,0,0,0,"-",19832,0,0,0
"Brielle","GM0501",2020-12-17,23,23,23,23,23,17,2020-11-01,6,0,0,0,0,"-",17397,0,0,0
"Capelle aan den IJssel","GM0502",2020-12-17,99,99,97,97,96,73,2020-11-01,26,0,2,3,100,"&#x279A;",67204,0,2.97601333253973,4.46401999880959
"Delft","GM0503",2020-12-17,70,70,69,69,65,48,2020-11-01,22,0,1,5,-75,"&#x2798;",103973,0,0.96178815654064,4.8089407827032
"Dordrecht","GM0505",2020-12-17,113,111,108,108,107,97,2020-11-01,16,2,5,6,400,"&#x279A;",119203,1.67781012222847,4.19452530557117,5.0334303666854
"Gorinchem","GM0512",2020-12-17,23,23,23,23,20,20,2020-11-01,3,0,0,3,-100,"&#x2798;",37422,0,0,8.01667468334135
"Gouda","GM0513",2020-12-17,110,106,104,104,97,73,2020-11-01,37,4,6,13,-14.2857142857143,"&#x2798;",73771,5.42218486939312,8.13327730408968,17.6221008255276
"'s-Gravenhage","GM0518",2020-12-17,822,816,801,800,790,617,2020-11-01,205,6,21,32,90.9090909090909,"&#x279A;",547882,1.09512632282134,3.83294212987468,5.8406737217138
"Hardinxveld-Giessendam","GM0523",2020-12-17,2,2,2,2,2,2,2020-11-01,0,0,0,0,0,"-",18393,0,0,0
"Hellevoetsluis","GM0530",2020-12-17,35,35,34,33,32,20,2020-11-04,15,0,1,3,-50,"&#x2798;",40251,0,2.48441032520931,7.45323097562794
"Hendrik-Ido-Ambacht","GM0531",2020-12-17,14,14,13,13,13,13,2020-11-01,1,0,1,1,100,"&#x279A;",31235,0,3.20153673763406,3.20153673763406
"Stede Broec","GM0532",2020-12-17,20,20,20,20,20,19,2020-11-01,1,0,0,0,0,"-",21775,0,0,0
"Hillegom","GM0534",2020-12-17,11,10,9,9,9,8,2020-11-01,3,1,2,2,200,"&#x279A;",22216,4.50126035289881,9.00252070579762,9.00252070579762
"Katwijk","GM0537",2020-12-17,64,64,58,58,56,46,2020-11-01,18,0,6,8,200,"&#x279A;",65965,0,9.09573258546199,12.1276434472826
"Krimpen aan den IJssel","GM0542",2020-12-17,25,25,26,26,26,18,2020-11-01,7,0,-1,-1,-100,"&#x2798;",29410,0,-3.40020401224073,-3.40020401224073
"Leiden","GM0546",2020-12-17,88,88,84,84,81,64,2020-11-01,24,0,4,7,33.3333333333333,"&#x279A;",124016,0,3.22539027222294,5.64443297639014
"Leiderdorp","GM0547",2020-12-17,30,30,30,30,29,25,2020-11-01,5,0,0,1,-100,"&#x2798;",27359,0,0,3.65510435322928
"Lisse","GM0553",2020-12-17,19,18,16,16,15,11,2020-11-01,8,1,3,4,200,"&#x279A;",22989,4.34990647701074,13.0497194310322,17.399625908043
"Maassluis","GM0556",2020-12-17,44,44,44,44,44,32,2020-11-01,12,0,0,0,0,"-",33539,0,0,0
"Nieuwkoop","GM0569",2020-12-17,22,22,19,19,17,14,2020-11-01,8,0,3,5,50,"&#x279A;",29119,0,10.3025515986126,17.170919331021
"Noordwijk","GM0575",2020-12-17,42,42,41,41,41,32,2020-11-01,10,0,1,1,100,"&#x279A;",43982,0,2.27365740530217,2.27365740530217
"Oegstgeest","GM0579",2020-12-17,17,17,17,17,17,11,2020-11-01,6,0,0,0,0,"-",25067,0,0,0
"Oudewater","GM0589",2020-12-17,32,32,32,32,32,30,2020-11-01,2,0,0,0,0,"-",10154,0,0,0
"Papendrecht","GM0590",2020-12-17,11,11,11,11,11,9,2020-11-01,2,0,0,0,0,"-",32119,0,0,0
"Ridderkerk","GM0597",2020-12-17,60,59,56,56,53,47,2020-11-01,13,1,4,7,33.3333333333333,"&#x279A;",46646,2.14380654289757,8.57522617159028,15.006645800283
"Rotterdam","GM0599",2020-12-17,1183,1178,1148,1145,1126,850,2020-11-01,333,5,35,57,59.0909090909091,"&#x279A;",652497,0.766287048063056,5.36400933644139,8.73567234791884
"Rijswijk","GM0603",2020-12-17,82,81,80,80,78,62,2020-11-01,20,1,2,4,0,"-",55211,1.81123326873268,3.62246653746536,7.24493307493072
"Schiedam","GM0606",2020-12-17,144,143,140,139,128,79,2020-11-01,65,1,4,16,-66.6666666666667,"&#x2798;",79284,1.26128853236466,5.04515412945865,20.1806165178346
"Sliedrecht","GM0610",2020-12-17,12,12,12,12,11,10,2020-11-01,2,0,0,1,-100,"&#x2798;",25509,0,0,3.92018503273355
"Albrandswaard","GM0613",2020-12-17,32,32,32,32,31,18,2020-11-01,14,0,0,1,-100,"&#x2798;",25857,0,0,3.86742468190432
"Westvoorne","GM0614",2020-12-17,10,10,9,9,9,6,2020-11-01,4,0,1,1,100,"&#x279A;",14896,0,6.71321160042964,6.71321160042964
"Vlaardingen","GM0622",2020-12-17,99,99,94,93,90,62,2020-11-01,37,0,5,9,25,"&#x279A;",73863,0,6.76928908925985,12.1847203606677
"Voorschoten","GM0626",2020-12-17,13,13,12,12,12,11,2020-11-01,2,0,1,1,100,"&#x279A;",25613,0,3.9042673642291,3.9042673642291
"Waddinxveen","GM0627",2020-12-17,44,44,42,42,41,27,2020-11-01,17,0,2,3,100,"&#x279A;",30123,0,6.63944494240281,9.95916741360422
"Wassenaar","GM0629",2020-12-17,20,20,19,19,19,11,2020-11-01,9,0,1,1,100,"&#x279A;",26782,0,3.73385109401837,3.73385109401837
"Woerden","GM0632",2020-12-17,76,76,76,76,74,64,2020-11-01,12,0,0,2,-100,"&#x2798;",52659,0,0,3.79802123093868
"Zoetermeer","GM0637",2020-12-17,88,87,86,86,84,70,2020-11-01,18,1,2,4,0,"-",125297,0.798103705595505,1.59620741119101,3.19241482238202
"Zoeterwoude","GM0638",2020-12-17,4,4,4,4,4,4,2020-11-01,0,0,0,0,0,"-",8794,0,0,0
"Zwijndrecht","GM0642",2020-12-17,35,35,33,33,32,30,2020-11-01,5,0,2,3,100,"&#x279A;",44778,0,4.46647907454554,6.6997186118183
"Borsele","GM0654",2020-12-17,7,7,7,7,7,5,2020-11-01,2,0,0,0,0,"-",22758,0,0,0
"Goes","GM0664",2020-12-17,30,30,26,26,24,15,2020-11-01,15,0,4,6,100,"&#x279A;",38556,0,10.3745201784417,15.5617802676626
"West Maas en Waal","GM0668",2020-12-17,24,24,24,24,24,24,2020-11-01,0,0,0,0,0,"-",19537,0,0,0
"Hulst","GM0677",2020-12-17,21,21,21,21,21,13,2020-11-01,8,0,0,0,0,"-",27593,0,0,0
"Kapelle","GM0678",2020-12-17,5,5,4,4,4,3,2020-11-01,2,0,1,1,100,"&#x279A;",12874,0,7.76759359950287,7.76759359950287
"Middelburg","GM0687",2020-12-17,29,29,28,28,28,21,2020-11-01,8,0,1,1,100,"&#x279A;",49009,0,2.04044155155176,2.04044155155176
"Reimerswaal","GM0703",2020-12-17,10,10,9,9,9,6,2020-11-01,4,0,1,1,100,"&#x279A;",22916,0,4.36376330947809,4.36376330947809
"Terneuzen","GM0715",2020-12-17,40,40,39,39,39,25,2020-11-01,15,0,1,1,100,"&#x279A;",54435,0,1.83705336640029,1.83705336640029
"Tholen","GM0716",2020-12-17,51,51,50,50,50,45,2020-11-01,6,0,1,1,100,"&#x279A;",25993,0,3.84718962797676,3.84718962797676
"Veere","GM0717",2020-12-17,10,10,10,10,10,8,2020-11-01,2,0,0,0,0,"-",21994,0,0,0
"Vlissingen","GM0718",2020-12-17,20,20,20,20,17,12,2020-11-01,8,0,0,3,-100,"&#x2798;",44296,0,0,6.77262055264584
"De Ronde Venen","GM0736",2020-12-17,74,73,70,70,70,53,2020-11-01,21,1,4,4,400,"&#x279A;",44642,2.24004300882577,8.96017203530308,8.96017203530308
"Tytsjerksteradiel","GM0737",2020-12-17,9,9,9,9,9,7,2020-11-01,2,0,0,0,0,"-",32049,0,0,0
"Asten","GM0743",2020-12-17,22,22,22,22,21,18,2020-11-01,4,0,0,1,-100,"&#x2798;",16768,0,0,5.96374045801527
"Baarle-Nassau","GM0744",2020-12-17,12,12,12,12,11,9,2020-11-01,3,0,0,1,-100,"&#x2798;",6917,0,0,14.4571345959231
"Bergen op Zoom","GM0748",2020-12-17,66,66,64,64,61,47,2020-11-01,19,0,2,5,-33.3333333333333,"&#x2798;",67609,0,2.95818604032008,7.39546510080019
"Best","GM0753",2020-12-17,39,39,39,39,37,35,2020-11-01,4,0,0,2,-100,"&#x2798;",30162,0,0,6.63086002254492
"Boekel","GM0755",2020-12-17,37,37,36,36,36,36,2020-11-01,1,0,1,1,100,"&#x279A;",10906,0,9.16926462497708,9.16926462497708
"Boxmeer","GM0756",2020-12-17,26,26,25,25,25,23,2020-11-01,3,0,1,1,100,"&#x279A;",29580,0,3.38066260987153,3.38066260987153
"Boxtel","GM0757",2020-12-17,34,34,34,34,31,24,2020-11-01,10,0,0,3,-100,"&#x2798;",30888,0,0,9.71250971250971
"Breda","GM0758",2020-12-17,211,210,204,203,202,184,2020-11-01,27,1,7,9,250,"&#x279A;",184190,0.542917639394104,3.80042347575873,4.88625875454693
"Deurne","GM0762",2020-12-17,64,64,64,64,63,58,2020-11-01,6,0,0,1,-100,"&#x2798;",32455,0,0,3.08118933908489
"Pekela","GM0765",2020-12-17,10,8,8,8,7,6,2020-11-01,4,2,2,3,100,"&#x279A;",12173,16.4298036638462,16.4298036638462,24.6447054957693
"Dongen","GM0766",2020-12-17,38,38,38,38,37,30,2020-11-01,8,0,0,1,-100,"&#x2798;",26351,0,0,3.79492239383705
"Eersel","GM0770",2020-12-17,38,38,37,36,36,32,2020-11-01,6,0,1,2,0,"-",19491,0,5.1305730850136,10.2611461700272
"Eindhoven","GM0772",2020-12-17,267,263,254,250,246,210,2020-11-01,57,4,13,21,62.5,"&#x279A;",235514,1.69841283320737,5.51984170792394,8.91666737433868
"Etten-Leur","GM0777",2020-12-17,60,60,59,59,57,51,2020-11-01,9,0,1,3,-50,"&#x2798;",43928,0,2.27645237661628,6.82935712984884
"Geertruidenberg","GM0779",2020-12-17,21,21,20,19,18,17,2020-11-01,4,0,1,3,-50,"&#x2798;",21768,0,4.59389930172731,13.7816979051819
"Gilze en Rijen","GM0784",2020-12-17,30,30,29,29,29,24,2020-11-01,6,0,1,1,100,"&#x279A;",26761,0,3.73678113672882,3.73678113672882
"Goirle","GM0785",2020-12-17,36,36,36,36,37,35,2020-11-01,1,0,0,-1,0,"-",23915,0,0,-4.18147606104955
"Grave","GM0786",2020-12-17,28,28,28,28,28,24,2020-11-01,4,0,0,0,0,"-",12433,0,0,0
"Haaren","GM0788",2020-12-17,25,24,23,23,22,20,2020-11-01,5,1,2,3,100,"&#x279A;",14351,6.96815552923141,13.9363110584628,20.9044665876942
"Helmond","GM0794",2020-12-17,148,147,142,141,139,124,2020-11-01,24,1,6,9,100,"&#x279A;",92574,1.08021690755504,6.48130144533022,9.72195216799533
"'s-Hertogenbosch","GM0796",2020-12-17,180,180,176,173,169,153,2020-11-01,27,0,4,11,-42.8571428571429,"&#x2798;",155541,0,2.57166920619001,7.07209031702252
"Heusden","GM0797",2020-12-17,64,64,64,63,61,50,2020-11-01,14,0,0,3,-100,"&#x2798;",44977,0,0,6.67007581652845
"Hilvarenbeek","GM0798",2020-12-17,18,18,17,17,17,15,2020-11-01,3,0,1,1,100,"&#x279A;",15661,0,6.38528829576655,6.38528829576655
"Loon op Zand","GM0809",2020-12-17,38,38,38,37,36,30,2020-11-01,8,0,0,2,-100,"&#x2798;",23467,0,0,8.52260621297993
"Mill en Sint Hubert","GM0815",2020-12-17,14,14,14,14,14,9,2020-11-01,5,0,0,0,0,"-",11003,0,0,0
"Nuenen, Gerwen en Nederwetten","GM0820",2020-12-17,22,22,22,22,22,20,2020-11-01,2,0,0,0,0,"-",23640,0,0,0
"Oirschot","GM0823",2020-12-17,21,21,21,20,20,17,2020-11-01,4,0,0,1,-100,"&#x2798;",18826,0,0,5.3118028258791
"Oisterwijk","GM0824",2020-12-17,32,32,31,31,29,27,2020-11-01,5,0,1,3,-50,"&#x2798;",26436,0,3.78272053260705,11.3481615978212
"Oosterhout","GM0826",2020-12-17,61,60,58,58,56,52,2020-11-01,9,1,3,5,50,"&#x279A;",56225,1.77856825255669,5.33570475767008,8.89284126278346
"Oss","GM0828",2020-12-17,199,198,196,195,192,177,2020-11-01,22,1,3,7,-25,"&#x2798;",92390,1.08236822166901,3.24710466500704,7.57657755168308
"Rucphen","GM0840",2020-12-17,25,25,24,23,22,16,2020-11-01,9,0,1,3,-50,"&#x2798;",23077,0,4.33331888893704,12.9999566668111
"Sint-Michielsgestel","GM0845",2020-12-17,40,40,39,39,39,37,2020-11-01,3,0,1,1,100,"&#x279A;",29476,0,3.39259058216854,3.39259058216854
"Someren","GM0847",2020-12-17,36,36,36,36,36,34,2020-11-01,2,0,0,0,0,"-",19364,0,0,0
"Son en Breugel","GM0848",2020-12-17,33,33,33,33,32,31,2020-11-01,2,0,0,1,-100,"&#x2798;",17539,0,0,5.70157933747648
"Steenbergen","GM0851",2020-12-17,20,20,20,20,20,18,2020-11-01,2,0,0,0,0,"-",24326,0,0,0
"Waterland","GM0852",2020-12-17,25,25,24,24,24,21,2020-11-01,4,0,1,1,100,"&#x279A;",17324,0,5.77233895174325,5.77233895174325
"Tilburg","GM0855",2020-12-17,327,326,318,318,314,278,2020-11-01,49,1,9,13,125,"&#x279A;",220536,0.45344070809301,4.08096637283709,5.89472920520913
"Uden","GM0856",2020-12-17,120,120,120,120,120,116,2020-11-01,4,0,0,0,0,"-",42207,0,0,0
"Valkenswaard","GM0858",2020-12-17,27,27,27,25,25,23,2020-11-01,4,0,0,2,-100,"&#x2798;",31241,0,0,6.40184373099453
"Veldhoven","GM0861",2020-12-17,44,43,43,43,43,38,2020-11-01,6,1,1,1,100,"&#x279A;",45636,2.1912525199404,2.1912525199404,2.1912525199404
"Vught","GM0865",2020-12-17,50,50,48,47,45,43,2020-11-01,7,0,2,5,-33.3333333333333,"&#x2798;",26772,0,7.47049155834454,18.6762288958613
"Waalre","GM0866",2020-12-17,9,9,9,9,9,8,2020-11-01,1,0,0,0,0,"-",17528,0,0,0
"Waalwijk","GM0867",2020-12-17,58,58,57,57,57,45,2020-11-01,13,0,1,1,100,"&#x279A;",48886,0,2.04557542036575,2.04557542036575
"Woensdrecht","GM0873",2020-12-17,11,11,11,11,11,10,2020-11-01,1,0,0,0,0,"-",21970,0,0,0
"Zundert","GM0879",2020-12-17,30,30,30,30,30,27,2020-11-01,3,0,0,0,0,"-",22026,0,0,0
"Wormerland","GM0880",2020-12-17,25,25,25,25,24,21,2020-11-01,4,0,0,1,-100,"&#x2798;",16256,0,0,6.15157480314961
"Landgraaf","GM0882",2020-12-17,57,57,56,56,56,55,2020-11-01,2,0,1,1,100,"&#x279A;",37302,0,2.68082140367809,2.68082140367809
"Beek","GM0888",2020-12-17,18,18,18,18,18,18,2020-11-01,0,0,0,0,0,"-",15897,0,0,0
"Beesel","GM0889",2020-12-17,24,24,24,24,23,20,2020-11-01,4,0,0,1,-100,"&#x2798;",13452,0,0,7.43383883437407
"Bergen (L.)","GM0893",2020-12-17,12,12,12,12,12,10,2020-11-01,2,0,0,0,0,"-",13117,0,0,0
"Brunssum","GM0899",2020-12-17,58,58,55,55,53,50,2020-11-01,8,0,3,5,50,"&#x279A;",27661,0,10.8455948808792,18.075991468132
"Gennep","GM0907",2020-12-17,20,19,19,19,18,17,2020-11-01,3,1,1,2,0,"-",17002,5.88166098106105,5.88166098106105,11.7633219621221
"Heerlen","GM0917",2020-12-17,143,143,141,140,137,131,2020-11-01,12,0,2,6,-50,"&#x2798;",86805,0,2.30401474569437,6.91204423708312
"Kerkrade","GM0928",2020-12-17,82,82,80,79,77,70,2020-11-01,12,0,2,5,-33.3333333333333,"&#x2798;",45517,0,4.39396269525672,10.9849067381418
"Maastricht","GM0935",2020-12-17,219,219,213,213,214,200,2020-11-01,19,0,6,5,600,"&#x279A;",120484,0,4.97991434547326,4.14992862122771
"Meerssen","GM0938",2020-12-17,26,26,26,26,25,23,2020-11-01,3,0,0,1,-100,"&#x2798;",18707,0,0,5.34559255893516
"Mook en Middelaar","GM0944",2020-12-17,10,10,9,9,9,8,2020-11-01,2,0,1,1,100,"&#x279A;",7897,0,12.6630365961758,12.6630365961758
"Nederweert","GM0946",2020-12-17,37,37,37,37,37,34,2020-11-01,3,0,0,0,0,"-",17161,0,0,0
"Roermond","GM0957",2020-12-17,68,68,66,66,66,65,2020-11-01,3,0,2,2,200,"&#x279A;",58769,0,3.40315472442955,3.40315472442955
"Simpelveld","GM0965",2020-12-17,22,22,21,21,20,19,2020-11-01,3,0,1,2,0,"-",10508,0,9.51655881233346,19.0331176246669
"Stein","GM0971",2020-12-17,55,55,51,51,51,49,2020-11-01,6,0,4,4,400,"&#x279A;",24872,0,16.0823415889353,16.0823415889353
"Vaals","GM0981",2020-12-17,11,11,11,11,11,10,2020-11-01,1,0,0,0,0,"-",10084,0,0,0
"Venlo","GM0983",2020-12-17,156,156,154,154,153,144,2020-11-01,12,0,2,3,100,"&#x279A;",101934,0,1.96205387799949,2.94308081699923
"Venray","GM0984",2020-12-17,47,47,47,47,46,42,2020-11-01,5,0,0,1,-100,"&#x2798;",43676,0,0,2.28958695851268
"Voerendaal","GM0986",2020-12-17,18,18,18,18,18,17,2020-11-01,1,0,0,0,0,"-",12483,0,0,0
"Weert","GM0988",2020-12-17,86,86,86,85,84,72,2020-11-01,14,0,0,2,-100,"&#x2798;",50044,0,0,3.99648309487651
"Valkenburg aan de Geul","GM0994",2020-12-17,25,25,25,24,23,20,2020-11-01,5,0,0,2,-100,"&#x2798;",16405,0,0,12.1914050594331
"Lelystad","GM0995",2020-12-17,99,99,97,96,95,85,2020-11-01,14,0,2,4,0,"-",79759,0,2.50755400644441,5.01510801288883
"Horst aan de Maas","GM1507",2020-12-17,50,50,50,50,49,44,2020-11-01,6,0,0,1,-100,"&#x2798;",42484,0,0,2.35382732322757
"Oude IJsselstreek","GM1509",2020-12-17,28,28,27,27,27,25,2020-11-01,3,0,1,1,100,"&#x279A;",39333,0,2.54239442707142,2.54239442707142
"Teylingen","GM1525",2020-12-17,25,25,25,25,24,19,2020-11-01,6,0,0,1,-100,"&#x2798;",37737,0,0,2.64991917746509
"Utrechtse Heuvelrug","GM1581",2020-12-17,45,45,41,40,36,33,2020-11-01,12,0,4,9,-20,"&#x2798;",49965,0,8.00560392274592,18.0126088261783
"Oost Gelre","GM1586",2020-12-17,23,23,23,23,23,21,2020-11-01,2,0,0,0,0,"-",29617,0,0,0
"Koggenland","GM1598",2020-12-17,13,13,13,13,12,9,2020-11-01,4,0,0,1,-100,"&#x2798;",22954,0,0,4.3565391652871
"Lansingerland","GM1621",2020-12-17,61,61,60,60,59,51,2020-11-01,10,0,1,2,0,"-",63267,0,1.58060284192391,3.16120568384782
"Leudal","GM1640",2020-12-17,58,58,58,58,57,54,2020-11-01,4,0,0,1,-100,"&#x2798;",36010,0,0,2.77700638711469
"Maasgouw","GM1641",2020-12-17,29,29,29,29,28,28,2020-11-01,1,0,0,1,-100,"&#x2798;",23955,0,0,4.17449384262158
"Gemert-Bakel","GM1652",2020-12-17,82,82,81,81,80,79,2020-11-01,3,0,1,2,0,"-",30751,0,3.25192676660922,6.50385353321843
"Halderberge","GM1655",2020-12-17,35,35,34,34,32,26,2020-11-01,9,0,1,3,-50,"&#x2798;",30428,0,3.28644669383463,9.85934008150388
"Heeze-Leende","GM1658",2020-12-17,20,20,20,20,19,18,2020-11-01,2,0,0,1,-100,"&#x2798;",16207,0,0,6.17017338187203
"Laarbeek","GM1659",2020-12-17,42,42,42,42,42,42,2020-11-01,0,0,0,0,0,"-",22741,0,0,0
"Reusel-De Mierden","GM1667",2020-12-17,18,18,18,18,17,15,2020-11-01,3,0,0,1,-100,"&#x2798;",13138,0,0,7.61150860100472
"Roerdalen","GM1669",2020-12-17,29,29,28,28,28,27,2020-11-01,2,0,1,1,100,"&#x279A;",20572,0,4.86097608399767,4.86097608399767
"Roosendaal","GM1674",2020-12-17,63,63,63,63,61,46,2020-11-01,17,0,0,2,-100,"&#x2798;",77268,0,0,2.58839364290521
"Schouwen-Duiveland","GM1676",2020-12-17,18,18,16,16,16,13,2020-11-01,5,0,2,2,200,"&#x279A;",33960,0,5.88928150765607,5.88928150765607
"Aa en Hunze","GM1680",2020-12-17,2,2,2,2,1,1,2020-11-01,1,0,0,1,-100,"&#x2798;",25394,0,0,3.93793809561314
"Borger-Odoorn","GM1681",2020-12-17,10,10,10,10,9,8,2020-11-01,2,0,0,1,-100,"&#x2798;",25584,0,0,3.90869293308318
"Cuijk","GM1684",2020-12-17,20,20,20,20,20,18,2020-11-01,2,0,0,0,0,"-",25368,0,0,0
"Landerd","GM1685",2020-12-17,44,44,44,44,44,42,2020-11-01,2,0,0,0,0,"-",15831,0,0,0
"De Wolden","GM1690",2020-12-17,18,18,17,17,16,16,2020-11-01,2,0,1,2,0,"-",24374,0,4.10273241979158,8.20546483958316
"Noord-Beveland","GM1695",2020-12-17,3,3,3,3,3,1,2020-11-01,2,0,0,0,0,"-",7571,0,0,0
"Wijdemeren","GM1696",2020-12-17,17,16,15,15,14,11,2020-11-01,6,1,2,3,100,"&#x279A;",24426,4.09399819864079,8.18799639728159,12.2819945959224
"Noordenveld","GM1699",2020-12-17,9,9,8,8,7,6,2020-11-01,3,0,1,2,0,"-",31211,0,3.20399859024062,6.40799718048124
"Twenterand","GM1700",2020-12-17,20,19,17,17,16,12,2020-11-01,8,1,3,4,200,"&#x279A;",33711,2.96639079232298,8.89917237696894,11.8655631692919
"Westerveld","GM1701",2020-12-17,10,10,10,10,10,9,2020-11-01,1,0,0,0,0,"-",19620,0,0,0
"Sint Anthonis","GM1702",2020-12-17,21,21,21,21,21,21,2020-11-01,0,0,0,0,0,"-",11682,0,0,0
"Lingewaard","GM1705",2020-12-17,47,47,46,46,46,38,2020-11-01,9,0,1,1,100,"&#x279A;",46760,0,2.13857998289136,2.13857998289136
"Cranendonck","GM1706",2020-12-17,67,67,65,65,65,63,2020-11-01,4,0,2,2,200,"&#x279A;",20971,0,9.53697963854847,9.53697963854847
"Steenwijkerland","GM1708",2020-12-17,19,19,18,18,18,15,2020-11-01,4,0,1,1,100,"&#x279A;",44323,0,2.25616497078266,2.25616497078266
"Moerdijk","GM1709",2020-12-17,27,27,26,26,26,20,2020-11-01,7,0,1,1,100,"&#x279A;",37188,0,2.68903947509949,2.68903947509949
"Echt-Susteren","GM1711",2020-12-17,44,44,44,44,44,43,2020-11-01,1,0,0,0,0,"-",31774,0,0,0
"Sluis","GM1714",2020-12-17,19,19,18,18,16,10,2020-11-01,9,0,1,3,-50,"&#x2798;",23176,0,4.31480842250604,12.9444252675181
"Drimmelen","GM1719",2020-12-17,31,31,31,31,28,21,2020-11-01,10,0,0,3,-100,"&#x2798;",27332,0,0,10.9761451778136
"Bernheze","GM1721",2020-12-17,102,102,101,101,101,98,2020-11-01,4,0,1,1,100,"&#x279A;",31412,0,3.18349675283331,3.18349675283331
"Alphen-Chaam","GM1723",2020-12-17,20,20,20,20,20,18,2020-11-01,2,0,0,0,0,"-",10355,0,0,0
"Bergeijk","GM1724",2020-12-17,22,22,22,22,22,20,2020-11-01,2,0,0,0,0,"-",18728,0,0,0
"Bladel","GM1728",2020-12-17,26,25,25,25,25,23,2020-11-01,3,1,1,1,100,"&#x279A;",20536,4.86949746786132,4.86949746786132,4.86949746786132
"Gulpen-Wittem","GM1729",2020-12-17,27,27,27,27,26,24,2020-11-01,3,0,0,1,-100,"&#x2798;",14195,0,0,7.04473406128919
"Tynaarlo","GM1730",2020-12-17,13,13,13,13,13,11,2020-11-01,2,0,0,0,0,"-",33914,0,0,0
"Midden-Drenthe","GM1731",2020-12-17,12,12,11,11,8,6,2020-11-01,6,0,1,4,-66.6666666666667,"&#x2798;",33362,0,2.99742221689347,11.9896888675739
"Overbetuwe","GM1734",2020-12-17,63,63,63,63,62,62,2020-11-01,1,0,0,1,-100,"&#x2798;",48125,0,0,2.07792207792208
"Hof van Twente","GM1735",2020-12-17,25,25,25,25,24,20,2020-11-01,5,0,0,1,-100,"&#x2798;",35053,0,0,2.85282286822811
"Neder-Betuwe","GM1740",2020-12-17,48,48,47,47,46,44,2020-11-01,4,0,1,2,0,"-",24591,0,4.06652840470091,8.13305680940181
"Rijssen-Holten","GM1742",2020-12-17,34,34,34,34,32,30,2020-11-01,4,0,0,2,-100,"&#x2798;",38205,0,0,5.23491689569428
"Geldrop-Mierlo","GM1771",2020-12-17,47,47,46,44,44,37,2020-11-01,10,0,1,3,-50,"&#x2798;",40073,0,2.49544581139421,7.48633743418262
"Olst-Wijhe","GM1773",2020-12-17,12,12,12,12,12,12,2020-11-01,0,0,0,0,0,"-",18353,0,0,0
"Dinkelland","GM1774",2020-12-17,24,24,24,24,24,21,2020-11-01,3,0,0,0,0,"-",26588,0,0,0
"Westland","GM1783",2020-12-17,111,110,108,107,102,75,2020-11-01,36,1,3,9,-50,"&#x2798;",111356,0.898020762240023,2.69406228672007,8.08218686016021
"Midden-Delfland","GM1842",2020-12-17,13,13,13,13,13,8,2020-11-01,5,0,0,0,0,"-",19374,0,0,0
"Berkelland","GM1859",2020-12-17,30,29,27,27,27,19,2020-11-01,11,1,3,3,300,"&#x279A;",43831,2.281490269444,6.844470808332,6.844470808332
"Bronckhorst","GM1876",2020-12-17,21,21,22,22,20,18,2020-11-01,3,0,-1,1,-150,"&#x2798;",36111,0,-2.76923928996705,2.76923928996705
"Sittard-Geleen","GM1883",2020-12-17,142,141,140,139,137,128,2020-11-01,14,1,2,5,-33.3333333333333,"&#x2798;",91822,1.08906362309686,2.17812724619372,5.44531811548431
"Kaag en Braassem","GM1884",2020-12-17,15,15,14,14,12,9,2020-11-01,6,0,1,3,-50,"&#x2798;",27557,0,3.62884203650615,10.8865261095185
"Dantumadiel","GM1891",2020-12-17,3,3,2,2,2,2,2020-11-01,1,0,1,1,100,"&#x279A;",18942,0,5.2792735719565,5.2792735719565
"Zuidplas","GM1892",2020-12-17,49,49,48,47,47,32,2020-11-01,17,0,1,2,0,"-",45014,0,2.2215310792198,4.4430621584396
"Peel en Maas","GM1894",2020-12-17,148,148,148,148,148,146,2020-11-01,2,0,0,0,0,"-",43630,0,0,0
"Oldambt","GM1895",2020-12-17,11,11,11,11,11,10,2020-11-01,1,0,0,0,0,"-",38288,0,0,0
"Zwartewaterland","GM1896",2020-12-17,39,39,38,38,38,35,2020-11-01,4,0,1,1,100,"&#x279A;",22794,0,4.38711941739054,4.38711941739054
"Súdwest-Fryslân","GM1900",2020-12-17,27,27,27,26,26,22,2020-11-01,5,0,0,1,-100,"&#x2798;",89958,0,0,1.11162987171791
"Bodegraven-Reeuwijk","GM1901",2020-12-17,30,29,29,29,27,15,2020-11-01,15,1,1,3,-50,"&#x2798;",35260,2.83607487237663,2.83607487237663,8.50822461712989
"Eijsden-Margraten","GM1903",2020-12-17,62,62,62,62,61,59,2020-11-01,3,0,0,1,-100,"&#x2798;",25888,0,0,3.8627935723115
"Stichtse Vecht","GM1904",2020-12-17,71,71,68,68,67,51,2020-11-02,20,0,3,4,200,"&#x279A;",65167,0,4.60355701505363,6.13807602007151
"Hollands Kroon","GM1911",2020-12-17,34,34,33,33,32,26,2020-11-01,8,0,1,2,0,"-",48618,0,2.05685137191987,4.11370274383973
"Leidschendam-Voorburg","GM1916",2020-12-17,74,74,70,69,64,41,2020-11-01,33,0,4,10,-33.3333333333333,"&#x2798;",76431,0,5.23347856236344,13.0836964059086
"Goeree-Overflakkee","GM1924",2020-12-17,78,78,76,76,73,61,2020-11-01,17,0,2,5,-33.3333333333333,"&#x2798;",50488,0,3.96133734748851,9.90334336872128
"Pijnacker-Nootdorp","GM1926",2020-12-17,41,41,40,40,39,32,2020-11-01,9,0,1,2,0,"-",55552,0,1.80011520737327,3.60023041474654
"Nissewaard","GM1930",2020-12-17,102,99,96,96,90,74,2020-11-01,28,3,6,12,0,"-",85300,3.51699882766706,7.03399765533412,14.0679953106682
"Krimpenerwaard","GM1931",2020-12-17,74,73,70,70,70,58,2020-11-01,16,1,4,4,400,"&#x279A;",56491,1.7701934821476,7.0807739285904,7.0807739285904
"De Fryske Marren","GM1940",2020-12-17,28,28,26,26,26,24,2020-11-01,4,0,2,2,200,"&#x279A;",51651,0,3.87214187527831,3.87214187527831
"Gooise Meren","GM1942",2020-12-17,37,37,37,36,36,29,2020-11-01,8,0,0,1,-100,"&#x2798;",58439,0,0,1.71118602303256
"Berg en Dal","GM1945",2020-12-17,45,44,43,43,43,41,2020-11-01,4,1,2,2,200,"&#x279A;",35017,2.85575577576606,5.71151155153211,5.71151155153211
"Meierijstad","GM1948",2020-12-17,226,226,225,224,224,217,2020-11-01,9,0,1,2,0,"-",81607,0,1.22538507726053,2.45077015452106
"Waadhoeke","GM1949",2020-12-17,18,18,18,18,18,15,2020-11-01,3,0,0,0,0,"-",46085,0,0,0
"Westerwolde","GM1950",2020-12-17,14,14,14,14,14,12,2020-11-01,2,0,0,0,0,"-",25976,0,0,0
"Midden-Groningen","GM1952",2020-12-17,19,19,17,17,17,10,2020-11-01,9,0,2,2,200,"&#x279A;",60761,0,3.29158506278698,3.29158506278698
"Beekdaelen","GM1954",2020-12-17,57,57,55,55,55,52,2020-11-01,5,0,2,2,200,"&#x279A;",36073,0,5.54431292102126,5.54431292102126
"Montferland","GM1955",2020-12-17,29,29,28,28,27,25,2020-11-01,4,0,1,2,0,"-",36068,0,2.77254075634912,5.54508151269824
"Altena","GM1959",2020-12-17,56,56,53,52,48,40,2020-11-01,16,0,3,8,-40,"&#x2798;",56333,0,5.32547529867041,14.2012674631211
"West Betuwe","GM1960",2020-12-17,71,71,69,68,67,54,2020-11-01,17,0,2,4,0,"-",51405,0,3.89067211360763,7.78134422721525
"Vijfheerenlanden","GM1961",2020-12-17,61,61,60,60,57,48,2020-11-01,13,0,1,4,-66.6666666666667,"&#x2798;",57751,0,1.73157174767537,6.92628699070146
"Hoeksche Waard","GM1963",2020-12-17,89,88,88,88,88,84,2020-11-15,5,1,1,1,100,"&#x279A;",87822,1.13866684885336,1.13866684885336,1.13866684885336
"Het Hogeland","GM1966",2020-12-17,13,13,13,13,10,7,2020-11-01,6,0,0,3,-100,"&#x2798;",47888,0,0,6.26461744069495
"Westerkwartier","GM1969",2020-12-17,21,21,21,21,21,19,2020-11-01,2,0,0,0,0,"-",63568,0,0,0
"Noardeast-Fryslân","GM1970",2020-12-17,14,14,14,13,12,7,2020-11-01,7,0,0,2,-100,"&#x2798;",45445,0,0,4.40092419408076
"Molenlanden","GM1978",2020-12-17,22,22,21,21,20,19,2020-11-23,3,0,1,2,0,"-",44072,0,2.26901434017063,4.53802868034126
