"municipality","Municipality_code","date","d0","d1","d7","d8","d14","dec1","lowest_since_dec1","lowest_since_dec1_date","current","increase_1d","increase_7d","increase_14d","increase_growth","growth","population","rel_increase_1d","rel_increase_7d","rel_increase_14d"
"Netherlands","",2021-01-05,35474,35174,33709,33284,31648,27847,27847,2020-12-01,7627,300,1765,3826,-14.3619602134886,"&#x2798;",17443797,1.71980905304046,10.1182099287214,21.9332981231093
"Unknown","",2021-01-05,1004,996,962,953,904,787,787,2020-12-01,217,8,42,100,-27.5862068965517,"&#x2798;",NA,NA,NA,NA
"Appingedam","GM0003",2021-01-05,14,14,13,13,13,10,10,2020-12-01,4,0,1,1,100,"&#x279A;",11508,0,8.68960722975322,8.68960722975322
"Delfzijl","GM0010",2021-01-05,40,39,32,31,25,12,12,2020-12-01,28,1,8,15,14.2857142857143,"&#x279A;",24622,4.06140849646657,32.4912679717326,60.9211274469986
"Groningen","GM0014",2021-01-05,126,122,113,109,102,76,76,2020-12-01,50,4,13,24,18.1818181818182,"&#x279A;",233456,1.71338496333356,5.56850113083408,10.2803097800014
"Loppersum","GM0024",2021-01-05,4,4,4,4,4,3,3,2020-12-01,1,0,0,0,0,"-",9476,0,0,0
"Almere","GM0034",2021-01-05,128,125,108,106,102,86,86,2020-12-01,42,3,20,26,233.333333333333,"&#x279A;",214551,1.39826894304851,9.32179295365671,12.1183308397537
"Stadskanaal","GM0037",2021-01-05,35,35,33,33,29,21,21,2020-12-01,14,0,2,6,-50,"&#x2798;",31702,0,6.30875023657813,18.9262507097344
"Veendam","GM0047",2021-01-05,26,26,24,22,17,13,13,2020-12-01,13,0,2,9,-71.4285714285714,"&#x2798;",27416,0,7.2950102130143,32.8275459585643
"Zeewolde","GM0050",2021-01-05,35,33,30,30,28,20,20,2020-12-01,15,2,5,7,150,"&#x279A;",22836,8.75810124365038,21.8952531091259,30.6533543527763
"Achtkarspelen","GM0059",2021-01-05,17,17,16,15,14,10,10,2020-12-01,7,0,1,3,-50,"&#x2798;",27881,0,3.58667192711883,10.7600157813565
"Ameland","GM0060",2021-01-05,3,3,3,3,0,0,0,2020-12-01,3,0,0,3,-100,"&#x2798;",3747,0,0,80.0640512409928
"Harlingen","GM0072",2021-01-05,9,9,8,8,7,7,7,2020-12-01,2,0,1,2,0,"-",15835,0,6.31512472371329,12.6302494474266
"Heerenveen","GM0074",2021-01-05,42,42,39,38,37,32,32,2020-12-01,10,0,3,5,50,"&#x279A;",50626,0,5.92580887291115,9.87634812151859
"Leeuwarden","GM0080",2021-01-05,94,92,86,86,73,65,65,2020-12-01,29,2,8,21,-38.4615384615385,"&#x2798;",124517,1.60620638145795,6.42482552583181,16.8651670053085
"Ooststellingwerf","GM0085",2021-01-05,21,21,21,20,20,16,16,2020-12-01,5,0,0,1,-100,"&#x2798;",25437,0,0,3.93128120454456
"Opsterland","GM0086",2021-01-05,23,23,21,21,19,16,16,2020-12-01,7,0,2,4,0,"-",29812,0,6.70870790285791,13.4174158057158
"Schiermonnikoog","GM0088",2021-01-05,1,1,1,1,1,1,1,2020-12-01,0,0,0,0,0,"-",936,0,0,0
"Smallingerland","GM0090",2021-01-05,44,43,40,39,34,29,29,2020-12-01,15,1,4,10,-33.3333333333333,"&#x2798;",56060,1.78380306814128,7.13521227256511,17.8380306814128
"Terschelling","GM0093",2021-01-05,1,1,1,1,1,1,1,2020-12-01,0,0,0,0,0,"-",4883,0,0,0
"Vlieland","GM0096",2021-01-05,0,0,0,0,0,0,0,2020-12-01,0,0,0,0,0,"-",1200,0,0,0
"Weststellingwerf","GM0098",2021-01-05,15,15,15,15,13,10,10,2020-12-01,5,0,0,2,-100,"&#x2798;",26112,0,0,7.6593137254902
"Assen","GM0106",2021-01-05,58,55,50,47,45,35,35,2020-12-01,23,3,8,13,60,"&#x279A;",68812,4.35970470266814,11.625879207115,18.8920537115619
"Coevorden","GM0109",2021-01-05,50,48,44,43,39,28,28,2020-12-01,22,2,6,11,20,"&#x279A;",35309,5.66427822934663,16.9928346880399,31.1535302614064
"Emmen","GM0114",2021-01-05,155,153,144,142,136,117,117,2020-12-01,38,2,11,19,37.5,"&#x279A;",106984,1.86943842069842,10.2819113138413,17.759664996635
"Hoogeveen","GM0118",2021-01-05,92,91,81,77,64,55,55,2020-12-01,37,1,11,28,-35.2941176470588,"&#x2798;",55604,1.79843176749874,19.7827494424861,50.3560894899648
"Meppel","GM0119",2021-01-05,22,22,18,15,12,11,11,2020-12-01,11,0,4,10,-33.3333333333333,"&#x2798;",34324,0,11.6536534203473,29.1341335508682
"Almelo","GM0141",2021-01-05,226,223,213,212,199,166,166,2020-12-01,60,3,13,27,-7.14285714285714,"&#x2798;",73180,4.09948073244056,17.7644165072424,36.895326591965
"Borne","GM0147",2021-01-05,55,54,51,49,48,38,38,2020-12-01,17,1,4,7,33.3333333333333,"&#x279A;",23637,4.23065532851039,16.9226213140415,29.6145872995727
"Dalfsen","GM0148",2021-01-05,27,27,23,22,20,13,13,2020-12-01,14,0,4,7,33.3333333333333,"&#x279A;",28919,0,13.8317369203638,24.2055396106366
"Deventer","GM0150",2021-01-05,183,182,175,172,166,132,132,2020-12-01,51,1,8,17,-11.1111111111111,"&#x2798;",101100,0.989119683481701,7.91295746785361,16.8150346191889
"Enschede","GM0153",2021-01-05,335,332,317,313,285,238,238,2020-12-01,97,3,18,50,-43.75,"&#x2798;",159872,1.87650120096077,11.2590072057646,31.2750200160128
"Haaksbergen","GM0158",2021-01-05,61,61,58,58,56,47,47,2020-12-01,14,0,3,5,50,"&#x279A;",24237,0,12.3777695259314,20.6296158765524
"Hardenberg","GM0160",2021-01-05,78,77,70,62,57,47,47,2020-12-01,31,1,8,21,-38.4615384615385,"&#x2798;",61327,1.63060316010892,13.0448252808714,34.2426663622874
"Hellendoorn","GM0163",2021-01-05,62,60,55,54,49,37,37,2020-12-01,25,2,7,13,16.6666666666667,"&#x279A;",35903,5.57056513383283,19.4969779684149,36.2086733699134
"Hengelo","GM0164",2021-01-05,168,163,157,151,142,127,127,2020-12-01,41,5,11,26,-26.6666666666667,"&#x2798;",81099,6.16530413445295,13.5636690957965,32.0595814991554
"Kampen","GM0166",2021-01-05,49,48,47,46,42,40,40,2020-12-01,9,1,2,7,-60,"&#x2798;",54438,1.83695212902752,3.67390425805503,12.8586649031926
"Losser","GM0168",2021-01-05,65,65,62,62,59,41,41,2020-12-01,24,0,3,6,0,"-",22867,0,13.1193422836402,26.2386845672804
"Noordoostpolder","GM0171",2021-01-05,44,43,38,36,33,26,26,2020-12-01,18,1,6,11,20,"&#x279A;",47597,2.10097275038343,12.6058365023006,23.1107002542177
"Oldenzaal","GM0173",2021-01-05,83,82,80,79,73,58,58,2020-12-01,25,1,3,10,-57.1428571428571,"&#x2798;",31734,3.1511943026407,9.4535829079221,31.511943026407
"Ommen","GM0175",2021-01-05,30,30,27,26,23,19,19,2020-12-01,11,0,3,7,-25,"&#x2798;",18272,0,16.4185639229422,38.3099824868652
"Raalte","GM0177",2021-01-05,49,49,48,47,43,36,36,2020-12-01,13,0,1,6,-80,"&#x2798;",37920,0,2.63713080168776,15.8227848101266
"Staphorst","GM0180",2021-01-05,27,25,21,20,17,15,15,2020-12-01,12,2,6,10,50,"&#x279A;",17276,11.5767538782125,34.7302616346376,57.8837693910627
"Tubbergen","GM0183",2021-01-05,49,48,45,44,42,39,39,2020-12-01,10,1,4,7,33.3333333333333,"&#x279A;",21322,4.6899915580152,18.7599662320608,32.8299409061064
"Urk","GM0184",2021-01-05,64,63,61,60,58,45,45,2020-12-01,19,1,3,6,0,"-",21208,4.7152018106375,14.1456054319125,28.291210863825
"Wierden","GM0189",2021-01-05,59,59,58,58,53,38,38,2020-12-01,21,0,1,6,-80,"&#x2798;",24532,0,4.0763084950269,24.4578509701614
"Zwolle","GM0193",2021-01-05,70,70,62,58,52,45,45,2020-12-01,25,0,8,18,-20,"&#x2798;",129697,0,6.16822285789186,13.8785014302567
"Aalten","GM0197",2021-01-05,37,37,34,33,29,24,24,2020-12-01,13,0,3,8,-40,"&#x2798;",27133,0,11.0566468875539,29.4843917001437
"Apeldoorn","GM0200",2021-01-05,297,285,275,271,255,224,224,2020-12-01,73,12,22,42,10,"&#x279A;",164717,7.28522253319329,13.3562413108544,25.4982788661765
"Arnhem","GM0202",2021-01-05,117,116,114,109,103,67,67,2020-12-01,50,1,3,14,-72.7272727272727,"&#x2798;",162353,0.615941805818186,1.84782541745456,8.62318528145461
"Barneveld","GM0203",2021-01-05,91,87,82,81,76,64,64,2020-12-01,27,4,9,15,50,"&#x279A;",59938,6.67356268143748,15.0155160332343,25.0258600553906
"Beuningen","GM0209",2021-01-05,47,47,44,42,41,37,37,2020-12-01,10,0,3,6,0,"-",26159,0,11.4683283000115,22.9366566000229
"Brummen","GM0213",2021-01-05,33,32,30,28,24,21,21,2020-12-01,12,1,3,9,-50,"&#x2798;",20867,4.79225571476494,14.3767671442948,43.1303014328845
"Buren","GM0214",2021-01-05,70,70,64,64,60,47,47,2020-12-01,23,0,6,10,50,"&#x279A;",26997,0,22.2246916324036,37.0411527206727
"Culemborg","GM0216",2021-01-05,71,71,71,71,71,60,60,2020-12-01,11,0,0,0,0,"-",29132,0,0,0
"Doesburg","GM0221",2021-01-05,16,16,14,14,13,10,10,2020-12-01,6,0,2,3,100,"&#x279A;",11061,0,18.08154778049,27.122321670735
"Doetinchem","GM0222",2021-01-05,85,85,76,75,73,66,66,2020-12-01,19,0,9,12,200,"&#x279A;",58227,0,15.4567468700088,20.6089958266783
"Druten","GM0225",2021-01-05,60,60,58,58,55,47,47,2020-12-01,13,0,2,5,-33.3333333333333,"&#x2798;",18980,0,10.5374077976818,26.3435194942044
"Duiven","GM0226",2021-01-05,19,19,19,19,16,11,11,2020-12-01,8,0,0,3,-100,"&#x2798;",25072,0,0,11.9655392469687
"Ede","GM0228",2021-01-05,230,224,215,215,211,172,172,2020-12-01,58,6,15,19,275,"&#x279A;",118538,5.06166798832442,12.654169970811,16.0286152963607
"Elburg","GM0230",2021-01-05,38,37,31,31,28,25,25,2020-12-01,13,1,7,10,133.333333333333,"&#x279A;",23443,4.26566565712579,29.8596595998806,42.6566565712579
"Epe","GM0232",2021-01-05,69,68,66,65,59,49,49,2020-12-01,20,1,3,10,-57.1428571428571,"&#x2798;",33198,3.0122296523887,9.03668895716609,30.122296523887
"Ermelo","GM0233",2021-01-05,73,72,69,68,61,53,53,2020-12-01,20,1,4,12,-50,"&#x2798;",27044,3.69767785830498,14.7907114332199,44.3721342996598
"Harderwijk","GM0243",2021-01-05,122,122,108,104,95,80,80,2020-12-01,42,0,14,27,7.69230769230769,"&#x279A;",48657,0,28.7728384405122,55.4904741352734
"Hattem","GM0244",2021-01-05,10,10,10,10,10,9,9,2020-12-01,1,0,0,0,0,"-",12235,0,0,0
"Heerde","GM0246",2021-01-05,22,22,22,21,19,18,18,2020-12-01,4,0,0,3,-100,"&#x2798;",18744,0,0,16.0051216389245
"Heumen","GM0252",2021-01-05,40,40,40,39,37,33,33,2020-12-01,7,0,0,3,-100,"&#x2798;",16579,0,0,18.0951806502202
"Lochem","GM0262",2021-01-05,47,47,47,47,39,34,34,2020-12-01,13,0,0,8,-100,"&#x2798;",33907,0,0,23.5939481522989
"Maasdriel","GM0263",2021-01-05,50,49,49,48,47,42,42,2020-12-01,8,1,1,3,-50,"&#x2798;",25441,3.93066310286545,3.93066310286545,11.7919893085964
"Nijkerk","GM0267",2021-01-05,73,72,71,71,66,57,57,2020-12-01,16,1,2,7,-60,"&#x2798;",43577,2.29478853523648,4.58957707047296,16.0635197466553
"Nijmegen","GM0268",2021-01-05,362,358,351,349,338,308,308,2020-12-01,54,4,11,24,-15.3846153846154,"&#x2798;",177463,2.25399097276615,6.19847517510692,13.5239458365969
"Oldebroek","GM0269",2021-01-05,30,29,26,25,20,14,14,2020-12-01,16,1,4,10,-33.3333333333333,"&#x2798;",23749,4.21070360857299,16.842814434292,42.1070360857299
"Putten","GM0273",2021-01-05,39,38,37,36,34,30,30,2020-12-01,9,1,2,5,-33.3333333333333,"&#x2798;",24384,4.1010498687664,8.20209973753281,20.505249343832
"Renkum","GM0274",2021-01-05,33,33,32,31,30,22,22,2020-12-01,11,0,1,3,-50,"&#x2798;",31413,0,3.18339540954382,9.55018622863146
"Rheden","GM0275",2021-01-05,26,26,25,24,24,15,15,2020-12-01,11,0,1,2,0,"-",43565,0,2.29542063583152,4.59084127166303
"Rozendaal","GM0277",2021-01-05,1,1,0,0,0,0,0,2020-12-01,1,0,1,1,100,"&#x279A;",1718,0,58.2072176949942,58.2072176949942
"Scherpenzeel","GM0279",2021-01-05,11,11,10,10,10,9,9,2020-12-01,2,0,1,1,100,"&#x279A;",10110,0,9.89119683481701,9.89119683481701
"Tiel","GM0281",2021-01-05,130,130,125,125,123,109,109,2020-12-01,21,0,5,7,150,"&#x279A;",41899,0,11.9334590324351,16.7068426454092
"Voorst","GM0285",2021-01-05,54,54,52,49,46,35,35,2020-12-01,19,0,2,8,-66.6666666666667,"&#x2798;",24762,0,8.0768920119538,32.3075680478152
"Wageningen","GM0289",2021-01-05,57,54,54,53,53,47,47,2020-12-01,10,3,3,4,200,"&#x279A;",39719,7.55306024824391,7.55306024824391,10.0707469976586
"Westervoort","GM0293",2021-01-05,16,16,16,16,15,9,9,2020-12-01,7,0,0,1,-100,"&#x2798;",15017,0,0,6.65911966438037
"Winterswijk","GM0294",2021-01-05,34,34,34,34,34,33,33,2020-12-01,1,0,0,0,0,"-",29007,0,0,0
"Wijchen","GM0296",2021-01-05,117,117,114,113,110,94,94,2020-12-01,23,0,3,7,-25,"&#x2798;",41259,0,7.27114084199811,16.9659952979956
"Zaltbommel","GM0297",2021-01-05,58,56,54,52,47,40,40,2020-12-01,18,2,4,11,-42.8571428571429,"&#x2798;",29436,6.79440141323549,13.588802826471,37.3692077727952
"Zevenaar","GM0299",2021-01-05,40,40,38,38,36,30,30,2020-12-01,10,0,2,4,0,"-",44085,0,4.53669048429171,9.07338096858342
"Zutphen","GM0301",2021-01-05,78,77,73,72,67,57,57,2020-12-01,21,1,5,11,-16.6666666666667,"&#x2798;",48105,2.07878598898243,10.3939299449122,22.8666458788068
"Nunspeet","GM0302",2021-01-05,102,100,98,98,97,90,90,2020-12-01,12,2,4,5,300,"&#x279A;",28017,7.13852303958311,14.2770460791662,17.8463075989578
"Dronten","GM0303",2021-01-05,77,77,70,69,67,52,52,2020-12-01,25,0,7,10,133.333333333333,"&#x279A;",41936,0,16.6921022510492,23.8458603586417
"Amersfoort","GM0307",2021-01-05,259,257,237,235,217,183,183,2020-12-01,76,2,22,42,10,"&#x279A;",157547,1.26946244612719,13.9640869073991,26.6587113686709
"Baarn","GM0308",2021-01-05,24,24,22,22,22,21,21,2020-12-01,3,0,2,2,200,"&#x279A;",24844,0,8.05023345677025,8.05023345677025
"De Bilt","GM0310",2021-01-05,78,78,76,75,72,65,65,2020-12-01,13,0,2,6,-50,"&#x2798;",43371,0,4.61137626524636,13.8341287957391
"Bunnik","GM0312",2021-01-05,26,26,25,25,22,20,20,2020-12-01,6,0,1,4,-66.6666666666667,"&#x2798;",15345,0,6.5167807103291,26.0671228413164
"Bunschoten","GM0313",2021-01-05,76,76,71,70,67,54,54,2020-12-01,22,0,5,9,25,"&#x279A;",22036,0,22.6901434017063,40.8422581230713
"Eemnes","GM0317",2021-01-05,3,2,2,2,2,1,1,2020-12-01,2,1,1,1,100,"&#x279A;",9361,10.6826193782716,10.6826193782716,10.6826193782716
"Houten","GM0321",2021-01-05,72,72,63,63,61,56,56,2020-12-01,16,0,9,11,350,"&#x279A;",50206,0,17.9261442855436,21.9097319045532
"Leusden","GM0327",2021-01-05,33,33,31,31,27,23,23,2020-12-01,10,0,2,6,-50,"&#x2798;",30522,0,6.55265054714632,19.657951641439
"Lopik","GM0331",2021-01-05,33,33,33,33,31,30,30,2020-12-01,3,0,0,2,-100,"&#x2798;",14455,0,0,13.836042891733
"Montfoort","GM0335",2021-01-05,28,28,27,26,24,24,24,2020-12-01,4,0,1,4,-66.6666666666667,"&#x2798;",13878,0,7.20564922899553,28.8225969159821
"Renswoude","GM0339",2021-01-05,6,6,6,6,6,4,4,2020-12-01,2,0,0,0,0,"-",5547,0,0,0
"Rhenen","GM0340",2021-01-05,37,35,34,34,30,27,27,2020-12-01,10,2,3,7,-25,"&#x2798;",20193,9.90442232456792,14.8566334868519,34.6654781359877
"Soest","GM0342",2021-01-05,83,83,76,75,70,61,61,2020-12-01,22,0,7,13,16.6666666666667,"&#x279A;",46906,0,14.9234639491749,27.7150044770392
"Utrecht","GM0344",2021-01-05,728,724,701,698,678,627,627,2020-12-01,101,4,27,50,17.3913043478261,"&#x279A;",359548,1.11250792661898,7.5094285046781,13.9063490827372
"Veenendaal","GM0345",2021-01-05,173,170,162,159,146,115,115,2020-12-01,58,3,11,27,-31.25,"&#x2798;",66945,4.48129061169617,16.4313989095526,40.3316155052655
"Woudenberg","GM0351",2021-01-05,23,23,23,23,22,17,17,2020-12-01,6,0,0,1,-100,"&#x2798;",13625,0,0,7.3394495412844
"Wijk bij Duurstede","GM0352",2021-01-05,41,41,37,35,30,29,29,2020-12-01,12,0,4,11,-42.8571428571429,"&#x2798;",23917,0,16.7245055818037,45.9923903499603
"IJsselstein","GM0353",2021-01-05,92,92,91,91,84,79,79,2020-12-01,13,0,1,8,-85.7142857142857,"&#x2798;",33855,0,2.95377344557672,23.6301875646138
"Zeist","GM0355",2021-01-05,107,107,102,102,93,81,81,2020-12-01,26,0,5,14,-44.4444444444444,"&#x2798;",65005,0,7.69171602184447,21.5368048611645
"Nieuwegein","GM0356",2021-01-05,111,111,109,109,108,93,93,2020-12-01,18,0,2,3,100,"&#x279A;",63811,0,3.13425584930498,4.70138377395747
"Aalsmeer","GM0358",2021-01-05,34,34,34,33,32,29,29,2020-12-01,5,0,0,2,-100,"&#x2798;",31957,0,0,6.25840973808555
"Alkmaar","GM0361",2021-01-05,211,209,197,193,173,148,148,2020-12-01,63,2,14,38,-41.6666666666667,"&#x2798;",109841,1.82081372165221,12.7456960515654,34.5954607113919
"Amstelveen","GM0362",2021-01-05,141,141,140,140,138,132,132,2020-12-01,9,0,1,3,-50,"&#x2798;",90956,0,1.09943269273055,3.29829807819165
"Amsterdam","GM0363",2021-01-05,2239,2233,2174,2149,2076,1876,1876,2020-12-01,363,6,65,163,-33.6734693877551,"&#x2798;",873289,0.687057778123851,7.44312592967506,18.6650696390313
"Beemster","GM0370",2021-01-05,11,11,11,10,10,9,9,2020-12-01,2,0,0,1,-100,"&#x2798;",10073,0,0,9.92752903802243
"Bergen (NH.)","GM0373",2021-01-05,62,62,57,57,56,44,44,2020-12-01,18,0,5,6,400,"&#x279A;",29706,0,16.8316165084495,20.1979398101394
"Beverwijk","GM0375",2021-01-05,49,48,46,46,44,39,39,2020-12-01,10,1,3,5,50,"&#x279A;",41830,2.3906287353574,7.1718862060722,11.953143676787
"Blaricum","GM0376",2021-01-05,4,3,3,3,3,3,3,2020-12-01,1,1,1,1,100,"&#x279A;",11919,8.38996560114104,8.38996560114104,8.38996560114104
"Bloemendaal","GM0377",2021-01-05,7,7,7,7,7,6,6,2020-12-01,1,0,0,0,0,"-",23529,0,0,0
"Castricum","GM0383",2021-01-05,47,47,44,43,38,32,32,2020-12-01,15,0,3,9,-50,"&#x2798;",36164,0,8.29554252848136,24.8866275854441
"Diemen","GM0384",2021-01-05,67,65,63,61,56,51,51,2020-12-01,16,2,4,11,-42.8571428571429,"&#x2798;",31304,6.38895987733197,12.7779197546639,35.1392793253258
"Edam-Volendam","GM0385",2021-01-05,94,93,91,90,86,78,78,2020-12-01,16,1,3,8,-40,"&#x2798;",36247,2.75884900819378,8.27654702458135,22.0707920655503
"Enkhuizen","GM0388",2021-01-05,52,52,46,46,39,29,29,2020-12-01,23,0,6,13,-14.2857142857143,"&#x2798;",18666,0,32.1440051430408,69.6453444765884
"Haarlem","GM0392",2021-01-05,118,115,110,101,95,76,76,2020-12-01,42,3,8,23,-46.6666666666667,"&#x2798;",162754,1.84327266918171,4.91539378448456,14.1317571303931
"Haarlemmermeer","GM0394",2021-01-05,156,156,149,137,126,110,110,2020-12-01,46,0,7,30,-69.5652173913043,"&#x2798;",157730,0,4.43796360869841,19.0198440372789
"Heemskerk","GM0396",2021-01-05,63,60,57,57,53,51,51,2020-12-01,12,3,6,10,50,"&#x279A;",39233,7.64662401549716,15.2932480309943,25.4887467183239
"Heemstede","GM0397",2021-01-05,13,13,13,12,11,9,9,2020-12-01,4,0,0,2,-100,"&#x2798;",27494,0,0,7.27431439586819
"Heerhugowaard","GM0398",2021-01-05,87,85,79,79,74,66,66,2020-12-01,21,2,8,13,60,"&#x279A;",58303,3.43035521328234,13.7214208531293,22.2973088863352
"Heiloo","GM0399",2021-01-05,26,25,25,24,22,20,20,2020-12-01,6,1,1,4,-66.6666666666667,"&#x2798;",24119,4.14610887681911,4.14610887681911,16.5844355072764
"Den Helder","GM0400",2021-01-05,67,66,58,58,47,37,37,2020-12-01,30,1,9,20,-18.1818181818182,"&#x2798;",56531,1.76894093506218,15.9204684155596,35.3788187012436
"Hilversum","GM0402",2021-01-05,29,28,28,28,27,26,26,2020-12-01,3,1,1,2,0,"-",91247,1.09592644141725,1.09592644141725,2.1918528828345
"Hoorn","GM0405",2021-01-05,120,117,109,107,100,85,85,2020-12-01,35,3,11,20,22.2222222222222,"&#x279A;",73579,4.07725030239606,14.9499177754522,27.1816686826404
"Huizen","GM0406",2021-01-05,29,28,27,26,26,24,24,2020-12-01,5,1,2,3,100,"&#x279A;",41130,2.43131534159981,4.86263068319961,7.29394602479942
"Landsmeer","GM0415",2021-01-05,20,19,18,18,14,12,12,2020-12-01,8,1,2,6,-50,"&#x2798;",11564,8.6475268073331,17.2950536146662,51.8851608439986
"Langedijk","GM0416",2021-01-05,47,46,43,42,38,35,35,2020-12-01,12,1,4,9,-20,"&#x2798;",28332,3.52957786248765,14.1183114499506,31.7662007623888
"Laren","GM0417",2021-01-05,8,8,8,8,8,7,7,2020-12-01,1,0,0,0,0,"-",11401,0,0,0
"Medemblik","GM0420",2021-01-05,74,72,64,63,55,43,43,2020-12-01,31,2,10,19,11.1111111111111,"&#x279A;",45194,4.42536619905297,22.1268309952649,42.0409788910032
"Oostzaan","GM0431",2021-01-05,24,24,22,22,22,20,20,2020-12-01,4,0,2,2,200,"&#x279A;",9685,0,20.6504904491482,20.6504904491482
"Opmeer","GM0432",2021-01-05,8,8,8,8,8,7,7,2020-12-01,1,0,0,0,0,"-",11988,0,0,0
"Ouder-Amstel","GM0437",2021-01-05,18,18,18,18,18,16,16,2020-12-01,2,0,0,0,0,"-",14120,0,0,0
"Purmerend","GM0439",2021-01-05,192,188,180,180,174,154,154,2020-12-01,38,4,12,18,100,"&#x279A;",81708,4.89548147060263,14.6864444118079,22.0296666177119
"Schagen","GM0441",2021-01-05,70,69,62,60,52,40,40,2020-12-01,30,1,8,18,-20,"&#x2798;",46546,2.14841232329309,17.1872985863447,38.6714218192756
"Texel","GM0448",2021-01-05,13,13,13,13,12,11,11,2020-12-01,2,0,0,1,-100,"&#x2798;",13658,0,0,7.32171621027969
"Uitgeest","GM0450",2021-01-05,17,17,17,17,15,13,13,2020-12-01,4,0,0,2,-100,"&#x2798;",13644,0,0,14.6584579302257
"Uithoorn","GM0451",2021-01-05,41,41,40,40,40,39,39,2020-12-01,2,0,1,1,100,"&#x279A;",30138,0,3.31807021036565,3.31807021036565
"Velsen","GM0453",2021-01-05,80,77,76,73,67,57,57,2020-12-01,23,3,4,13,-55.5555555555556,"&#x2798;",68683,4.36789307397755,5.82385743197007,18.9275366539027
"Weesp","GM0457",2021-01-05,18,18,18,18,16,14,14,2020-12-01,4,0,0,2,-100,"&#x2798;",20459,0,0,9.77564885869299
"Zandvoort","GM0473",2021-01-05,14,14,12,11,10,9,9,2020-12-01,5,0,2,4,0,"-",17168,0,11.6495806150979,23.2991612301957
"Zaanstad","GM0479",2021-01-05,407,405,390,386,369,327,327,2020-12-01,80,2,17,38,-19.047619047619,"&#x2798;",157106,1.27302585515512,10.8207197688185,24.1874912479472
"Alblasserdam","GM0482",2021-01-05,66,66,58,57,50,49,49,2020-12-01,17,0,8,16,0,"-",20193,0,39.6176892982717,79.2353785965434
"Alphen aan den Rijn","GM0484",2021-01-05,221,221,209,205,194,162,162,2020-12-01,59,0,12,27,-20,"&#x2798;",112552,0,10.6617385741702,23.9889117918829
"Barendrecht","GM0489",2021-01-05,113,110,108,107,105,91,91,2020-12-01,22,3,5,8,66.6666666666667,"&#x279A;",48635,6.16839724478256,10.2806620746376,16.4490593194202
"Drechterland","GM0498",2021-01-05,29,28,24,24,20,19,19,2020-12-01,10,1,5,9,25,"&#x279A;",19834,5.04184733286276,25.2092366643138,45.3766259957648
"Brielle","GM0501",2021-01-05,44,43,39,39,36,34,34,2020-12-01,10,1,5,8,66.6666666666667,"&#x279A;",17408,5.74448529411765,28.7224264705882,45.9558823529412
"Capelle aan den IJssel","GM0502",2021-01-05,223,221,206,204,194,178,178,2020-12-01,45,2,17,29,41.6666666666667,"&#x279A;",67204,2.97601333253973,25.2961133265877,43.1521933218261
"Delft","GM0503",2021-01-05,177,175,172,171,163,144,144,2020-12-01,33,2,5,14,-44.4444444444444,"&#x2798;",103880,1.92529842125529,4.81324605313824,13.4770889487871
"Dordrecht","GM0505",2021-01-05,384,384,368,365,347,304,304,2020-12-01,80,0,16,37,-23.8095238095238,"&#x2798;",119184,0,13.4246207544637,31.0444354946973
"Gorinchem","GM0512",2021-01-05,62,62,60,59,58,44,44,2020-12-01,18,0,2,4,0,"-",37405,0,5.34687875952413,10.6937575190483
"Gouda","GM0513",2021-01-05,202,201,187,184,178,161,161,2020-12-01,41,1,15,24,66.6666666666667,"&#x279A;",73754,1.35585866529273,20.3378799793909,32.5406079670255
"'s-Gravenhage","GM0518",2021-01-05,1380,1376,1340,1330,1290,1170,1170,2020-12-01,210,4,40,90,-20,"&#x2798;",548076,0.729825790583788,7.29825790583788,16.4210802881352
"Hardinxveld-Giessendam","GM0523",2021-01-05,25,25,22,21,20,15,15,2020-12-01,10,0,3,5,50,"&#x279A;",18399,0,16.3052339801076,27.175389966846
"Hellevoetsluis","GM0530",2021-01-05,75,73,73,73,71,61,61,2020-12-01,14,2,2,4,0,"-",40235,4.97079657015037,4.97079657015037,9.94159314030073
"Hendrik-Ido-Ambacht","GM0531",2021-01-05,80,80,77,76,75,67,67,2020-12-01,13,0,3,5,50,"&#x279A;",31255,0,9.59846424572068,15.9974404095345
"Stede Broec","GM0532",2021-01-05,49,46,41,41,38,35,35,2020-12-01,14,3,8,11,166.666666666667,"&#x279A;",21768,13.7816979051819,36.7511944138185,50.5328923190004
"Hillegom","GM0534",2021-01-05,17,17,14,14,14,12,12,2020-12-01,5,0,3,3,300,"&#x279A;",22217,0,13.5031732457127,13.5031732457127
"Katwijk","GM0537",2021-01-05,150,150,135,134,125,97,97,2020-12-01,53,0,15,25,50,"&#x279A;",66005,0,22.725551094614,37.8759184910234
"Krimpen aan den IJssel","GM0542",2021-01-05,77,77,66,65,63,57,57,2020-12-01,20,0,11,14,266.666666666667,"&#x279A;",29443,0,37.3603233366165,47.549502428421
"Leiden","GM0546",2021-01-05,172,171,166,165,159,137,137,2020-12-01,35,1,6,13,-14.2857142857143,"&#x2798;",124121,0.805665439369647,4.83399263621788,10.4736507118054
"Leiderdorp","GM0547",2021-01-05,62,62,61,59,59,50,50,2020-12-01,12,0,1,3,-50,"&#x2798;",27374,0,3.6531014831592,10.9593044494776
"Lisse","GM0553",2021-01-05,39,39,36,34,32,21,21,2020-12-01,18,0,3,7,-25,"&#x2798;",22999,0,13.044045393278,30.4361059176486
"Maassluis","GM0556",2021-01-05,90,89,85,84,83,80,80,2020-12-01,10,1,5,7,150,"&#x279A;",33557,2.98000417200584,14.9000208600292,20.8600292040409
"Nieuwkoop","GM0569",2021-01-05,42,40,37,37,35,23,23,2020-12-01,19,2,5,7,150,"&#x279A;",29146,6.86200507788376,17.1550126947094,24.0170177725932
"Noordwijk","GM0575",2021-01-05,86,86,84,83,74,66,66,2020-12-01,20,0,2,12,-80,"&#x2798;",43998,0,4.54566116641666,27.2739669984999
"Oegstgeest","GM0579",2021-01-05,37,35,35,35,33,30,30,2020-12-01,7,2,2,4,0,"-",25061,7.9805275128686,7.9805275128686,15.9610550257372
"Oudewater","GM0589",2021-01-05,36,36,36,36,35,33,33,2020-12-01,3,0,0,1,-100,"&#x2798;",10156,0,0,9.84639621898385
"Papendrecht","GM0590",2021-01-05,87,87,84,83,79,63,63,2020-12-01,24,0,3,8,-40,"&#x2798;",32142,0,9.33358222885944,24.8895526102918
"Ridderkerk","GM0597",2021-01-05,135,135,128,128,122,102,102,2020-12-01,33,0,7,13,16.6666666666667,"&#x279A;",46633,0,15.0108292410954,27.8772543048914
"Rotterdam","GM0599",2021-01-05,2251,2234,2192,2184,2120,1941,1941,2020-12-01,310,17,59,131,-18.0555555555556,"&#x2798;",652742,2.60439806232784,9.0387932751378,20.0691850685263
"Rijswijk","GM0603",2021-01-05,136,136,131,131,128,113,113,2020-12-01,23,0,5,8,66.6666666666667,"&#x279A;",55236,0,9.05206749221522,14.4833079875444
"Schiedam","GM0606",2021-01-05,225,224,218,217,210,196,196,2020-12-01,29,1,7,15,-12.5,"&#x2798;",79316,1.26077966614554,8.82545766301881,18.9116949921832
"Sliedrecht","GM0610",2021-01-05,97,97,88,87,80,60,60,2020-12-01,37,0,9,17,12.5,"&#x279A;",25570,0,35.1974970668752,66.4841611263199
"Albrandswaard","GM0613",2021-01-05,62,62,62,62,60,55,55,2020-12-01,7,0,0,2,-100,"&#x2798;",25806,0,0,7.75013562737348
"Westvoorne","GM0614",2021-01-05,20,19,17,17,17,15,15,2020-12-01,5,1,3,3,300,"&#x279A;",14893,6.7145638890754,20.1436916672262,20.1436916672262
"Vlaardingen","GM0622",2021-01-05,176,173,170,170,169,156,156,2020-12-01,20,3,6,7,500,"&#x279A;",73950,4.05679513184584,8.11359026369168,9.4658553076403
"Voorschoten","GM0626",2021-01-05,30,30,30,30,26,20,20,2020-12-01,10,0,0,4,-100,"&#x2798;",25643,0,0,15.5987988924853
"Waddinxveen","GM0627",2021-01-05,70,70,68,67,65,55,55,2020-12-01,15,0,2,5,-33.3333333333333,"&#x2798;",30320,0,6.59630606860158,16.490765171504
"Wassenaar","GM0629",2021-01-05,33,33,33,33,31,26,26,2020-12-01,7,0,0,2,-100,"&#x2798;",26845,0,0,7.45017694170236
"Woerden","GM0632",2021-01-05,122,121,113,112,110,99,99,2020-12-01,23,1,9,12,200,"&#x279A;",52671,1.89857796510414,17.0872016859372,22.7829355812496
"Zoetermeer","GM0637",2021-01-05,244,243,232,229,212,184,184,2020-12-01,60,1,12,32,-40,"&#x2798;",125284,0.798186520226047,9.57823824271256,25.5419686472335
"Zoeterwoude","GM0638",2021-01-05,14,14,14,14,12,9,9,2020-12-01,5,0,0,2,-100,"&#x2798;",8813,0,0,22.6937478724611
"Zwijndrecht","GM0642",2021-01-05,145,144,138,138,123,108,108,2020-12-01,37,1,7,22,-53.3333333333333,"&#x2798;",44763,2.23398789178563,15.6379152424994,49.1477336192838
"Borsele","GM0654",2021-01-05,17,15,14,13,11,9,9,2020-12-01,8,2,3,6,0,"-",22779,8.78001668203169,13.1700250230475,26.3400500460951
"Goes","GM0664",2021-01-05,44,44,44,44,43,32,32,2020-12-01,12,0,0,1,-100,"&#x2798;",38571,0,0,2.59262139949703
"West Maas en Waal","GM0668",2021-01-05,37,37,36,36,35,33,33,2020-12-01,4,0,1,2,0,"-",19560,0,5.11247443762781,10.2249488752556
"Hulst","GM0677",2021-01-05,34,34,33,33,32,29,29,2020-12-01,5,0,1,2,0,"-",27563,0,3.62805209882814,7.25610419765628
"Kapelle","GM0678",2021-01-05,10,10,10,10,10,7,7,2020-12-01,3,0,0,0,0,"-",12842,0,0,0
"Middelburg","GM0687",2021-01-05,41,41,36,36,36,31,31,2020-12-01,10,0,5,5,500,"&#x279A;",48973,0,10.2097073897862,10.2097073897862
"Reimerswaal","GM0703",2021-01-05,20,19,17,16,16,14,14,2020-12-01,6,1,3,4,200,"&#x279A;",22931,4.36090881339671,13.0827264401901,17.4436352535868
"Terneuzen","GM0715",2021-01-05,85,83,80,80,74,63,63,2020-12-01,22,2,5,11,-16.6666666666667,"&#x2798;",54486,3.67066769445362,9.17666923613405,20.1886723194949
"Tholen","GM0716",2021-01-05,65,65,64,63,61,58,58,2020-12-01,7,0,1,4,-66.6666666666667,"&#x2798;",26050,0,3.83877159309021,15.3550863723608
"Veere","GM0717",2021-01-05,15,14,14,14,14,14,14,2020-12-01,1,1,1,1,100,"&#x279A;",21981,4.54938355852782,4.54938355852782,4.54938355852782
"Vlissingen","GM0718",2021-01-05,38,37,36,36,34,28,28,2020-12-01,10,1,2,4,0,"-",44330,2.25580870742161,4.51161741484322,9.02323482968644
"De Ronde Venen","GM0736",2021-01-05,112,112,111,109,106,95,95,2020-12-01,17,0,1,6,-80,"&#x2798;",44696,0,2.23733667442277,13.4240200465366
"Tytsjerksteradiel","GM0737",2021-01-05,14,14,11,9,8,7,7,2020-12-01,7,0,3,6,0,"-",32039,0,9.36358812697025,18.7271762539405
"Asten","GM0743",2021-01-05,42,42,40,40,39,38,38,2020-12-01,4,0,2,3,100,"&#x279A;",16802,0,11.9033448399,17.85501725985
"Baarle-Nassau","GM0744",2021-01-05,19,19,19,19,19,18,18,2020-12-01,1,0,0,0,0,"-",6901,0,0,0
"Bergen op Zoom","GM0748",2021-01-05,158,158,152,148,144,123,123,2020-12-01,35,0,6,14,-25,"&#x2798;",67501,0,8.88875720359698,20.7404334750596
"Best","GM0753",2021-01-05,81,79,67,66,60,50,50,2020-12-01,31,2,14,21,100,"&#x279A;",30196,6.62339382699695,46.3637567889787,69.545635183468
"Boekel","GM0755",2021-01-05,38,38,38,37,37,35,35,2020-12-01,3,0,0,1,-100,"&#x2798;",10922,0,0,9.1558322651529
"Boxmeer","GM0756",2021-01-05,79,79,74,74,68,56,56,2020-12-01,23,0,5,11,-16.6666666666667,"&#x2798;",29592,0,16.8964585022979,37.1722087050554
"Boxtel","GM0757",2021-01-05,79,79,75,71,66,52,52,2020-12-01,27,0,4,13,-55.5555555555556,"&#x2798;",30875,0,12.9554655870445,42.1052631578947
"Breda","GM0758",2021-01-05,432,432,419,417,401,365,365,2020-12-01,67,0,13,31,-27.7777777777778,"&#x2798;",184151,0,7.05942405960326,16.8340112190539
"Deurne","GM0762",2021-01-05,111,109,104,104,100,93,93,2020-12-01,18,2,7,11,75,"&#x279A;",32482,6.15725632658087,21.5503971430331,33.8649097961948
"Pekela","GM0765",2021-01-05,19,18,17,17,14,9,9,2020-12-01,10,1,2,5,-33.3333333333333,"&#x2798;",12163,8.22165584148648,16.443311682973,41.1082792074324
"Dongen","GM0766",2021-01-05,91,91,86,85,78,63,63,2020-12-01,28,0,5,13,-37.5,"&#x2798;",26358,0,18.9695728052204,49.3208892935731
"Eersel","GM0770",2021-01-05,82,82,82,82,80,73,73,2020-12-01,9,0,0,2,-100,"&#x2798;",19494,0,0,10.2595670462706
"Eindhoven","GM0772",2021-01-05,588,584,561,557,541,457,457,2020-12-01,131,4,27,47,35,"&#x279A;",235728,1.69687096993145,11.4538790470373,19.9382338966945
"Etten-Leur","GM0777",2021-01-05,112,112,110,110,104,100,100,2020-12-01,12,0,2,8,-66.6666666666667,"&#x2798;",43881,0,4.55778127207675,18.231125088307
"Geertruidenberg","GM0779",2021-01-05,39,39,37,37,36,32,32,2020-12-01,7,0,2,3,100,"&#x279A;",21792,0,9.1776798825257,13.7665198237885
"Gilze en Rijen","GM0784",2021-01-05,58,58,57,57,53,44,44,2020-12-01,14,0,1,5,-75,"&#x2798;",26806,0,3.73050809520257,18.6525404760128
"Goirle","GM0785",2021-01-05,79,79,77,76,71,65,65,2020-12-01,14,0,2,8,-66.6666666666667,"&#x2798;",23939,0,8.35456785997744,33.4182714399098
"Grave","GM0786",2021-01-05,51,51,49,49,47,46,46,2020-12-01,5,0,2,4,0,"-",12429,0,16.0913991471558,32.1827982943117
"Haaren","GM0788",2021-01-05,42,42,41,41,40,34,34,2020-12-01,8,0,1,2,0,"-",14359,0,6.96427327808343,13.9285465561669
"Helmond","GM0794",2021-01-05,286,286,277,275,269,245,245,2020-12-01,41,0,9,17,12.5,"&#x279A;",92614,0,9.71775325544734,18.3557561491783
"'s-Hertogenbosch","GM0796",2021-01-05,352,346,339,332,323,284,284,2020-12-01,68,6,13,29,-18.75,"&#x2798;",155491,3.8587442360008,8.36061251133506,18.6505971406705
"Heusden","GM0797",2021-01-05,127,124,118,117,114,103,103,2020-12-01,24,3,9,13,125,"&#x279A;",45008,6.66548169214362,19.9964450764309,28.883753999289
"Hilvarenbeek","GM0798",2021-01-05,38,38,37,37,36,33,33,2020-12-01,5,0,1,2,0,"-",15683,0,6.37633105910859,12.7526621182172
"Loon op Zand","GM0809",2021-01-05,86,85,80,80,77,72,72,2020-12-01,14,1,6,9,100,"&#x279A;",23497,4.2558624505256,25.5351747031536,38.3027620547304
"Mill en Sint Hubert","GM0815",2021-01-05,26,26,25,25,24,23,23,2020-12-01,3,0,1,2,0,"-",11003,0,9.08843042806507,18.1768608561301
"Nuenen, Gerwen en Nederwetten","GM0820",2021-01-05,46,46,44,43,43,40,40,2020-12-01,6,0,2,3,100,"&#x279A;",23657,0,8.45415733186795,12.6812359978019
"Oirschot","GM0823",2021-01-05,51,49,47,47,46,39,39,2020-12-01,12,2,4,5,300,"&#x279A;",18838,10.6168383055526,21.2336766111052,26.5420957638815
"Oisterwijk","GM0824",2021-01-05,66,66,62,62,59,51,51,2020-12-01,15,0,4,7,33.3333333333333,"&#x279A;",26495,0,15.0971881487073,26.4200792602378
"Oosterhout","GM0826",2021-01-05,154,154,145,144,132,113,113,2020-12-01,41,0,9,22,-30.7692307692308,"&#x2798;",56184,0,16.0187953865869,39.1570553894347
"Oss","GM0828",2021-01-05,295,295,292,291,289,280,280,2020-12-01,15,0,3,6,0,"-",92442,0,3.24527812033491,6.49055624066983
"Rucphen","GM0840",2021-01-05,61,61,59,59,55,49,49,2020-12-01,12,0,2,6,-50,"&#x2798;",23089,0,8.66213348347698,25.9864004504309
"Sint-Michielsgestel","GM0845",2021-01-05,78,77,75,73,71,64,64,2020-12-01,14,1,3,7,-25,"&#x2798;",29510,3.38868180277872,10.1660454083362,23.720772619451
"Someren","GM0847",2021-01-05,47,45,44,41,38,36,36,2020-12-01,11,2,3,9,-50,"&#x2798;",19395,10.3119360659964,15.4679040989946,46.4037122969838
"Son en Breugel","GM0848",2021-01-05,51,50,48,48,47,44,44,2020-12-01,7,1,3,4,200,"&#x279A;",17526,5.7058085130663,17.1174255391989,22.8232340522652
"Steenbergen","GM0851",2021-01-05,67,67,63,60,56,53,53,2020-12-01,14,0,4,11,-42.8571428571429,"&#x2798;",24315,0,16.4507505654946,45.23956405511
"Waterland","GM0852",2021-01-05,42,41,41,40,38,34,34,2020-12-01,8,1,1,4,-66.6666666666667,"&#x2798;",17325,5.77200577200577,5.77200577200577,23.0880230880231
"Tilburg","GM0855",2021-01-05,750,748,720,719,683,608,608,2020-12-01,142,2,30,67,-18.9189189189189,"&#x2798;",220583,0.9066881853996,13.600322780994,30.3740542108866
"Uden","GM0856",2021-01-05,144,144,143,143,142,136,136,2020-12-01,8,0,1,2,0,"-",42244,0,2.3672000757504,4.7344001515008
"Valkenswaard","GM0858",2021-01-05,68,68,63,63,63,53,53,2020-12-01,15,0,5,5,500,"&#x279A;",31253,0,15.9984641474418,15.9984641474418
"Veldhoven","GM0861",2021-01-05,130,128,125,125,117,99,99,2020-12-01,31,2,5,13,-37.5,"&#x2798;",45562,4.38962293139019,10.9740573284755,28.5325490540363
"Vught","GM0865",2021-01-05,89,89,86,86,82,69,69,2020-12-01,20,0,3,7,-25,"&#x2798;",26786,0,11.1998805346076,26.1330545807511
"Waalre","GM0866",2021-01-05,30,30,30,30,29,28,28,2020-12-01,2,0,0,1,-100,"&#x2798;",17519,0,0,5.70808836120783
"Waalwijk","GM0867",2021-01-05,172,171,166,163,148,135,135,2020-12-01,37,1,6,24,-66.6666666666667,"&#x2798;",48826,2.04808913283906,12.2885347970344,49.1541391881375
"Woensdrecht","GM0873",2021-01-05,42,42,40,40,39,36,36,2020-12-01,6,0,2,3,100,"&#x279A;",22002,0,9.09008271975275,13.6351240796291
"Zundert","GM0879",2021-01-05,56,56,56,56,54,47,47,2020-12-01,9,0,0,2,-100,"&#x2798;",21995,0,0,9.09297567629007
"Wormerland","GM0880",2021-01-05,42,42,38,38,38,37,37,2020-12-01,5,0,4,4,400,"&#x279A;",16295,0,24.5474071801166,24.5474071801166
"Landgraaf","GM0882",2021-01-05,97,97,90,88,83,76,76,2020-12-01,21,0,7,14,0,"-",37325,0,18.7541862022773,37.5083724045546
"Beek","GM0888",2021-01-05,30,30,30,30,26,22,22,2020-12-01,8,0,0,4,-100,"&#x2798;",15872,0,0,25.2016129032258
"Beesel","GM0889",2021-01-05,11,11,10,10,10,9,9,2020-12-01,2,0,1,1,100,"&#x279A;",13464,0,7.42721330956625,7.42721330956625
"Bergen (L.)","GM0893",2021-01-05,20,19,18,17,15,13,13,2020-12-01,7,1,2,5,-33.3333333333333,"&#x2798;",13111,7.62718328121425,15.2543665624285,38.1359164060712
"Brunssum","GM0899",2021-01-05,77,76,73,72,68,60,60,2020-12-01,17,1,4,9,-20,"&#x2798;",27655,3.61598264328331,14.4639305731332,32.5438437895498
"Gennep","GM0907",2021-01-05,40,40,37,37,34,27,27,2020-12-01,13,0,3,6,0,"-",17019,0,17.6273576590869,35.2547153181738
"Heerlen","GM0917",2021-01-05,198,196,191,189,181,169,169,2020-12-01,29,2,7,17,-30,"&#x2798;",86829,2.30337790369577,8.06182266293519,19.578712181414
"Kerkrade","GM0928",2021-01-05,112,112,112,110,102,94,94,2020-12-01,18,0,0,10,-100,"&#x2798;",45499,0,0,21.9785050220884
"Maastricht","GM0935",2021-01-05,314,306,294,285,260,240,240,2020-12-01,74,8,20,54,-41.1764705882353,"&#x2798;",120379,6.6456774022047,16.6141935055118,44.8583224648817
"Meerssen","GM0938",2021-01-05,36,36,35,34,33,29,29,2020-12-01,7,0,1,3,-50,"&#x2798;",18710,0,5.34473543559594,16.0342063067878
"Mook en Middelaar","GM0944",2021-01-05,20,20,20,20,19,18,18,2020-12-01,2,0,0,1,-100,"&#x2798;",7901,0,0,12.6566257435768
"Nederweert","GM0946",2021-01-05,35,35,34,34,32,29,29,2020-12-01,6,0,1,3,-50,"&#x2798;",17171,0,5.82377263991614,17.4713179197484
"Roermond","GM0957",2021-01-05,144,144,142,140,133,121,121,2020-12-01,23,0,2,11,-77.7777777777778,"&#x2798;",58784,0,3.40228633641807,18.7125748502994
"Simpelveld","GM0965",2021-01-05,26,26,25,25,25,24,24,2020-12-01,2,0,1,1,100,"&#x279A;",10495,0,9.52834683182468,9.52834683182468
"Stein","GM0971",2021-01-05,69,69,69,68,65,59,59,2020-12-01,10,0,0,4,-100,"&#x2798;",24876,0,0,16.0797555877151
"Vaals","GM0981",2021-01-05,18,18,17,17,15,14,14,2020-12-01,4,0,1,3,-50,"&#x2798;",10113,0,9.88826263225551,29.6647878967665
"Venlo","GM0983",2021-01-05,29,29,29,29,24,20,20,2020-12-01,9,0,0,5,-100,"&#x2798;",101967,0,0,4.90354722606333
"Venray","GM0984",2021-01-05,38,38,34,34,33,29,29,2020-12-01,9,0,4,5,300,"&#x279A;",43704,0,9.15248032216731,11.4406004027091
"Voerendaal","GM0986",2021-01-05,25,25,25,25,23,22,22,2020-12-01,3,0,0,2,-100,"&#x2798;",12478,0,0,16.0282096489822
"Weert","GM0988",2021-01-05,126,126,114,114,99,74,74,2020-12-01,52,0,12,27,-20,"&#x2798;",50008,0,23.9961606143017,53.9913613821788
"Valkenburg aan de Geul","GM0994",2021-01-05,28,26,25,25,25,20,20,2020-12-01,8,2,3,3,300,"&#x279A;",16399,12.1958656015611,18.2937984023416,18.2937984023416
"Lelystad","GM0995",2021-01-05,194,191,180,177,168,147,147,2020-12-01,47,3,14,26,16.6666666666667,"&#x279A;",79703,3.76397375255637,17.565210845263,32.6211058554885
"Horst aan de Maas","GM1507",2021-01-05,13,13,13,12,11,10,10,2020-12-01,3,0,0,2,-100,"&#x2798;",42464,0,0,4.70987189148455
"Oude IJsselstreek","GM1509",2021-01-05,57,57,53,53,51,47,47,2020-12-01,10,0,4,6,100,"&#x279A;",39348,0,10.1657009250788,15.2485513876182
"Teylingen","GM1525",2021-01-05,54,54,51,50,47,42,42,2020-12-01,12,0,3,7,-25,"&#x2798;",37761,0,7.94470485421467,18.5376446598342
"Utrechtse Heuvelrug","GM1581",2021-01-05,74,74,71,69,66,53,53,2020-12-01,21,0,3,8,-40,"&#x2798;",49962,0,6.00456346823586,16.012169248629
"Oost Gelre","GM1586",2021-01-05,61,61,60,60,58,52,52,2020-12-01,9,0,1,3,-50,"&#x2798;",29574,0,3.38134848177453,10.1440454453236
"Koggenland","GM1598",2021-01-05,26,26,22,22,20,19,19,2020-12-01,7,0,4,6,100,"&#x279A;",22932,0,17.4428745857317,26.1643118785976
"Lansingerland","GM1621",2021-01-05,115,115,110,110,107,101,101,2020-12-01,14,0,5,8,66.6666666666667,"&#x279A;",63295,0,7.89951812939411,12.6392290070306
"Leudal","GM1640",2021-01-05,82,82,77,76,74,66,66,2020-12-01,16,0,5,8,66.6666666666667,"&#x279A;",36027,0,13.8784800288672,22.2055680461876
"Maasgouw","GM1641",2021-01-05,55,55,51,49,47,42,42,2020-12-01,13,0,4,8,0,"-",23976,0,16.6833500166834,33.3667000333667
"Gemert-Bakel","GM1652",2021-01-05,110,109,103,103,102,97,97,2020-12-01,13,1,7,8,600,"&#x279A;",30751,3.25192676660922,22.7634873662645,26.0154141328737
"Halderberge","GM1655",2021-01-05,82,82,81,81,77,68,68,2020-12-01,14,0,1,5,-75,"&#x2798;",30461,0,3.28288631364696,16.4144315682348
"Heeze-Leende","GM1658",2021-01-05,38,38,37,36,34,29,29,2020-12-01,9,0,1,4,-66.6666666666667,"&#x2798;",16222,0,6.16446800641105,24.6578720256442
"Laarbeek","GM1659",2021-01-05,75,74,71,69,67,64,64,2020-12-01,11,1,4,8,0,"-",22787,4.38846710843902,17.5538684337561,35.1077368675122
"Reusel-De Mierden","GM1667",2021-01-05,39,39,38,36,36,35,35,2020-12-01,4,0,1,3,-50,"&#x2798;",13123,0,7.62020879372095,22.8606263811628
"Roerdalen","GM1669",2021-01-05,44,43,43,42,41,40,40,2020-12-01,4,1,1,3,-50,"&#x2798;",20612,4.85154279060741,4.85154279060741,14.5546283718222
"Roosendaal","GM1674",2021-01-05,181,181,176,175,170,151,151,2020-12-01,30,0,5,11,-16.6666666666667,"&#x2798;",77256,0,6.47198923060992,14.2383763073418
"Schouwen-Duiveland","GM1676",2021-01-05,32,29,27,27,27,23,23,2020-12-01,9,3,5,5,500,"&#x279A;",33990,8.8261253309797,14.7102088849662,14.7102088849662
"Aa en Hunze","GM1680",2021-01-05,8,8,8,8,7,5,5,2020-12-01,3,0,0,1,-100,"&#x2798;",25366,0,0,3.94228494835607
"Borger-Odoorn","GM1681",2021-01-05,23,22,20,19,17,13,13,2020-12-01,10,1,3,6,0,"-",25587,3.90823465040841,11.7247039512252,23.4494079024505
"Cuijk","GM1684",2021-01-05,47,46,42,42,42,37,37,2020-12-01,10,1,5,5,500,"&#x279A;",25373,3.9411973357506,19.705986678753,19.705986678753
"Landerd","GM1685",2021-01-05,51,51,49,49,48,48,48,2020-12-01,3,0,2,3,100,"&#x279A;",15838,0,12.6278570526582,18.9417855789872
"De Wolden","GM1690",2021-01-05,30,29,25,25,23,20,20,2020-12-01,10,1,5,7,150,"&#x279A;",24374,4.10273241979158,20.5136620989579,28.7191269385411
"Noord-Beveland","GM1695",2021-01-05,4,4,4,4,4,4,4,2020-12-01,0,0,0,0,0,"-",7570,0,0,0
"Wijdemeren","GM1696",2021-01-05,14,13,12,12,12,12,12,2020-12-01,2,1,2,2,200,"&#x279A;",24440,4.09165302782324,8.18330605564648,8.18330605564648
"Noordenveld","GM1699",2021-01-05,12,12,12,12,12,8,8,2020-12-01,4,0,0,0,0,"-",31216,0,0,0
"Twenterand","GM1700",2021-01-05,102,102,89,85,70,55,55,2020-12-01,47,0,13,32,-31.5789473684211,"&#x2798;",33696,0,38.5802469135802,94.9667616334283
"Westerveld","GM1701",2021-01-05,14,14,13,13,12,8,8,2020-12-01,6,0,1,2,0,"-",19638,0,5.09216824523882,10.1843364904776
"Sint Anthonis","GM1702",2021-01-05,26,26,25,24,24,22,22,2020-12-01,4,0,1,2,0,"-",11687,0,8.55651578677163,17.1130315735433
"Lingewaard","GM1705",2021-01-05,66,66,66,62,53,37,37,2020-12-01,29,0,0,13,-100,"&#x2798;",46781,0,0,27.7890596609735
"Cranendonck","GM1706",2021-01-05,66,66,64,64,62,57,57,2020-12-01,9,0,2,4,0,"-",21007,0,9.52063597848336,19.0412719569667
"Steenwijkerland","GM1708",2021-01-05,35,34,30,30,25,16,16,2020-12-01,19,1,5,10,0,"-",44301,2.25728538859168,11.2864269429584,22.5728538859168
"Moerdijk","GM1709",2021-01-05,75,75,72,72,62,55,55,2020-12-01,20,0,3,13,-70,"&#x2798;",37193,0,8.06603393111607,34.952813701503
"Echt-Susteren","GM1711",2021-01-05,65,65,60,60,59,57,57,2020-12-01,8,0,5,6,400,"&#x279A;",31751,0,15.7475355106926,18.8970426128311
"Sluis","GM1714",2021-01-05,39,39,38,38,32,22,22,2020-12-01,17,0,1,7,-83.3333333333333,"&#x2798;",23143,0,4.32096098172233,30.2467268720563
"Drimmelen","GM1719",2021-01-05,62,62,57,55,50,43,43,2020-12-01,19,0,5,12,-28.5714285714286,"&#x2798;",27334,0,18.2922367747128,43.9013682593108
"Bernheze","GM1721",2021-01-05,121,121,121,121,118,116,116,2020-12-01,5,0,0,3,-100,"&#x2798;",31398,0,0,9.55474871010892
"Alphen-Chaam","GM1723",2021-01-05,40,40,40,40,40,38,38,2020-12-01,2,0,0,0,0,"-",10362,0,0,0
"Bergeijk","GM1724",2021-01-05,60,60,59,57,56,52,52,2020-12-01,8,0,1,4,-66.6666666666667,"&#x2798;",18745,0,5.33475593491598,21.3390237396639
"Bladel","GM1728",2021-01-05,60,60,60,59,58,53,53,2020-12-01,7,0,0,2,-100,"&#x2798;",20552,0,0,9.73141300116777
"Gulpen-Wittem","GM1729",2021-01-05,33,32,31,31,29,28,28,2020-12-01,5,1,2,4,0,"-",14184,7.05019740552736,14.1003948110547,28.2007896221094
"Tynaarlo","GM1730",2021-01-05,17,17,15,15,11,11,11,2020-12-01,6,0,2,6,-50,"&#x2798;",33927,0,5.89500987414154,17.6850296224246
"Midden-Drenthe","GM1731",2021-01-05,24,24,21,21,19,14,14,2020-12-01,10,0,3,5,50,"&#x279A;",33357,0,8.99361453368109,14.9893575561351
"Overbetuwe","GM1734",2021-01-05,61,61,60,60,59,51,51,2020-12-01,10,0,1,2,0,"-",48147,0,2.07697260473134,4.15394520946269
"Hof van Twente","GM1735",2021-01-05,75,74,72,71,66,58,58,2020-12-01,17,1,3,9,-50,"&#x2798;",35037,2.85412563861061,8.56237691583184,25.6871307474955
"Neder-Betuwe","GM1740",2021-01-05,81,81,78,77,76,64,64,2020-12-01,17,0,3,5,50,"&#x279A;",24634,0,12.1782901680604,20.2971502801007
"Rijssen-Holten","GM1742",2021-01-05,89,88,79,75,70,60,60,2020-12-01,29,1,10,19,11.1111111111111,"&#x279A;",38182,2.61903514745168,26.1903514745168,49.7616678015819
"Geldrop-Mierlo","GM1771",2021-01-05,113,111,109,106,97,85,85,2020-12-01,28,2,4,16,-66.6666666666667,"&#x2798;",40097,4.98790433199491,9.97580866398983,39.9032346559593
"Olst-Wijhe","GM1773",2021-01-05,16,16,16,15,13,12,12,2020-12-01,4,0,0,3,-100,"&#x2798;",18348,0,0,16.3505559189012
"Dinkelland","GM1774",2021-01-05,62,61,57,55,53,48,48,2020-12-01,14,1,5,9,25,"&#x279A;",26616,3.75713856327021,18.7856928163511,33.8142470694319
"Westland","GM1783",2021-01-05,237,236,224,222,212,177,177,2020-12-01,60,1,13,25,8.33333333333333,"&#x279A;",111342,0.898133678216666,11.6757378168167,22.4533419554166
"Midden-Delfland","GM1842",2021-01-05,40,40,37,36,35,28,28,2020-12-01,12,0,3,5,50,"&#x279A;",19378,0,15.4814738363092,25.8024563938487
"Berkelland","GM1859",2021-01-05,72,72,67,67,65,61,61,2020-12-01,11,0,5,7,150,"&#x279A;",43821,0,11.4100545400607,15.974076356085
"Bronckhorst","GM1876",2021-01-05,63,62,59,58,58,47,47,2020-12-01,16,1,4,5,300,"&#x279A;",36103,2.7698529208099,11.0794116832396,13.8492646040495
"Sittard-Geleen","GM1883",2021-01-05,193,193,183,180,172,158,158,2020-12-01,35,0,10,21,-9.09090909090909,"&#x2798;",91781,0,10.8955012475349,22.8805526198233
"Kaag en Braassem","GM1884",2021-01-05,40,39,36,36,32,26,26,2020-12-01,14,1,4,8,0,"-",27547,3.63015936399608,14.5206374559843,29.0412749119686
"Dantumadiel","GM1891",2021-01-05,10,9,9,7,6,3,3,2020-12-01,7,1,1,4,-66.6666666666667,"&#x2798;",18927,5.28345749458446,5.28345749458446,21.1338299783378
"Zuidplas","GM1892",2021-01-05,84,80,79,78,75,66,66,2020-12-01,18,4,5,9,25,"&#x279A;",45015,8.88592691325114,11.1074086415639,19.9933355548151
"Peel en Maas","GM1894",2021-01-05,36,36,36,35,35,34,34,2020-12-01,2,0,0,1,-100,"&#x2798;",43695,0,0,2.28859137201053
"Oldambt","GM1895",2021-01-05,47,46,43,42,30,21,21,2020-12-01,26,1,4,17,-69.2307692307692,"&#x2798;",38281,2.61226195762911,10.4490478305164,44.4084532796949
"Zwartewaterland","GM1896",2021-01-05,26,26,24,23,22,18,18,2020-12-01,8,0,2,4,0,"-",22797,0,8.77308417774269,17.5461683554854
"Súdwest-Fryslân","GM1900",2021-01-05,73,73,66,65,61,46,46,2020-12-01,27,0,7,12,40,"&#x279A;",89930,0,7.78383186923163,13.3437117758256
"Bodegraven-Reeuwijk","GM1901",2021-01-05,69,69,66,66,60,51,51,2020-12-01,18,0,3,9,-50,"&#x2798;",35288,0,8.50147358875538,25.5044207662662
"Eijsden-Margraten","GM1903",2021-01-05,71,71,69,69,68,64,64,2020-12-01,7,0,2,3,100,"&#x279A;",25903,0,7.72111338455005,11.5816700768251
"Stichtse Vecht","GM1904",2021-01-05,138,138,133,132,126,106,106,2020-12-01,32,0,5,12,-28.5714285714286,"&#x2798;",65142,0,7.67553959043321,18.4212950170397
"Hollands Kroon","GM1911",2021-01-05,70,69,59,58,51,40,40,2020-12-01,30,1,11,19,37.5,"&#x279A;",48532,2.06049616747713,22.6654578422484,39.1494271820654
"Leidschendam-Voorburg","GM1916",2021-01-05,135,135,128,127,119,105,105,2020-12-01,30,0,7,16,-22.2222222222222,"&#x2798;",76451,0,9.15619154752718,20.9284378229193
"Goeree-Overflakkee","GM1924",2021-01-05,137,136,127,125,122,108,108,2020-12-01,29,1,10,15,100,"&#x279A;",50567,1.9775743073546,19.775743073546,29.663614610319
"Pijnacker-Nootdorp","GM1926",2021-01-05,79,79,76,75,73,70,70,2020-12-01,9,0,3,6,0,"-",55592,0,5.39645992229098,10.792919844582
"Nissewaard","GM1930",2021-01-05,223,217,212,210,201,172,172,2020-12-01,51,6,11,22,0,"-",85302,7.03383273545755,12.8953600150055,25.790720030011
"Krimpenerwaard","GM1931",2021-01-05,139,139,135,132,126,115,115,2020-12-01,24,0,4,13,-55.5555555555556,"&#x2798;",56559,0,7.07226082497923,22.9848476811825
"De Fryske Marren","GM1940",2021-01-05,44,44,40,40,38,33,33,2020-12-01,11,0,4,6,100,"&#x279A;",51735,0,7.73170967430173,11.5975645114526
"Gooise Meren","GM1942",2021-01-05,32,30,28,27,27,24,24,2020-12-01,8,2,4,5,300,"&#x279A;",58466,3.42079157116957,6.84158314233914,8.55197892792392
"Berg en Dal","GM1945",2021-01-05,94,94,91,89,87,79,79,2020-12-01,15,0,3,7,-25,"&#x2798;",35015,0,8.56775667571041,19.9914322433243
"Meierijstad","GM1948",2021-01-05,319,318,313,309,302,297,297,2020-12-01,22,1,6,17,-45.4545454545455,"&#x2798;",81653,1.22469474483485,7.3481684690091,20.8198106621924
"Waadhoeke","GM1949",2021-01-05,30,29,25,24,19,15,15,2020-12-01,15,1,5,11,-16.6666666666667,"&#x2798;",46082,2.17004470292088,10.8502235146044,23.8704917321297
"Westerwolde","GM1950",2021-01-05,29,29,27,27,26,19,19,2020-12-01,10,0,2,3,100,"&#x279A;",26284,0,7.60919190381981,11.4137878557297
"Midden-Groningen","GM1952",2021-01-05,69,68,64,60,52,42,42,2020-12-01,27,1,5,17,-58.3333333333333,"&#x2798;",60745,1.64622602683348,8.23113013416742,27.9858424561692
"Beekdaelen","GM1954",2021-01-05,84,83,81,78,73,67,67,2020-12-01,17,1,3,11,-62.5,"&#x2798;",36073,2.77215646051063,8.31646938153189,30.4937210656169
"Montferland","GM1955",2021-01-05,51,51,50,49,48,42,42,2020-12-01,9,0,1,3,-50,"&#x2798;",36062,0,2.77300205202152,8.31900615606456
"Altena","GM1959",2021-01-05,150,149,138,132,122,98,98,2020-12-01,52,1,12,28,-25,"&#x2798;",56308,1.77594657952689,21.3113589543227,49.7265042267529
"West Betuwe","GM1960",2021-01-05,141,139,133,133,130,113,113,2020-12-01,28,2,8,11,166.666666666667,"&#x279A;",51489,3.88432480724038,15.5372992289615,21.3637864398221
"Vijfheerenlanden","GM1961",2021-01-05,110,109,102,101,94,90,90,2020-12-01,20,1,8,16,0,"-",57786,1.73052296403973,13.8441837123179,27.6883674246357
"Hoeksche Waard","GM1963",2021-01-05,181,181,173,172,164,150,150,2020-12-01,31,0,8,17,-11.1111111111111,"&#x2798;",87963,0,9.09473301274399,19.326307652081
"Het Hogeland","GM1966",2021-01-05,22,22,22,21,19,13,13,2020-12-01,9,0,0,3,-100,"&#x2798;",47859,0,0,6.26841346455212
"Westerkwartier","GM1969",2021-01-05,60,59,55,51,50,39,39,2020-12-01,21,1,5,10,0,"-",63603,1.5722528811534,7.86126440576702,15.722528811534
"Noardeast-Fryslân","GM1970",2021-01-05,32,32,26,26,24,14,14,2020-12-01,18,0,6,8,200,"&#x279A;",45479,0,13.1929022186064,17.5905362914752
"Molenlanden","GM1978",2021-01-05,80,79,72,71,68,60,60,2020-12-01,20,1,8,12,100,"&#x279A;",44105,2.26731663076749,18.1385330461399,27.2077995692098
