"municipality","Municipality_code","date","d0","d1","d7","d8","d14","lowest_since_sep1","lowest_since_sep1_date","current","increase_1d","increase_7d","increase_14d","increase_growth","growth","population","rel_increase_1d","rel_increase_7d","rel_increase_14d"
"Netherlands","",2020-10-18,13852,13783,13301,13248,12881,11937,2020-08-01,1915,69,551,971,31.1904761904762,"&#11014;",17443797,0.395556082199306,3.15871596075098,5.56644863500762
"Unknown","",2020-10-18,81,81,80,79,75,62,2020-08-02,19,0,1,6,-80,"&#11015;",NA,NA,NA,NA
"Appingedam","GM0003",2020-10-18,7,5,5,5,3,3,2020-08-01,4,2,2,4,0,"-",11523,17.3565911654951,17.3565911654951,34.7131823309902
"Delfzijl","GM0010",2020-10-18,7,7,6,6,6,6,2020-08-01,1,0,1,1,100,"&#11014;",24609,0,4.06355398431468,4.06355398431468
"Groningen","GM0014",2020-10-18,26,25,23,22,19,18,2020-08-01,8,1,3,7,-25,"&#11015;",231112,0.432690643497525,1.29807193049257,3.02883450448267
"Loppersum","GM0024",2020-10-18,0,0,0,0,0,0,2020-08-01,0,0,0,0,0,"-",9477,0,0,0
"Almere","GM0034",2020-10-18,157,155,144,143,140,126,2020-08-01,31,2,13,17,225,"&#11014;&#11014;",213660,0.936066647945334,6.08443321164467,7.95656650753534
"Stadskanaal","GM0037",2020-10-18,3,2,2,2,2,2,2020-08-01,1,1,1,1,100,"&#11014;",31581,3.16646084671163,3.16646084671163,3.16646084671163
"Veendam","GM0047",2020-10-18,2,2,2,2,2,2,2020-08-01,0,0,0,0,0,"-",27430,0,0,0
"Zeewolde","GM0050",2020-10-18,13,13,12,12,12,12,2020-08-01,1,0,1,1,100,"&#11014;",22680,0,4.40917107583774,4.40917107583774
"Achtkarspelen","GM0059",2020-10-18,0,0,0,0,0,0,2020-08-01,0,0,0,0,0,"-",27873,0,0,0
"Ameland","GM0060",2020-10-18,0,0,0,0,0,0,2020-08-01,0,0,0,0,0,"-",3752,0,0,0
"Harlingen","GM0072",2020-10-18,4,4,4,4,4,4,2020-08-01,0,0,0,0,0,"-",15793,0,0,0
"Heerenveen","GM0074",2020-10-18,16,15,14,14,13,13,2020-08-01,3,1,2,3,100,"&#11014;",50456,1.98192484540986,3.96384969081972,5.94577453622959
"Leeuwarden","GM0080",2020-10-18,43,43,42,42,37,33,2020-08-01,10,0,1,6,-80,"&#11015;",123625,0,0.808897876643074,4.85338725985844
"Ooststellingwerf","GM0085",2020-10-18,5,5,3,3,3,3,2020-08-01,2,0,2,2,200,"&#11014;&#11014;",25366,0,7.88456989671213,7.88456989671213
"Opsterland","GM0086",2020-10-18,8,8,8,8,7,7,2020-08-01,1,0,0,1,-100,"&#11015;",29743,0,0,3.36213562855126
"Schiermonnikoog","GM0088",2020-10-18,0,0,0,0,0,0,2020-08-01,0,0,0,0,0,"-",953,0,0,0
"Smallingerland","GM0090",2020-10-18,10,10,9,9,9,9,2020-08-01,1,0,1,1,100,"&#11014;",56181,0,1.77996119684591,1.77996119684591
"Terschelling","GM0093",2020-10-18,1,1,0,0,0,0,2020-08-01,1,0,1,1,100,"&#11014;",4807,0,20.8029956313709,20.8029956313709
"Vlieland","GM0096",2020-10-18,0,0,0,0,0,0,2020-08-01,0,0,0,0,0,"-",1190,0,0,0
"Weststellingwerf","GM0098",2020-10-18,3,3,3,3,3,3,2020-08-01,0,0,0,0,0,"-",26018,0,0,0
"Assen","GM0106",2020-10-18,13,13,12,12,12,12,2020-08-01,1,0,1,1,100,"&#11014;",68798,0,1.45353062589029,1.45353062589029
"Coevorden","GM0109",2020-10-18,14,14,14,14,13,13,2020-08-01,1,0,0,1,-100,"&#11015;",35303,0,0,2.83262045718494
"Emmen","GM0114",2020-10-18,41,39,35,34,24,20,2020-08-01,21,2,6,17,-45.4545454545455,"&#11015;",107078,1.86779730663628,5.60339191990885,15.8762771064084
"Hoogeveen","GM0118",2020-10-18,26,26,24,22,20,19,2020-08-01,7,0,2,6,-50,"&#11015;",55566,0,3.59932332721448,10.7979699816435
"Meppel","GM0119",2020-10-18,11,11,11,11,11,11,2020-08-01,0,0,0,0,0,"-",34125,0,0,0
"Almelo","GM0141",2020-10-18,31,31,29,29,27,22,2020-08-26,9,0,2,4,0,"-",73175,0,2.73317389818927,5.46634779637855
"Borne","GM0147",2020-10-18,15,15,14,14,14,14,2020-08-01,1,0,1,1,100,"&#11014;",23489,0,4.25731193324535,4.25731193324535
"Dalfsen","GM0148",2020-10-18,17,17,16,16,16,16,2020-08-01,1,0,1,1,100,"&#11014;",28837,0,3.46776710476124,3.46776710476124
"Deventer","GM0150",2020-10-18,50,50,49,49,48,47,2020-08-01,3,0,1,2,0,"-",100913,0,0.990952602737011,1.98190520547402
"Enschede","GM0153",2020-10-18,64,64,60,60,59,54,2020-08-01,10,0,4,5,300,"&#11014;&#11014;",158918,0,2.51702135692621,3.14627669615777
"Haaksbergen","GM0158",2020-10-18,16,16,15,15,15,14,2020-08-01,2,0,1,1,100,"&#11014;",24275,0,4.11946446961895,4.11946446961895
"Hardenberg","GM0160",2020-10-18,23,23,23,23,23,23,2020-08-01,0,0,0,0,0,"-",61194,0,0,0
"Hellendoorn","GM0163",2020-10-18,13,13,9,8,8,8,2020-08-01,5,0,4,5,300,"&#11014;&#11014;",35959,0,11.1237798603966,13.9047248254957
"Hengelo","GM0164",2020-10-18,36,36,33,32,28,21,2020-08-01,15,0,3,8,-40,"&#11015;",81047,0,3.70155588732464,9.87081569953237
"Kampen","GM0166",2020-10-18,60,60,60,60,59,59,2020-08-01,1,0,0,1,-100,"&#11015;",54409,0,0,1.83793122461357
"Losser","GM0168",2020-10-18,11,11,11,11,11,7,2020-08-01,4,0,0,0,0,"-",22780,0,0,0
"Noordoostpolder","GM0171",2020-10-18,17,17,17,17,17,14,2020-08-01,3,0,0,0,0,"-",47618,0,0,0
"Oldenzaal","GM0173",2020-10-18,17,17,15,15,15,13,2020-08-01,4,0,2,2,200,"&#11014;&#11014;",31792,0,6.29089079013588,6.29089079013588
"Ommen","GM0175",2020-10-18,9,9,9,9,9,9,2020-08-01,0,0,0,0,0,"-",18179,0,0,0
"Raalte","GM0177",2020-10-18,25,25,24,24,24,24,2020-08-01,1,0,1,1,100,"&#11014;",37782,0,2.64676300884019,2.64676300884019
"Staphorst","GM0180",2020-10-18,8,8,8,8,8,8,2020-08-01,0,0,0,0,0,"-",17217,0,0,0
"Tubbergen","GM0183",2020-10-18,12,12,12,12,12,12,2020-08-01,0,0,0,0,0,"-",21271,0,0,0
"Urk","GM0184",2020-10-18,23,23,23,23,23,23,2020-08-01,0,0,0,0,0,"-",21135,0,0,0
"Wierden","GM0189",2020-10-18,7,7,7,7,7,5,2020-08-01,2,0,0,0,0,"-",24474,0,0,0
"Zwolle","GM0193",2020-10-18,53,53,53,53,53,53,2020-08-01,0,0,0,0,0,"-",129213,0,0,0
"Aalten","GM0197",2020-10-18,13,13,11,11,9,9,2020-08-01,4,0,2,4,0,"-",27116,0,7.37571913261543,14.7514382652309
"Apeldoorn","GM0200",2020-10-18,109,109,106,106,102,97,2020-08-01,12,0,3,7,-25,"&#11015;",164140,0,1.82770805410016,4.2646521262337
"Arnhem","GM0202",2020-10-18,81,79,76,75,74,67,2020-08-01,14,2,5,7,150,"&#11014;&#11014;",161961,1.23486518359358,3.08716295898395,4.32202814257753
"Barneveld","GM0203",2020-10-18,23,22,20,19,18,18,2020-08-01,5,1,3,5,50,"&#11014;",59676,1.67571553053154,5.02714659159461,8.37857765265768
"Beuningen","GM0209",2020-10-18,20,20,20,20,19,19,2020-08-01,1,0,0,1,-100,"&#11015;",26054,0,0,3.83818223689261
"Brummen","GM0213",2020-10-18,18,18,18,18,18,18,2020-08-01,0,0,0,0,0,"-",20838,0,0,0
"Buren","GM0214",2020-10-18,23,23,19,19,17,17,2020-08-01,6,0,4,6,100,"&#11014;",27021,0,14.8033011361534,22.20495170423
"Culemborg","GM0216",2020-10-18,24,24,24,24,24,21,2020-08-01,3,0,0,0,0,"-",29020,0,0,0
"Doesburg","GM0221",2020-10-18,10,10,10,10,9,9,2020-08-01,1,0,0,1,-100,"&#11015;",11028,0,0,9.06782734856728
"Doetinchem","GM0222",2020-10-18,29,29,27,27,27,26,2020-08-01,3,0,2,2,200,"&#11014;&#11014;",58104,0,3.44210381385103,3.44210381385103
"Druten","GM0225",2020-10-18,25,25,25,25,25,25,2020-08-01,0,0,0,0,0,"-",18973,0,0,0
"Duiven","GM0226",2020-10-18,16,16,15,15,14,14,2020-08-01,2,0,1,2,0,"-",25062,0,3.99010454073897,7.98020908147793
"Ede","GM0228",2020-10-18,68,67,63,62,59,53,2020-08-01,15,1,5,9,25,"&#11014;",117966,0.84770188020277,4.23850940101385,7.62931692182493
"Elburg","GM0230",2020-10-18,28,28,28,28,28,28,2020-08-01,0,0,0,0,0,"-",23343,0,0,0
"Epe","GM0232",2020-10-18,51,51,50,50,49,48,2020-08-01,3,0,1,2,0,"-",33171,0,3.01468149889964,6.02936299779928
"Ermelo","GM0233",2020-10-18,33,33,33,33,33,33,2020-08-01,0,0,0,0,0,"-",26991,0,0,0
"Harderwijk","GM0243",2020-10-18,46,45,44,44,44,42,2020-08-01,4,1,2,2,200,"&#11014;&#11014;",48623,2.0566398617938,4.1132797235876,4.1132797235876
"Hattem","GM0244",2020-10-18,18,18,18,18,18,16,2020-08-01,2,0,0,0,0,"-",12241,0,0,0
"Heerde","GM0246",2020-10-18,55,55,55,55,55,55,2020-08-01,0,0,0,0,0,"-",18645,0,0,0
"Heumen","GM0252",2020-10-18,19,19,19,19,18,17,2020-08-01,2,0,0,1,-100,"&#11015;",16589,0,0,6.02809090361083
"Lochem","GM0262",2020-10-18,16,16,16,16,16,15,2020-08-01,1,0,0,0,0,"-",33847,0,0,0
"Maasdriel","GM0263",2020-10-18,16,16,16,16,15,15,2020-08-01,1,0,0,1,-100,"&#11015;",25434,0,0,3.93174490839034
"Nijkerk","GM0267",2020-10-18,25,25,22,22,22,22,2020-08-01,3,0,3,3,300,"&#11014;&#11014;",43417,0,6.90973581776723,6.90973581776723
"Nijmegen","GM0268",2020-10-18,158,158,153,152,145,128,2020-08-01,30,0,5,13,-37.5,"&#11015;",176669,0,2.83015129988849,7.35839337971008
"Oldebroek","GM0269",2020-10-18,40,40,40,40,40,40,2020-08-01,0,0,0,0,0,"-",23670,0,0,0
"Putten","GM0273",2020-10-18,11,11,10,10,10,10,2020-08-01,1,0,1,1,100,"&#11014;",24220,0,4.12881915772089,4.12881915772089
"Renkum","GM0274",2020-10-18,14,14,14,14,14,14,2020-08-01,0,0,0,0,0,"-",31401,0,0,0
"Rheden","GM0275",2020-10-18,35,35,34,34,34,34,2020-08-01,1,0,1,1,100,"&#11014;",43565,0,2.29542063583152,2.29542063583152
"Rozendaal","GM0277",2020-10-18,1,1,1,1,1,1,2020-08-01,0,0,0,0,0,"-",1697,0,0,0
"Scherpenzeel","GM0279",2020-10-18,5,5,5,4,4,4,2020-08-01,1,0,0,1,-100,"&#11015;",10000,0,0,10
"Tiel","GM0281",2020-10-18,45,45,44,44,43,42,2020-08-01,3,0,1,2,0,"-",41962,0,2.38310852676231,4.76621705352462
"Voorst","GM0285",2020-10-18,17,17,17,17,17,17,2020-08-01,0,0,0,0,0,"-",24702,0,0,0
"Wageningen","GM0289",2020-10-18,22,22,21,21,21,20,2020-08-01,2,0,1,1,100,"&#11014;",39134,0,2.55532273726172,2.55532273726172
"Westervoort","GM0293",2020-10-18,12,12,12,12,12,12,2020-08-01,0,0,0,0,0,"-",15013,0,0,0
"Winterswijk","GM0294",2020-10-18,7,7,7,7,7,7,2020-08-01,0,0,0,0,0,"-",28893,0,0,0
"Wijchen","GM0296",2020-10-18,48,48,47,47,44,44,2020-08-01,4,0,1,4,-66.6666666666667,"&#11015;",41179,0,2.42842225406154,9.71368901624615
"Zaltbommel","GM0297",2020-10-18,22,22,22,21,21,20,2020-08-01,2,0,0,1,-100,"&#11015;",29225,0,0,3.42172797262618
"Zevenaar","GM0299",2020-10-18,53,53,50,50,49,45,2020-08-01,8,0,3,4,200,"&#11014;&#11014;",44011,0,6.81647769875713,9.08863693167617
"Zutphen","GM0301",2020-10-18,32,31,31,31,31,30,2020-08-01,2,1,1,1,100,"&#11014;",48077,2.07999667200532,2.07999667200532,2.07999667200532
"Nunspeet","GM0302",2020-10-18,59,58,58,58,56,55,2020-08-01,4,1,1,3,-50,"&#11015;",27862,3.58911779484603,3.58911779484603,10.7673533845381
"Dronten","GM0303",2020-10-18,36,36,34,34,32,30,2020-08-01,6,0,2,4,0,"-",41677,0,4.798809895146,9.59761979029201
"Amersfoort","GM0307",2020-10-18,88,88,81,81,78,62,2020-08-01,26,0,7,10,133.333333333333,"&#11014;&#11014;",157521,0,4.44385193085366,6.34835990121952
"Baarn","GM0308",2020-10-18,12,12,12,12,12,11,2020-08-01,1,0,0,0,0,"-",24823,0,0,0
"De Bilt","GM0310",2020-10-18,31,31,30,30,29,27,2020-08-01,4,0,1,2,0,"-",43190,0,2.31535077564251,4.63070155128502
"Bunnik","GM0312",2020-10-18,12,12,10,10,10,9,2020-08-01,3,0,2,2,200,"&#11014;&#11014;",15262,0,13.1044424059756,13.1044424059756
"Bunschoten","GM0313",2020-10-18,12,12,12,12,12,9,2020-08-01,3,0,0,0,0,"-",21930,0,0,0
"Eemnes","GM0317",2020-10-18,2,2,2,2,2,2,2020-08-01,0,0,0,0,0,"-",9323,0,0,0
"Houten","GM0321",2020-10-18,31,31,28,28,27,24,2020-08-01,7,0,3,4,200,"&#11014;&#11014;",50290,0,5.96540067607874,7.95386756810499
"Leusden","GM0327",2020-10-18,9,9,9,9,9,9,2020-08-01,0,0,0,0,0,"-",30486,0,0,0
"Lopik","GM0331",2020-10-18,21,21,20,20,20,19,2020-08-01,2,0,1,1,100,"&#11014;",14483,0,6.90464682731478,6.90464682731478
"Montfoort","GM0335",2020-10-18,15,15,15,15,15,13,2020-08-01,2,0,0,0,0,"-",13889,0,0,0
"Renswoude","GM0339",2020-10-18,5,5,5,5,5,5,2020-08-01,0,0,0,0,0,"-",5517,0,0,0
"Rhenen","GM0340",2020-10-18,12,12,11,11,11,11,2020-08-01,1,0,1,1,100,"&#11014;",20086,0,4.97859205416708,4.97859205416708
"Soest","GM0342",2020-10-18,30,30,26,26,24,24,2020-08-01,6,0,4,6,100,"&#11014;",46842,0,8.53934503223603,12.809017548354
"Utrecht","GM0344",2020-10-18,325,325,314,312,303,270,2020-08-01,55,0,11,22,0,"-",357667,0,3.07548641613568,6.15097283227136
"Veenendaal","GM0345",2020-10-18,51,51,49,49,50,47,2020-08-01,4,0,2,1,200,"&#11014;&#11014;",66918,0,2.98873247855584,1.49436623927792
"Woudenberg","GM0351",2020-10-18,9,9,9,9,10,9,2020-08-01,0,0,0,-1,0,"-",13568,0,0,-7.37028301886792
"Wijk bij Duurstede","GM0352",2020-10-18,10,10,10,10,10,10,2020-08-01,0,0,0,0,0,"-",23901,0,0,0
"IJsselstein","GM0353",2020-10-18,39,39,37,37,36,36,2020-08-01,3,0,2,3,100,"&#11014;",33851,0,5.90824495583587,8.8623674337538
"Zeist","GM0355",2020-10-18,41,41,39,39,38,37,2020-08-01,4,0,2,3,100,"&#11014;",64883,0,3.08247152566928,4.62370728850392
"Nieuwegein","GM0356",2020-10-18,50,49,47,47,46,44,2020-08-01,6,1,3,4,200,"&#11014;&#11014;",63690,1.5701051970482,4.71031559114461,6.28042078819281
"Aalsmeer","GM0358",2020-10-18,10,10,10,10,10,9,2020-08-01,1,0,0,0,0,"-",31927,0,0,0
"Alkmaar","GM0361",2020-10-18,61,60,59,58,57,54,2020-08-01,7,1,2,4,0,"-",109751,0.91115342912593,1.82230685825186,3.64461371650372
"Amstelveen","GM0362",2020-10-18,70,69,69,69,69,58,2020-08-01,12,1,1,1,100,"&#11014;",90705,1.10247505650185,1.10247505650185,1.10247505650185
"Amsterdam","GM0363",2020-10-18,901,894,834,830,780,631,2020-08-01,270,7,67,121,24.0740740740741,"&#11014;",869709,0.804866915255562,7.70372618887467,13.9126995351319
"Beemster","GM0370",2020-10-18,4,4,4,4,4,4,2020-08-01,0,0,0,0,0,"-",10019,0,0,0
"Bergen (NH.)","GM0373",2020-10-18,21,21,20,20,21,16,2020-08-01,5,0,1,0,100,"&#11014;",29762,0,3.35998924803441,0
"Beverwijk","GM0375",2020-10-18,19,19,16,16,15,15,2020-08-01,4,0,3,4,200,"&#11014;&#11014;",41752,0,7.18528453726768,9.58037938302357
"Blaricum","GM0376",2020-10-18,8,8,8,8,8,8,2020-08-01,0,0,0,0,0,"-",11799,0,0,0
"Bloemendaal","GM0377",2020-10-18,8,8,8,8,7,7,2020-08-01,1,0,0,1,-100,"&#11015;",23566,0,0,4.24340151065094
"Castricum","GM0383",2020-10-18,18,18,16,16,16,15,2020-08-01,3,0,2,2,200,"&#11014;&#11014;",36124,0,5.5364854390433,5.5364854390433
"Diemen","GM0384",2020-10-18,21,21,20,20,20,17,2020-08-01,4,0,1,1,100,"&#11014;",31206,0,3.20451195282958,3.20451195282958
"Edam-Volendam","GM0385",2020-10-18,35,33,28,28,27,25,2020-08-01,10,2,7,8,600,"&#11014;&#11014;",36190,5.52638850511191,19.3423597678917,22.1055540204476
"Enkhuizen","GM0388",2020-10-18,19,19,19,19,18,18,2020-08-01,1,0,0,1,-100,"&#11015;",18658,0,0,5.35963125736949
"Haarlem","GM0392",2020-10-18,92,90,85,85,76,61,2020-08-01,31,2,7,16,-22.2222222222222,"&#11015;",162962,1.2272799793817,4.29547992783594,9.81823983505357
"Haarlemmermeer","GM0394",2020-10-18,90,89,81,80,77,68,2020-08-01,22,1,9,13,125,"&#11014;&#11014;",157115,0.636476466282659,5.72828819654393,8.27419406167457
"Heemskerk","GM0396",2020-10-18,32,32,32,32,31,28,2020-08-01,4,0,0,1,-100,"&#11015;",39230,0,0,2.5490695895998
"Heemstede","GM0397",2020-10-18,14,13,13,13,13,11,2020-08-01,3,1,1,1,100,"&#11014;",27341,3.65751069821879,3.65751069821879,3.65751069821879
"Heerhugowaard","GM0398",2020-10-18,28,28,27,27,27,27,2020-08-01,1,0,1,1,100,"&#11014;",58018,0,1.72360301975249,1.72360301975249
"Heiloo","GM0399",2020-10-18,11,11,11,11,11,9,2020-08-01,2,0,0,0,0,"-",24100,0,0,0
"Den Helder","GM0400",2020-10-18,15,15,13,13,13,12,2020-08-01,3,0,2,2,200,"&#11014;&#11014;",56388,0,3.54685394055473,3.54685394055473
"Hilversum","GM0402",2020-10-18,37,37,37,37,37,33,2020-08-01,4,0,0,0,0,"-",91110,0,0,0
"Hoorn","GM0405",2020-10-18,38,38,37,37,36,35,2020-08-01,3,0,1,2,0,"-",73360,0,1.36314067611778,2.72628135223555
"Huizen","GM0406",2020-10-18,26,26,25,25,24,22,2020-08-01,4,0,1,2,0,"-",41104,0,2.43285325029194,4.86570650058388
"Landsmeer","GM0415",2020-10-18,5,5,3,3,3,3,2020-08-01,2,0,2,2,200,"&#11014;&#11014;",11573,0,17.2816037328264,17.2816037328264
"Langedijk","GM0416",2020-10-18,20,20,19,19,17,16,2020-08-01,4,0,1,3,-50,"&#11015;",28214,0,3.54433968951584,10.6330190685475
"Laren","GM0417",2020-10-18,9,9,9,8,8,8,2020-08-01,1,0,0,1,-100,"&#11015;",11355,0,0,8.80669308674593
"Medemblik","GM0420",2020-10-18,19,19,19,19,19,19,2020-08-01,0,0,0,0,0,"-",45138,0,0,0
"Oostzaan","GM0431",2020-10-18,12,12,12,12,12,10,2020-08-01,2,0,0,0,0,"-",9682,0,0,0
"Opmeer","GM0432",2020-10-18,1,1,1,1,1,1,2020-08-01,0,0,0,0,0,"-",11967,0,0,0
"Ouder-Amstel","GM0437",2020-10-18,7,7,6,6,6,5,2020-08-01,2,0,1,1,100,"&#11014;",14065,0,7.10984713828653,7.10984713828653
"Purmerend","GM0439",2020-10-18,79,79,75,74,74,66,2020-08-01,13,0,4,5,300,"&#11014;&#11014;",81775,0,4.89147049831856,6.1143381228982
"Schagen","GM0441",2020-10-18,19,19,19,19,19,18,2020-08-01,1,0,0,0,0,"-",46459,0,0,0
"Texel","GM0448",2020-10-18,5,5,5,5,5,5,2020-08-01,0,0,0,0,0,"-",13643,0,0,0
"Uitgeest","GM0450",2020-10-18,5,5,5,5,5,5,2020-08-01,0,0,0,0,0,"-",13643,0,0,0
"Uithoorn","GM0451",2020-10-18,19,19,18,18,18,16,2020-08-01,3,0,1,1,100,"&#11014;",29817,0,3.35379146124694,3.35379146124694
"Velsen","GM0453",2020-10-18,42,41,39,39,36,32,2020-08-01,10,1,3,6,0,"-",68713,1.45532868598373,4.36598605795119,8.73197211590238
"Weesp","GM0457",2020-10-18,10,10,9,9,9,9,2020-08-01,1,0,1,1,100,"&#11014;",20219,0,4.94584301894258,4.94584301894258
"Zandvoort","GM0473",2020-10-18,12,12,12,12,12,10,2020-08-01,2,0,0,0,0,"-",17116,0,0,0
"Zaanstad","GM0479",2020-10-18,148,146,139,137,133,119,2020-08-01,29,2,9,15,50,"&#11014;",156907,1.27464039207938,5.73588176435723,9.55980294059538
"Alblasserdam","GM0482",2020-10-18,11,11,11,11,11,10,2020-08-01,1,0,0,0,0,"-",20221,0,0,0
"Alphen aan den Rijn","GM0484",2020-10-18,77,77,72,72,69,62,2020-08-01,15,0,5,8,66.6666666666667,"&#11014;",112343,0,4.45065558156717,7.12104893050746
"Barendrecht","GM0489",2020-10-18,45,45,43,43,40,40,2020-08-01,5,0,2,5,-33.3333333333333,"&#11015;",48654,0,4.11065893862786,10.2766473465697
"Drechterland","GM0498",2020-10-18,5,5,5,5,5,5,2020-08-01,0,0,0,0,0,"-",19775,0,0,0
"Brielle","GM0501",2020-10-18,14,14,12,12,12,11,2020-08-01,3,0,2,2,200,"&#11014;&#11014;",17378,0,11.50880423524,11.50880423524
"Capelle aan den IJssel","GM0502",2020-10-18,64,63,60,60,59,54,2020-08-01,10,1,4,5,300,"&#11014;&#11014;",67142,1.4893807154985,5.95752286199398,7.44690357749248
"Delft","GM0503",2020-10-18,44,44,43,42,41,38,2020-08-01,6,0,1,3,-50,"&#11015;",103037,0,0.970525151159292,2.91157545347788
"Dordrecht","GM0505",2020-10-18,97,97,97,96,96,85,2020-08-01,12,0,0,1,-100,"&#11015;",119342,0,0,0.837927971711552
"Gorinchem","GM0512",2020-10-18,19,19,19,19,19,18,2020-08-01,1,0,0,0,0,"-",37372,0,0,0
"Gouda","GM0513",2020-10-18,53,53,51,51,48,43,2020-08-01,10,0,2,5,-33.3333333333333,"&#11015;",73540,0,2.7196083763938,6.7990209409845
"'s-Gravenhage","GM0518",2020-10-18,516,510,480,476,447,345,2020-08-01,171,6,36,69,9.09090909090908,"&#11014;",545863,1.09917689969828,6.59506139818965,12.6405343465302
"Hardinxveld-Giessendam","GM0523",2020-10-18,2,2,2,2,2,2,2020-08-01,0,0,0,0,0,"-",18460,0,0,0
"Hellevoetsluis","GM0530",2020-10-18,20,20,17,17,16,16,2020-08-01,4,0,3,4,200,"&#11014;&#11014;",40198,0,7.4630578635753,9.9507438181004
"Hendrik-Ido-Ambacht","GM0531",2020-10-18,13,13,13,13,13,10,2020-08-01,3,0,0,0,0,"-",31311,0,0,0
"Stede Broec","GM0532",2020-10-18,19,19,19,19,18,18,2020-08-01,1,0,0,1,-100,"&#11015;",21773,0,0,4.59284434850503
"Hillegom","GM0534",2020-10-18,8,8,8,8,8,8,2020-08-01,0,0,0,0,0,"-",22210,0,0,0
"Katwijk","GM0537",2020-10-18,40,39,38,37,34,31,2020-08-01,9,1,2,6,-50,"&#11015;",65929,1.51678320617634,3.03356641235268,9.10069923705805
"Krimpen aan den IJssel","GM0542",2020-10-18,17,17,14,13,12,10,2020-08-01,7,0,3,5,50,"&#11014;",29452,0,10.1860654624474,16.9767757707456
"Leiden","GM0546",2020-10-18,53,53,51,51,47,40,2020-08-01,13,0,2,6,-50,"&#11015;",123655,0,1.61740325906757,4.8522097772027
"Leiderdorp","GM0547",2020-10-18,17,17,17,17,15,14,2020-08-01,3,0,0,2,-100,"&#11015;",27304,0,0,7.32493407559332
"Lisse","GM0553",2020-10-18,9,9,9,9,8,8,2020-08-01,1,0,0,1,-100,"&#11015;",22983,0,0,4.35104207457686
"Maassluis","GM0556",2020-10-18,24,24,23,23,23,20,2020-08-01,4,0,1,1,100,"&#11014;",33336,0,2.99976001919846,2.99976001919846
"Nieuwkoop","GM0569",2020-10-18,12,11,10,10,9,9,2020-08-01,3,1,2,3,100,"&#11014;",29021,3.44578064160436,6.89156128320871,10.3373419248131
"Noordwijk","GM0575",2020-10-18,23,23,22,22,21,19,2020-08-01,4,0,1,2,0,"-",43733,0,2.28660279422861,4.57320558845723
"Oegstgeest","GM0579",2020-10-18,10,10,10,10,9,8,2020-08-01,2,0,0,1,-100,"&#11015;",24972,0,0,4.00448502322601
"Oudewater","GM0589",2020-10-18,26,26,26,26,26,26,2020-08-01,0,0,0,0,0,"-",10178,0,0,0
"Papendrecht","GM0590",2020-10-18,9,9,9,9,9,9,2020-08-01,0,0,0,0,0,"-",32095,0,0,0
"Ridderkerk","GM0597",2020-10-18,42,42,41,41,40,37,2020-08-01,5,0,1,2,0,"-",46576,0,2.14702851253865,4.29405702507729
"Rotterdam","GM0599",2020-10-18,740,735,695,689,654,532,2020-08-01,208,5,45,86,9.75609756097562,"&#11014;",650459,0.768687957273249,6.91819161545924,13.2214328650999
"Rijswijk","GM0603",2020-10-18,50,50,48,47,43,36,2020-08-01,14,0,2,7,-60,"&#11015;",54855,0,3.64597575426123,12.7609151399143
"Schiedam","GM0606",2020-10-18,67,67,64,64,63,58,2020-08-01,9,0,3,4,200,"&#11014;&#11014;",79003,0,3.79732415224738,5.06309886966318
"Sliedrecht","GM0610",2020-10-18,9,9,9,9,9,9,2020-08-01,0,0,0,0,0,"-",25350,0,0,0
"Albrandswaard","GM0613",2020-10-18,17,17,16,16,16,14,2020-08-01,3,0,1,1,100,"&#11014;",25896,0,3.86160024714242,3.86160024714242
"Westvoorne","GM0614",2020-10-18,6,6,6,6,6,6,2020-08-01,0,0,0,0,0,"-",14863,0,0,0
"Vlaardingen","GM0622",2020-10-18,51,51,51,50,49,43,2020-08-01,8,0,0,2,-100,"&#11015;",73758,0,0,2.71157027034356
"Voorschoten","GM0626",2020-10-18,11,11,10,10,9,9,2020-08-01,2,0,1,2,0,"-",25602,0,3.90594484805875,7.81188969611749
"Waddinxveen","GM0627",2020-10-18,24,23,21,21,19,18,2020-08-01,6,1,3,5,50,"&#11014;",29906,3.34381060656724,10.0314318197017,16.7190530328362
"Wassenaar","GM0629",2020-10-18,10,10,10,10,10,9,2020-08-01,1,0,0,0,0,"-",26490,0,0,0
"Woerden","GM0632",2020-10-18,59,59,56,55,53,49,2020-08-01,10,0,3,6,0,"-",52558,0,5.70797975569847,11.4159595113969
"Zoetermeer","GM0637",2020-10-18,65,65,62,62,59,53,2020-08-01,12,0,3,6,0,"-",125247,0,2.39526695250186,4.79053390500371
"Zoeterwoude","GM0638",2020-10-18,4,4,3,3,3,3,2020-08-01,1,0,1,1,100,"&#11014;",8759,0,11.4168284050691,11.4168284050691
"Zwijndrecht","GM0642",2020-10-18,27,27,27,27,27,23,2020-08-01,4,0,0,0,0,"-",44641,0,0,0
"Borsele","GM0654",2020-10-18,5,5,5,5,5,5,2020-08-01,0,0,0,0,0,"-",22762,0,0,0
"Goes","GM0664",2020-10-18,13,13,13,13,12,11,2020-08-01,2,0,0,1,-100,"&#11015;",38423,0,0,2.60260781302865
"West Maas en Waal","GM0668",2020-10-18,22,22,21,21,21,20,2020-08-01,2,0,1,1,100,"&#11014;",19436,0,5.14509158263017,5.14509158263017
"Hulst","GM0677",2020-10-18,10,10,10,10,9,9,2020-08-01,1,0,0,1,-100,"&#11015;",27631,0,0,3.61912344830082
"Kapelle","GM0678",2020-10-18,3,3,3,3,3,3,2020-08-01,0,0,0,0,0,"-",12808,0,0,0
"Middelburg","GM0687",2020-10-18,19,19,19,19,19,18,2020-08-01,1,0,0,0,0,"-",48766,0,0,0
"Reimerswaal","GM0703",2020-10-18,6,6,5,5,5,4,2020-08-01,2,0,1,1,100,"&#11014;",22843,0,4.37770870726262,4.37770870726262
"Terneuzen","GM0715",2020-10-18,25,25,25,25,25,25,2020-08-01,0,0,0,0,0,"-",54476,0,0,0
"Tholen","GM0716",2020-10-18,43,43,42,41,40,40,2020-08-01,3,0,1,3,-50,"&#11015;",25894,0,3.86189850930718,11.5856955279215
"Veere","GM0717",2020-10-18,8,8,6,6,6,6,2020-08-01,2,0,2,2,200,"&#11014;&#11014;",21974,0,9.10166560480568,9.10166560480568
"Vlissingen","GM0718",2020-10-18,9,9,9,9,9,9,2020-08-01,0,0,0,0,0,"-",44132,0,0,0
"De Ronde Venen","GM0736",2020-10-18,44,43,41,41,40,39,2020-08-01,5,1,3,4,200,"&#11014;&#11014;",44636,2.24034411685635,6.72103235056905,8.9613764674254
"Tytsjerksteradiel","GM0737",2020-10-18,7,7,6,6,5,4,2020-08-01,3,0,1,2,0,"-",32079,0,3.11730415536644,6.23460831073288
"Asten","GM0743",2020-10-18,18,18,18,18,18,18,2020-08-01,0,0,0,0,0,"-",16718,0,0,0
"Baarle-Nassau","GM0744",2020-10-18,9,9,9,9,9,9,2020-08-01,0,0,0,0,0,"-",6876,0,0,0
"Bergen op Zoom","GM0748",2020-10-18,39,39,34,33,31,25,2020-08-01,14,0,5,8,66.6666666666667,"&#11014;",67667,0,7.38912616194009,11.8226018591041
"Best","GM0753",2020-10-18,31,31,31,31,31,31,2020-08-01,0,0,0,0,0,"-",30073,0,0,0
"Boekel","GM0755",2020-10-18,36,36,34,34,34,34,2020-08-01,2,0,2,2,200,"&#11014;&#11014;",10872,0,18.3958793230316,18.3958793230316
"Boxmeer","GM0756",2020-10-18,20,20,20,20,20,20,2020-08-01,0,0,0,0,0,"-",29465,0,0,0
"Boxtel","GM0757",2020-10-18,24,24,24,24,24,24,2020-08-01,0,0,0,0,0,"-",30807,0,0,0
"Breda","GM0758",2020-10-18,163,159,156,155,151,146,2020-08-01,17,4,7,12,40,"&#11014;",183790,2.1763969748082,3.80869470591436,6.52919092442461
"Deurne","GM0762",2020-10-18,57,57,56,56,56,55,2020-08-01,2,0,1,1,100,"&#11014;",32466,0,3.08014538286207,3.08014538286207
"Pekela","GM0765",2020-10-18,5,5,4,4,4,4,2020-08-01,1,0,1,1,100,"&#11014;",12172,0,8.21557673348669,8.21557673348669
"Dongen","GM0766",2020-10-18,22,22,21,21,20,20,2020-08-01,2,0,1,2,0,"-",26345,0,3.79578667678876,7.59157335357753
"Eersel","GM0770",2020-10-18,28,28,27,27,27,27,2020-08-01,1,0,1,1,100,"&#11014;",19418,0,5.14986095375425,5.14986095375425
"Eindhoven","GM0772",2020-10-18,193,193,190,190,185,182,2020-08-01,11,0,3,8,-40,"&#11015;",233983,0,1.28214442929615,3.41905181145639
"Etten-Leur","GM0777",2020-10-18,45,45,43,43,43,41,2020-08-01,4,0,2,2,200,"&#11014;&#11014;",43896,0,4.55622380171314,4.55622380171314
"Geertruidenberg","GM0779",2020-10-18,13,13,13,13,12,11,2020-08-01,2,0,0,1,-100,"&#11015;",21670,0,0,4.61467466543609
"Gilze en Rijen","GM0784",2020-10-18,20,20,20,20,20,20,2020-08-01,0,0,0,0,0,"-",26551,0,0,0
"Goirle","GM0785",2020-10-18,32,32,32,32,32,32,2020-08-01,0,0,0,0,0,"-",23823,0,0,0
"Grave","GM0786",2020-10-18,21,21,21,21,21,21,2020-08-01,0,0,0,0,0,"-",12452,0,0,0
"Haaren","GM0788",2020-10-18,19,19,19,19,19,18,2020-08-01,1,0,0,0,0,"-",14316,0,0,0
"Helmond","GM0794",2020-10-18,122,122,119,119,118,115,2020-08-01,7,0,3,4,200,"&#11014;&#11014;",92420,0,3.24605063838996,4.32806751785328
"'s-Hertogenbosch","GM0796",2020-10-18,140,140,137,137,135,128,2020-08-01,12,0,3,5,50,"&#11014;",155409,0,1.93039013184565,3.21731688640941
"Heusden","GM0797",2020-10-18,47,47,46,46,45,45,2020-08-01,2,0,1,2,0,"-",44897,0,2.22732031093392,4.45464062186783
"Hilvarenbeek","GM0798",2020-10-18,11,10,10,10,10,9,2020-08-01,2,1,1,1,100,"&#11014;",15617,6.40327847858103,6.40327847858103,6.40327847858103
"Loon op Zand","GM0809",2020-10-18,28,28,27,27,27,24,2020-08-01,4,0,1,1,100,"&#11014;",23466,0,4.26148470126992,4.26148470126992
"Mill en Sint Hubert","GM0815",2020-10-18,9,9,9,9,9,9,2020-08-01,0,0,0,0,0,"-",11007,0,0,0
"Nuenen, Gerwen en Nederwetten","GM0820",2020-10-18,18,18,18,18,18,18,2020-08-01,0,0,0,0,0,"-",23526,0,0,0
"Oirschot","GM0823",2020-10-18,14,14,13,13,13,13,2020-08-01,1,0,1,1,100,"&#11014;",18832,0,5.31011045029737,5.31011045029737
"Oisterwijk","GM0824",2020-10-18,26,26,24,24,24,23,2020-08-01,3,0,2,2,200,"&#11014;&#11014;",26344,0,7.59186152444579,7.59186152444579
"Oosterhout","GM0826",2020-10-18,52,52,51,51,50,48,2020-08-01,4,0,1,2,0,"-",56232,0,1.77834684876938,3.55669369753877
"Oss","GM0828",2020-10-18,173,173,172,172,168,165,2020-08-01,8,0,1,5,-75,"&#11015;",92229,0,1.08425766299103,5.42128831495517
"Rucphen","GM0840",2020-10-18,12,12,11,11,10,10,2020-08-01,2,0,1,2,0,"-",23009,0,4.34612542917989,8.69225085835977
"Sint-Michielsgestel","GM0845",2020-10-18,37,37,37,37,36,36,2020-08-01,1,0,0,1,-100,"&#11015;",29422,0,0,3.39881721161036
"Someren","GM0847",2020-10-18,33,33,33,33,33,33,2020-08-01,0,0,0,0,0,"-",19331,0,0,0
"Son en Breugel","GM0848",2020-10-18,31,31,31,31,31,31,2020-08-01,0,0,0,0,0,"-",17465,0,0,0
"Steenbergen","GM0851",2020-10-18,16,16,13,13,13,13,2020-08-01,3,0,3,3,300,"&#11014;&#11014;",24302,0,12.3446629907004,12.3446629907004
"Waterland","GM0852",2020-10-18,18,17,17,17,16,16,2020-08-01,2,1,1,2,0,"-",17393,5.74943942965561,5.74943942965561,11.4988788593112
"Tilburg","GM0855",2020-10-18,262,262,261,260,257,250,2020-08-01,12,0,1,5,-75,"&#11015;",219599,0,0.455375479851912,2.27687739925956
"Uden","GM0856",2020-10-18,115,115,115,115,115,115,2020-08-01,0,0,0,0,0,"-",42163,0,0,0
"Valkenswaard","GM0858",2020-10-18,20,20,19,19,19,19,2020-08-01,1,0,1,1,100,"&#11014;",31230,0,3.2020493115594,3.2020493115594
"Veldhoven","GM0861",2020-10-18,31,31,31,31,31,31,2020-08-01,0,0,0,0,0,"-",45625,0,0,0
"Vught","GM0865",2020-10-18,43,43,43,43,43,42,2020-08-01,1,0,0,0,0,"-",26709,0,0,0
"Waalre","GM0866",2020-10-18,8,8,7,7,7,7,2020-08-01,1,0,1,1,100,"&#11014;",17518,0,5.70841420253454,5.70841420253454
"Waalwijk","GM0867",2020-10-18,40,40,40,40,39,36,2020-08-01,4,0,0,1,-100,"&#11015;",48754,0,0,2.05111375476884
"Woensdrecht","GM0873",2020-10-18,7,7,7,7,6,5,2020-08-01,2,0,0,1,-100,"&#11015;",21954,0,0,4.55497859160062
"Zundert","GM0879",2020-10-18,24,24,24,24,24,24,2020-08-01,0,0,0,0,0,"-",22141,0,0,0
"Wormerland","GM0880",2020-10-18,21,21,20,20,20,20,2020-08-01,1,0,1,1,100,"&#11014;",16203,0,6.17169659939517,6.17169659939517
"Landgraaf","GM0882",2020-10-18,53,53,53,53,52,52,2020-08-01,1,0,0,1,-100,"&#11015;",37267,0,0,2.68333914723482
"Beek","GM0888",2020-10-18,17,17,16,16,16,16,2020-08-01,1,0,1,1,100,"&#11014;",15889,0,6.29366228208194,6.29366228208194
"Beesel","GM0889",2020-10-18,20,20,20,20,20,20,2020-08-01,0,0,0,0,0,"-",13439,0,0,0
"Bergen (L.)","GM0893",2020-10-18,8,8,7,7,7,7,2020-08-01,1,0,1,1,100,"&#11014;",13089,0,7.64000305600122,7.64000305600122
"Brunssum","GM0899",2020-10-18,48,48,46,46,46,44,2020-08-01,4,0,2,2,200,"&#11014;&#11014;",27709,0,7.21787144970948,7.21787144970948
"Gennep","GM0907",2020-10-18,17,17,17,17,17,16,2020-08-01,1,0,0,0,0,"-",16968,0,0,0
"Heerlen","GM0917",2020-10-18,127,127,126,126,126,125,2020-08-01,2,0,1,1,100,"&#11014;",86915,0,1.15054938733245,1.15054938733245
"Kerkrade","GM0928",2020-10-18,65,65,64,64,64,64,2020-08-01,1,0,1,1,100,"&#11014;",45527,0,2.19649878094318,2.19649878094318
"Maastricht","GM0935",2020-10-18,193,193,193,193,193,186,2020-08-01,7,0,0,0,0,"-",118636,0,0,0
"Meerssen","GM0938",2020-10-18,23,23,23,23,22,22,2020-08-01,1,0,0,1,-100,"&#11015;",18759,0,0,5.33077456154379
"Mook en Middelaar","GM0944",2020-10-18,7,7,7,7,7,6,2020-08-01,1,0,0,0,0,"-",7879,0,0,0
"Nederweert","GM0946",2020-10-18,32,32,31,31,31,31,2020-08-01,1,0,1,1,100,"&#11014;",17086,0,5.85274493737563,5.85274493737563
"Roermond","GM0957",2020-10-18,64,64,62,62,61,59,2020-08-01,5,0,2,3,100,"&#11014;",58620,0,3.41180484476288,5.11770726714432
"Simpelveld","GM0965",2020-10-18,19,19,19,19,19,19,2020-08-01,0,0,0,0,0,"-",10515,0,0,0
"Stein","GM0971",2020-10-18,45,45,44,44,44,43,2020-08-01,2,0,1,1,100,"&#11014;",24935,0,4.01042711048727,4.01042711048727
"Vaals","GM0981",2020-10-18,10,10,10,10,10,10,2020-08-01,0,0,0,0,0,"-",10055,0,0,0
"Venlo","GM0983",2020-10-18,138,138,135,135,135,129,2020-08-01,9,0,3,3,300,"&#11014;&#11014;",101853,0,2.94542134252305,2.94542134252305
"Venray","GM0984",2020-10-18,38,38,37,37,37,37,2020-08-01,1,0,1,1,100,"&#11014;",43707,0,2.28796302651749,2.28796302651749
"Voerendaal","GM0986",2020-10-18,17,17,17,17,17,17,2020-08-01,0,0,0,0,0,"-",12459,0,0,0
"Weert","GM0988",2020-10-18,69,69,68,68,68,67,2020-08-01,2,0,1,1,100,"&#11014;",50109,0,1.99564948412461,1.99564948412461
"Valkenburg aan de Geul","GM0994",2020-10-18,19,19,19,19,19,19,2020-08-01,0,0,0,0,0,"-",16399,0,0,0
"Lelystad","GM0995",2020-10-18,79,79,74,74,69,63,2020-08-01,16,0,5,10,0,"-",79284,0,6.30644266182332,12.6128853236466
"Horst aan de Maas","GM1507",2020-10-18,41,41,41,41,41,41,2020-08-01,0,0,0,0,0,"-",42416,0,0,0
"Oude IJsselstreek","GM1509",2020-10-18,23,23,22,22,21,21,2020-08-01,2,0,1,2,0,"-",39331,0,2.54252370903359,5.08504741806717
"Teylingen","GM1525",2020-10-18,17,17,17,17,15,14,2020-08-01,3,0,0,2,-100,"&#11015;",37655,0,0,5.31137963085912
"Utrechtse Heuvelrug","GM1581",2020-10-18,29,29,29,29,29,28,2020-08-01,1,0,0,0,0,"-",49784,0,0,0
"Oost Gelre","GM1586",2020-10-18,18,18,18,18,18,18,2020-08-01,0,0,0,0,0,"-",29644,0,0,0
"Koggenland","GM1598",2020-10-18,7,7,7,7,7,6,2020-08-01,1,0,0,0,0,"-",22864,0,0,0
"Lansingerland","GM1621",2020-10-18,49,49,48,47,44,43,2020-08-01,6,0,1,5,-75,"&#11015;",62882,0,1.59028020737254,7.95140103686269
"Leudal","GM1640",2020-10-18,54,54,54,54,54,53,2020-08-01,1,0,0,0,0,"-",35999,0,0,0
"Maasgouw","GM1641",2020-10-18,28,28,28,28,28,27,2020-08-01,1,0,0,0,0,"-",23936,0,0,0
"Gemert-Bakel","GM1652",2020-10-18,79,79,79,79,79,79,2020-08-01,0,0,0,0,0,"-",30693,0,0,0
"Halderberge","GM1655",2020-10-18,18,18,16,16,16,14,2020-08-01,4,0,2,2,200,"&#11014;&#11014;",30314,0,6.59761166457742,6.59761166457742
"Heeze-Leende","GM1658",2020-10-18,16,16,16,16,16,16,2020-08-01,0,0,0,0,0,"-",16217,0,0,0
"Laarbeek","GM1659",2020-10-18,41,41,41,41,41,41,2020-08-01,0,0,0,0,0,"-",22665,0,0,0
"Reusel-De Mierden","GM1667",2020-10-18,13,13,12,12,11,11,2020-08-01,2,0,1,2,0,"-",13066,0,7.65345170671973,15.3069034134395
"Roerdalen","GM1669",2020-10-18,27,27,27,27,27,27,2020-08-01,0,0,0,0,0,"-",20552,0,0,0
"Roosendaal","GM1674",2020-10-18,41,41,37,36,35,28,2020-08-01,13,0,4,6,100,"&#11014;",77308,0,5.17410875976613,7.7611631396492
"Schouwen-Duiveland","GM1676",2020-10-18,12,12,12,12,12,11,2020-08-01,1,0,0,0,0,"-",34012,0,0,0
"Aa en Hunze","GM1680",2020-10-18,1,1,1,1,1,1,2020-08-01,0,0,0,0,0,"-",25393,0,0,0
"Borger-Odoorn","GM1681",2020-10-18,5,5,5,4,4,4,2020-08-01,1,0,0,1,-100,"&#11015;",25554,0,0,3.91328167801518
"Cuijk","GM1684",2020-10-18,13,13,12,12,12,12,2020-08-01,1,0,1,1,100,"&#11014;",25291,0,3.95397572258906,3.95397572258906
"Landerd","GM1685",2020-10-18,42,42,42,42,42,39,2020-08-01,3,0,0,0,0,"-",15761,0,0,0
"De Wolden","GM1690",2020-10-18,13,12,11,11,11,11,2020-08-01,2,1,2,2,200,"&#11014;&#11014;",24357,4.10559592724884,8.21119185449768,8.21119185449768
"Noord-Beveland","GM1695",2020-10-18,1,1,1,1,1,1,2020-08-01,0,0,0,0,0,"-",7560,0,0,0
"Wijdemeren","GM1696",2020-10-18,10,9,9,9,8,8,2020-08-01,2,1,1,2,0,"-",24414,4.09601048578684,4.09601048578684,8.19202097157369
"Noordenveld","GM1699",2020-10-18,6,6,4,4,4,4,2020-08-01,2,0,2,2,200,"&#11014;&#11014;",31270,0,6.39590661976335,6.39590661976335
"Twenterand","GM1700",2020-10-18,12,12,12,12,12,12,2020-08-01,0,0,0,0,0,"-",33729,0,0,0
"Westerveld","GM1701",2020-10-18,9,9,9,9,9,9,2020-08-01,0,0,0,0,0,"-",19573,0,0,0
"Sint Anthonis","GM1702",2020-10-18,21,21,20,20,20,20,2020-08-01,1,0,1,1,100,"&#11014;",11662,0,8.5748585148345,8.5748585148345
"Lingewaard","GM1705",2020-10-18,36,35,35,36,35,31,2020-08-01,5,1,1,1,100,"&#11014;",46723,2.14027352695674,2.14027352695674,2.14027352695674
"Cranendonck","GM1706",2020-10-18,63,63,63,63,63,63,2020-08-01,0,0,0,0,0,"-",20941,0,0,0
"Steenwijkerland","GM1708",2020-10-18,15,15,15,15,14,14,2020-08-01,1,0,0,1,-100,"&#11015;",44258,0,0,2.25947851235935
"Moerdijk","GM1709",2020-10-18,18,18,17,17,16,14,2020-08-01,4,0,1,2,0,"-",37184,0,2.68932874354561,5.37865748709122
"Echt-Susteren","GM1711",2020-10-18,40,40,40,40,40,39,2020-08-01,1,0,0,0,0,"-",31654,0,0,0
"Sluis","GM1714",2020-10-18,9,9,9,9,9,9,2020-08-01,0,0,0,0,0,"-",23173,0,0,0
"Drimmelen","GM1719",2020-10-18,21,21,21,21,19,18,2020-08-01,3,0,0,2,-100,"&#11015;",27251,0,0,7.33918021357014
"Bernheze","GM1721",2020-10-18,96,96,95,95,95,95,2020-08-01,1,0,1,1,100,"&#11014;",31313,0,3.19356177945262,3.19356177945262
"Alphen-Chaam","GM1723",2020-10-18,18,18,18,18,18,18,2020-08-01,0,0,0,0,0,"-",10298,0,0,0
"Bergeijk","GM1724",2020-10-18,19,19,19,19,19,19,2020-08-01,0,0,0,0,0,"-",18674,0,0,0
"Bladel","GM1728",2020-10-18,22,22,21,21,21,21,2020-08-01,1,0,1,1,100,"&#11014;",20531,0,4.87068335687497,4.87068335687497
"Gulpen-Wittem","GM1729",2020-10-18,22,22,22,22,22,21,2020-08-01,1,0,0,0,0,"-",14205,0,0,0
"Tynaarlo","GM1730",2020-10-18,11,11,9,9,9,9,2020-08-01,2,0,2,2,200,"&#11014;&#11014;",33842,0,5.90981620471603,5.90981620471603
"Midden-Drenthe","GM1731",2020-10-18,6,6,6,6,6,6,2020-08-01,0,0,0,0,0,"-",33280,0,0,0
"Overbetuwe","GM1734",2020-10-18,59,58,56,56,56,55,2020-08-01,4,1,3,3,300,"&#11014;&#11014;",48057,2.08086230934099,6.24258692802297,6.24258692802297
"Hof van Twente","GM1735",2020-10-18,18,18,15,15,15,15,2020-08-01,3,0,3,3,300,"&#11014;&#11014;",35129,0,8.53995274559481,8.53995274559481
"Neder-Betuwe","GM1740",2020-10-18,41,41,41,41,37,37,2020-08-01,4,0,0,4,-100,"&#11015;",24526,0,0,16.3092228655305
"Rijssen-Holten","GM1742",2020-10-18,29,29,29,29,29,29,2020-08-01,0,0,0,0,0,"-",38227,0,0,0
"Geldrop-Mierlo","GM1771",2020-10-18,34,35,34,34,33,33,2020-08-01,1,-1,0,1,-100,"&#11015;",39997,-2.50018751406355,0,2.50018751406355
"Olst-Wijhe","GM1773",2020-10-18,12,12,12,12,12,12,2020-08-01,0,0,0,0,0,"-",18300,0,0,0
"Dinkelland","GM1774",2020-10-18,20,20,20,20,20,20,2020-08-01,0,0,0,0,0,"-",26545,0,0,0
"Westland","GM1783",2020-10-18,68,67,65,65,64,57,2020-08-01,11,1,3,4,200,"&#11014;&#11014;",110974,0.901111972173662,2.70333591652099,3.60444788869465
"Midden-Delfland","GM1842",2020-10-18,5,5,5,5,5,4,2020-08-01,1,0,0,0,0,"-",19406,0,0,0
"Berkelland","GM1859",2020-10-18,15,14,14,14,14,12,2020-08-01,3,1,1,1,100,"&#11014;",43845,2.28076177443266,2.28076177443266,2.28076177443266
"Bronckhorst","GM1876",2020-10-18,18,18,17,17,17,17,2020-08-01,1,0,1,1,100,"&#11014;",36077,0,2.77184910053497,2.77184910053497
"Sittard-Geleen","GM1883",2020-10-18,122,122,120,120,119,115,2020-08-01,7,0,2,3,100,"&#11014;",91928,0,2.17561569924289,3.26342354886433
"Kaag en Braassem","GM1884",2020-10-18,8,8,8,8,8,7,2020-08-01,1,0,0,0,0,"-",27492,0,0,0
"Dantumadiel","GM1891",2020-10-18,2,2,2,2,2,2,2020-08-01,0,0,0,0,0,"-",18928,0,0,0
"Zuidplas","GM1892",2020-10-18,30,30,28,28,27,24,2020-08-01,6,0,2,3,100,"&#11014;",44750,0,4.46927374301676,6.70391061452514
"Peel en Maas","GM1894",2020-10-18,145,144,144,144,144,144,2020-08-01,1,1,1,1,100,"&#11014;",43561,2.29563141342026,2.29563141342026,2.29563141342026
"Oldambt","GM1895",2020-10-18,10,10,8,8,7,7,2020-08-01,3,0,2,3,100,"&#11014;",38274,0,5.22547943773841,7.83821915660762
"Zwartewaterland","GM1896",2020-10-18,35,35,35,35,35,35,2020-08-01,0,0,0,0,0,"-",22755,0,0,0
"Súdwest-Fryslân","GM1900",2020-10-18,21,19,19,19,19,18,2020-08-01,3,2,2,2,200,"&#11014;&#11014;",89976,2.22281497288166,2.22281497288166,2.22281497288166
"Bodegraven-Reeuwijk","GM1901",2020-10-18,11,10,10,9,8,7,2020-08-01,4,1,1,3,-50,"&#11015;",35157,2.84438376425747,2.84438376425747,8.53315129277242
"Eijsden-Margraten","GM1903",2020-10-18,55,55,55,54,54,54,2020-08-01,1,0,0,1,-100,"&#11015;",25775,0,0,3.87972841901067
"Stichtse Vecht","GM1904",2020-10-18,43,43,42,42,39,34,2020-08-01,9,0,1,4,-66.6666666666667,"&#11015;",65087,0,1.53640511930186,6.14562047720743
"Hollands Kroon","GM1911",2020-10-18,26,26,26,26,26,26,2020-08-01,0,0,0,0,0,"-",48637,0,0,0
"Leidschendam-Voorburg","GM1916",2020-10-18,36,36,34,34,32,21,2020-08-01,15,0,2,4,0,"-",76387,0,2.61824656027858,5.23649312055716
"Goeree-Overflakkee","GM1924",2020-10-18,57,57,57,57,56,54,2020-08-01,3,0,0,1,-100,"&#11015;",50356,0,0,1.98586067201525
"Pijnacker-Nootdorp","GM1926",2020-10-18,30,30,30,30,30,24,2020-08-01,6,0,0,0,0,"-",55360,0,0,0
"Nissewaard","GM1930",2020-10-18,68,67,64,64,60,56,2020-08-01,12,1,4,8,0,"-",85173,1.17408098810656,4.69632395242624,9.39264790485248
"Krimpenerwaard","GM1931",2020-10-18,51,50,47,47,47,45,2020-08-01,6,1,4,4,400,"&#11014;&#11014;",56353,1.77452841907263,7.09811367629053,7.09811367629053
"De Fryske Marren","GM1940",2020-10-18,21,21,19,19,17,16,2020-08-01,5,0,2,4,0,"-",51678,0,3.87011881264755,7.7402376252951
"Gooise Meren","GM1942",2020-10-18,27,27,26,25,25,23,2020-08-01,4,0,1,2,0,"-",58247,0,1.71682661767988,3.43365323535976
"Berg en Dal","GM1945",2020-10-18,34,34,32,32,31,29,2020-08-01,5,0,2,3,100,"&#11014;",34972,0,5.71886080292806,8.57829120439209
"Meierijstad","GM1948",2020-10-18,211,211,211,211,211,211,2020-08-01,0,0,0,0,0,"-",81467,0,0,0
"Waadhoeke","GM1949",2020-10-18,13,13,13,13,13,12,2020-08-01,1,0,0,0,0,"-",46098,0,0,0
"Westerwolde","GM1950",2020-10-18,11,11,7,7,5,5,2020-08-01,6,0,4,6,100,"&#11014;",25719,0,15.5527042264474,23.3290563396711
"Midden-Groningen","GM1952",2020-10-18,8,7,7,7,7,6,2020-08-01,2,1,1,1,100,"&#11014;",60720,1.64690382081686,1.64690382081686,1.64690382081686
"Beekdaelen","GM1954",2020-10-18,52,52,52,52,52,52,2020-08-01,0,0,0,0,0,"-",35916,0,0,0
"Montferland","GM1955",2020-10-18,23,23,22,22,22,21,2020-08-01,2,0,1,1,100,"&#11014;",36052,0,2.77377121934983,2.77377121934983
"Altena","GM1959",2020-10-18,37,37,36,35,33,32,2020-08-01,5,0,1,4,-66.6666666666667,"&#11015;",56194,0,1.77954941808734,7.11819767234936
"West Betuwe","GM1960",2020-10-18,47,47,44,44,44,43,2020-08-01,4,0,3,3,300,"&#11014;&#11014;",51281,0,5.85011992745851,5.85011992745851
"Vijfheerenlanden","GM1961",2020-10-18,42,42,40,40,38,34,2020-08-01,8,0,2,4,0,"-",57525,0,3.4767492394611,6.95349847892221
"Hoeksche Waard","GM1963",2020-10-18,82,82,81,81,80,76,2020-08-01,6,0,1,2,0,"-",87614,0,1.14137010066884,2.28274020133769
"Het Hogeland","GM1966",2020-10-18,7,7,8,8,7,7,2020-08-01,0,0,-1,0,-200,"&#11015;",47878,0,-2.08864196499436,0
"Westerkwartier","GM1969",2020-10-18,19,19,16,16,14,14,2020-08-01,5,0,3,5,50,"&#11014;",63458,0,4.72753632323742,7.87922720539569
"Noardeast-Fryslân","GM1970",2020-10-18,7,7,7,7,7,6,2020-08-01,1,0,0,0,0,"-",45433,0,0,0
"Molenlanden","GM1978",2020-10-18,20,20,20,20,20,18,2020-08-01,2,0,0,0,0,"-",44042,0,0,0
