"municipality","Municipality_code","date","d0","d1","d7","d8","d14","lowest_since_okt1","lowest_since_okt1_date","current","increase_1d","increase_7d","increase_14d","increase_growth","growth","population","rel_increase_1d","rel_increase_7d","rel_increase_14d"
"Netherlands","",2020-11-01,15242,15133,14553,14444,13852,12805,2020-10-01,2437,109,689,1390,-1.71184022824536,"&#x2798;",17443797,0.624863955938033,3.94982812514959,7.96844861242079
"Unknown","",2020-11-01,91,90,84,84,81,74,2020-10-01,17,1,7,10,133.333333333333,"&#x279A;&#x279A;",NA,NA,NA,NA
"Appingedam","GM0003",2020-11-01,8,8,7,7,7,3,2020-10-01,5,0,1,1,100,"&#x279A;",11523,0,8.67829558274755,8.67829558274755
"Delfzijl","GM0010",2020-11-01,8,8,7,7,7,6,2020-10-01,2,0,1,1,100,"&#x279A;",24609,0,4.06355398431468,4.06355398431468
"Groningen","GM0014",2020-11-01,32,32,32,32,26,19,2020-10-01,13,0,0,6,-100,"&#x2798;",231112,0,0,2.59614386098515
"Loppersum","GM0024",2020-11-01,0,0,0,0,0,0,2020-10-01,0,0,0,0,0,"-",9477,0,0,0
"Almere","GM0034",2020-11-01,170,170,165,165,157,138,2020-10-01,32,0,5,13,-37.5,"&#x2798;",213660,0,2.34016661986333,6.08443321164467
"Stadskanaal","GM0037",2020-11-01,8,8,6,5,3,2,2020-10-01,6,0,2,5,-33.3333333333333,"&#x2798;",31581,0,6.33292169342326,15.8323042335582
"Veendam","GM0047",2020-11-01,4,4,2,2,2,2,2020-10-01,2,0,2,2,200,"&#x279A;&#x279A;",27430,0,7.29128691213999,7.29128691213999
"Zeewolde","GM0050",2020-11-01,13,13,13,13,13,12,2020-10-01,1,0,0,0,0,"-",22680,0,0,0
"Achtkarspelen","GM0059",2020-11-01,0,0,0,0,0,0,2020-10-01,0,0,0,0,0,"-",27873,0,0,0
"Ameland","GM0060",2020-11-01,0,0,0,0,0,0,2020-10-01,0,0,0,0,0,"-",3752,0,0,0
"Harlingen","GM0072",2020-11-01,4,4,4,4,4,4,2020-10-01,0,0,0,0,0,"-",15793,0,0,0
"Heerenveen","GM0074",2020-11-01,16,16,16,16,16,13,2020-10-01,3,0,0,0,0,"-",50456,0,0,0
"Leeuwarden","GM0080",2020-11-01,47,46,45,45,43,37,2020-10-01,10,1,2,4,0,"-",123625,0.808897876643074,1.61779575328615,3.2355915065723
"Ooststellingwerf","GM0085",2020-11-01,5,5,5,5,5,3,2020-10-01,2,0,0,0,0,"-",25366,0,0,0
"Opsterland","GM0086",2020-11-01,8,8,8,8,8,7,2020-10-01,1,0,0,0,0,"-",29743,0,0,0
"Schiermonnikoog","GM0088",2020-11-01,1,1,1,1,0,0,2020-10-01,1,0,0,1,-100,"&#x2798;",953,0,0,104.931794333683
"Smallingerland","GM0090",2020-11-01,12,12,12,12,10,9,2020-10-01,3,0,0,2,-100,"&#x2798;",56181,0,0,3.55992239369182
"Terschelling","GM0093",2020-11-01,1,1,1,1,1,0,2020-10-01,1,0,0,0,0,"-",4807,0,0,0
"Vlieland","GM0096",2020-11-01,0,0,0,0,0,0,2020-10-01,0,0,0,0,0,"-",1190,0,0,0
"Weststellingwerf","GM0098",2020-11-01,3,3,3,3,3,3,2020-10-01,0,0,0,0,0,"-",26018,0,0,0
"Assen","GM0106",2020-11-01,14,14,14,14,13,12,2020-10-01,2,0,0,1,-100,"&#x2798;",68798,0,0,1.45353062589029
"Coevorden","GM0109",2020-11-01,19,18,14,14,14,13,2020-10-01,6,1,5,5,500,"&#x279A;&#x279A;",35303,2.83262045718494,14.1631022859247,14.1631022859247
"Emmen","GM0114",2020-11-01,49,49,46,46,41,23,2020-10-01,26,0,3,8,-40,"&#x2798;",107078,0,2.80169595995443,7.47118922654514
"Hoogeveen","GM0118",2020-11-01,29,29,27,27,26,20,2020-10-01,9,0,2,3,100,"&#x279A;",55566,0,3.59932332721448,5.39898499082173
"Meppel","GM0119",2020-11-01,11,11,11,11,11,11,2020-10-01,0,0,0,0,0,"-",34125,0,0,0
"Almelo","GM0141",2020-11-01,32,32,32,32,31,26,2020-10-01,6,0,0,1,-100,"&#x2798;",73175,0,0,1.36658694909464
"Borne","GM0147",2020-11-01,16,16,15,15,15,14,2020-10-01,2,0,1,1,100,"&#x279A;",23489,0,4.25731193324535,4.25731193324535
"Dalfsen","GM0148",2020-11-01,17,17,17,17,17,16,2020-10-01,1,0,0,0,0,"-",28837,0,0,0
"Deventer","GM0150",2020-11-01,50,50,50,50,50,48,2020-10-01,2,0,0,0,0,"-",100913,0,0,0
"Enschede","GM0153",2020-11-01,70,70,68,68,64,59,2020-10-01,11,0,2,6,-50,"&#x2798;",158918,0,1.25851067846311,3.77553203538932
"Haaksbergen","GM0158",2020-11-01,18,18,17,17,16,15,2020-10-01,3,0,1,2,0,"-",24275,0,4.11946446961895,8.2389289392379
"Hardenberg","GM0160",2020-11-01,24,24,24,24,23,23,2020-10-01,1,0,0,1,-100,"&#x2798;",61194,0,0,1.63414713860836
"Hellendoorn","GM0163",2020-11-01,13,13,13,13,13,8,2020-10-01,5,0,0,0,0,"-",35959,0,0,0
"Hengelo","GM0164",2020-11-01,39,39,38,38,36,26,2020-10-01,13,0,1,3,-50,"&#x2798;",81047,0,1.23385196244155,3.70155588732464
"Kampen","GM0166",2020-11-01,61,61,60,60,60,59,2020-10-01,2,0,1,1,100,"&#x279A;",54409,0,1.83793122461357,1.83793122461357
"Losser","GM0168",2020-11-01,11,11,11,11,11,10,2020-10-01,1,0,0,0,0,"-",22780,0,0,0
"Noordoostpolder","GM0171",2020-11-01,20,20,19,19,17,17,2020-10-01,3,0,1,3,-50,"&#x2798;",47618,0,2.10004620101642,6.30013860304927
"Oldenzaal","GM0173",2020-11-01,16,16,16,16,17,15,2020-10-01,1,0,0,-1,0,"-",31792,0,0,-3.14544539506794
"Ommen","GM0175",2020-11-01,9,9,9,9,9,9,2020-10-01,0,0,0,0,0,"-",18179,0,0,0
"Raalte","GM0177",2020-11-01,25,25,25,25,25,24,2020-10-01,1,0,0,0,0,"-",37782,0,0,0
"Staphorst","GM0180",2020-11-01,8,8,8,8,8,8,2020-10-01,0,0,0,0,0,"-",17217,0,0,0
"Tubbergen","GM0183",2020-11-01,12,12,12,12,12,12,2020-10-01,0,0,0,0,0,"-",21271,0,0,0
"Urk","GM0184",2020-11-01,24,24,23,23,23,23,2020-10-01,1,0,1,1,100,"&#x279A;",21135,0,4.73148805299267,4.73148805299267
"Wierden","GM0189",2020-11-01,7,7,7,7,7,7,2020-10-01,0,0,0,0,0,"-",24474,0,0,0
"Zwolle","GM0193",2020-11-01,54,54,54,54,53,53,2020-10-01,1,0,0,1,-100,"&#x2798;",129213,0,0,0.773915937250896
"Aalten","GM0197",2020-11-01,13,13,13,13,13,9,2020-10-01,4,0,0,0,0,"-",27116,0,0,0
"Apeldoorn","GM0200",2020-11-01,117,116,113,113,109,101,2020-10-01,16,1,4,8,0,"-",164140,0.609236018033386,2.43694407213354,4.87388814426709
"Arnhem","GM0202",2020-11-01,99,96,86,83,81,73,2020-10-01,26,3,13,18,160,"&#x279A;&#x279A;",161961,1.85229777539037,8.02662369335828,11.1137866523422
"Barneveld","GM0203",2020-11-01,25,25,24,24,23,18,2020-10-01,7,0,1,2,0,"-",59676,0,1.67571553053154,3.35143106106307
"Beuningen","GM0209",2020-11-01,20,20,20,20,20,19,2020-10-01,1,0,0,0,0,"-",26054,0,0,0
"Brummen","GM0213",2020-11-01,19,19,19,19,18,18,2020-10-01,1,0,0,1,-100,"&#x2798;",20838,0,0,4.79892504079086
"Buren","GM0214",2020-11-01,23,23,23,23,23,17,2020-10-01,6,0,0,0,0,"-",27021,0,0,0
"Culemborg","GM0216",2020-11-01,28,28,26,25,24,24,2020-10-01,4,0,2,4,0,"-",29020,0,6.89179875947622,13.7835975189524
"Doesburg","GM0221",2020-11-01,11,11,11,11,10,9,2020-10-01,2,0,0,1,-100,"&#x2798;",11028,0,0,9.06782734856728
"Doetinchem","GM0222",2020-11-01,34,33,31,31,29,27,2020-10-01,7,1,3,5,50,"&#x279A;",58104,1.72105190692551,5.16315572077654,8.60525953462756
"Druten","GM0225",2020-11-01,28,28,28,28,25,25,2020-10-01,3,0,0,3,-100,"&#x2798;",18973,0,0,15.8119432878301
"Duiven","GM0226",2020-11-01,17,17,16,16,16,14,2020-10-01,3,0,1,1,100,"&#x279A;",25062,0,3.99010454073897,3.99010454073897
"Ede","GM0228",2020-11-01,75,74,72,72,68,58,2020-10-01,17,1,3,7,-25,"&#x2798;",117966,0.84770188020277,2.54310564060831,5.93391316141939
"Elburg","GM0230",2020-11-01,29,29,28,28,28,28,2020-10-01,1,0,1,1,100,"&#x279A;",23343,0,4.28393951077411,4.28393951077411
"Epe","GM0232",2020-11-01,53,53,52,52,51,49,2020-10-01,4,0,1,2,0,"-",33171,0,3.01468149889964,6.02936299779928
"Ermelo","GM0233",2020-11-01,33,33,33,33,33,33,2020-10-01,0,0,0,0,0,"-",26991,0,0,0
"Harderwijk","GM0243",2020-11-01,47,47,47,47,46,44,2020-10-01,3,0,0,1,-100,"&#x2798;",48623,0,0,2.0566398617938
"Hattem","GM0244",2020-11-01,18,18,18,18,18,18,2020-10-01,0,0,0,0,0,"-",12241,0,0,0
"Heerde","GM0246",2020-11-01,55,55,55,55,55,55,2020-10-01,0,0,0,0,0,"-",18645,0,0,0
"Heumen","GM0252",2020-11-01,19,19,19,19,19,18,2020-10-01,1,0,0,0,0,"-",16589,0,0,0
"Lochem","GM0262",2020-11-01,18,18,17,17,16,16,2020-10-01,2,0,1,2,0,"-",33847,0,2.95447159275564,5.90894318551127
"Maasdriel","GM0263",2020-11-01,20,20,17,17,16,15,2020-10-01,5,0,3,4,200,"&#x279A;&#x279A;",25434,0,11.795234725171,15.7269796335614
"Nijkerk","GM0267",2020-11-01,27,27,26,26,25,22,2020-10-01,5,0,1,2,0,"-",43417,0,2.30324527258908,4.60649054517816
"Nijmegen","GM0268",2020-11-01,180,179,172,172,158,142,2020-10-01,38,1,8,22,-42.8571428571429,"&#x2798;",176669,0.566030259977698,4.52824207982159,12.4526657195094
"Oldebroek","GM0269",2020-11-01,40,40,40,40,40,40,2020-10-01,0,0,0,0,0,"-",23670,0,0,0
"Putten","GM0273",2020-11-01,12,12,11,11,11,10,2020-10-01,2,0,1,1,100,"&#x279A;",24220,0,4.12881915772089,4.12881915772089
"Renkum","GM0274",2020-11-01,17,17,17,16,14,14,2020-10-01,3,0,0,3,-100,"&#x2798;",31401,0,0,9.55383586509984
"Rheden","GM0275",2020-11-01,35,35,35,35,35,34,2020-10-01,1,0,0,0,0,"-",43565,0,0,0
"Rozendaal","GM0277",2020-11-01,1,1,1,1,1,1,2020-10-01,0,0,0,0,0,"-",1697,0,0,0
"Scherpenzeel","GM0279",2020-11-01,5,5,5,5,5,4,2020-10-01,1,0,0,0,0,"-",10000,0,0,0
"Tiel","GM0281",2020-11-01,48,48,48,48,45,43,2020-10-01,5,0,0,3,-100,"&#x2798;",41962,0,0,7.14932558028693
"Voorst","GM0285",2020-11-01,18,18,18,17,17,17,2020-10-01,1,0,0,1,-100,"&#x2798;",24702,0,0,4.04825520200793
"Wageningen","GM0289",2020-11-01,26,26,23,22,22,21,2020-10-01,5,0,3,4,200,"&#x279A;&#x279A;",39134,0,7.66596821178515,10.2212909490469
"Westervoort","GM0293",2020-11-01,12,12,12,12,12,12,2020-10-01,0,0,0,0,0,"-",15013,0,0,0
"Winterswijk","GM0294",2020-11-01,9,9,8,8,7,7,2020-10-01,2,0,1,2,0,"-",28893,0,3.46104592807947,6.92209185615893
"Wijchen","GM0296",2020-11-01,54,54,50,50,48,44,2020-10-01,10,0,4,6,100,"&#x279A;",41179,0,9.71368901624615,14.5705335243692
"Zaltbommel","GM0297",2020-11-01,23,23,23,23,22,21,2020-10-01,2,0,0,1,-100,"&#x2798;",29225,0,0,3.42172797262618
"Zevenaar","GM0299",2020-11-01,58,58,54,54,53,48,2020-10-01,10,0,4,5,300,"&#x279A;&#x279A;",44011,0,9.08863693167617,11.3607961645952
"Zutphen","GM0301",2020-11-01,34,34,33,33,32,31,2020-10-01,3,0,1,2,0,"-",48077,0,2.07999667200532,4.15999334401065
"Nunspeet","GM0302",2020-11-01,62,62,61,61,59,55,2020-10-01,7,0,1,3,-50,"&#x2798;",27862,0,3.58911779484603,10.7673533845381
"Dronten","GM0303",2020-11-01,40,40,39,39,36,31,2020-10-01,9,0,1,4,-66.6666666666667,"&#x2798;",41677,0,2.399404947573,9.59761979029201
"Amersfoort","GM0307",2020-11-01,99,99,90,90,88,78,2020-10-01,21,0,9,11,350,"&#x279A;&#x279A;",157521,0,5.71352391109757,6.98319589134147
"Baarn","GM0308",2020-11-01,17,16,15,15,12,12,2020-10-01,5,1,2,5,-33.3333333333333,"&#x2798;",24823,4.02852193530194,8.05704387060388,20.1426096765097
"De Bilt","GM0310",2020-11-01,35,33,33,32,31,29,2020-10-01,6,2,2,4,0,"-",43190,4.63070155128502,4.63070155128502,9.26140310257004
"Bunnik","GM0312",2020-11-01,12,12,12,12,12,10,2020-10-01,2,0,0,0,0,"-",15262,0,0,0
"Bunschoten","GM0313",2020-11-01,17,16,15,15,12,12,2020-10-01,5,1,2,5,-33.3333333333333,"&#x2798;",21930,4.55996352029184,9.11992704058368,22.7998176014592
"Eemnes","GM0317",2020-11-01,3,3,2,2,2,2,2020-10-01,1,0,1,1,100,"&#x279A;",9323,0,10.7261611069398,10.7261611069398
"Houten","GM0321",2020-11-01,34,34,33,33,31,27,2020-10-01,7,0,1,3,-50,"&#x2798;",50290,0,1.98846689202625,5.96540067607874
"Leusden","GM0327",2020-11-01,11,11,11,11,9,9,2020-10-01,2,0,0,2,-100,"&#x2798;",30486,0,0,6.5603883749918
"Lopik","GM0331",2020-11-01,25,25,22,22,21,20,2020-10-01,5,0,3,4,200,"&#x279A;&#x279A;",14483,0,20.7139404819443,27.6185873092591
"Montfoort","GM0335",2020-11-01,16,16,15,15,15,15,2020-10-01,1,0,1,1,100,"&#x279A;",13889,0,7.1999424004608,7.1999424004608
"Renswoude","GM0339",2020-11-01,5,5,5,5,5,5,2020-10-01,0,0,0,0,0,"-",5517,0,0,0
"Rhenen","GM0340",2020-11-01,13,13,13,13,12,11,2020-10-01,2,0,0,1,-100,"&#x2798;",20086,0,0,4.97859205416708
"Soest","GM0342",2020-11-01,37,36,33,33,30,24,2020-10-01,13,1,4,7,33.3333333333333,"&#x279A;",46842,2.13483625805901,8.53934503223603,14.943853806413
"Utrecht","GM0344",2020-11-01,368,363,350,348,325,301,2020-10-01,67,5,18,43,-28,"&#x2798;",357667,1.39794837097076,5.03261413549475,12.0223559903486
"Veenendaal","GM0345",2020-11-01,59,59,56,53,51,49,2020-10-06,10,0,3,8,-40,"&#x2798;",66918,0,4.48309871783377,11.9549299142234
"Woudenberg","GM0351",2020-11-01,9,9,9,9,9,9,2020-10-06,0,0,0,0,0,"-",13568,0,0,0
"Wijk bij Duurstede","GM0352",2020-11-01,12,12,13,13,10,10,2020-10-01,2,0,-1,2,-133.333333333333,"&#x2798;",23901,0,-4.1839253587716,8.3678507175432
"IJsselstein","GM0353",2020-11-01,44,44,42,41,39,36,2020-10-01,8,0,2,5,-33.3333333333333,"&#x2798;",33851,0,5.90824495583587,14.7706123895897
"Zeist","GM0355",2020-11-01,46,46,44,43,41,38,2020-10-01,8,0,2,5,-33.3333333333333,"&#x2798;",64883,0,3.08247152566928,7.7061788141732
"Nieuwegein","GM0356",2020-11-01,54,54,54,54,50,46,2020-10-01,8,0,0,4,-100,"&#x2798;",63690,0,0,6.28042078819281
"Aalsmeer","GM0358",2020-11-01,12,12,11,11,10,10,2020-10-01,2,0,1,2,0,"-",31927,0,3.13214520625176,6.26429041250352
"Alkmaar","GM0361",2020-11-01,68,65,64,64,61,57,2020-10-01,11,3,4,7,33.3333333333333,"&#x279A;",109751,2.73346028737779,3.64461371650372,6.37807400388151
"Amstelveen","GM0362",2020-11-01,76,76,74,74,70,69,2020-10-01,7,0,2,6,-50,"&#x2798;",90705,0,2.20495011300369,6.61485033901108
"Amsterdam","GM0363",2020-11-01,1049,1033,974,966,901,766,2020-10-01,283,16,75,148,2.73972602739727,"&#x279A;",869709,1.83969580629843,8.62357409202388,17.0171862082605
"Beemster","GM0370",2020-11-01,4,4,4,4,4,4,2020-10-01,0,0,0,0,0,"-",10019,0,0,0
"Bergen (NH.)","GM0373",2020-11-01,22,22,22,22,21,20,2020-10-06,2,0,0,1,-100,"&#x2798;",29762,0,0,3.35998924803441
"Beverwijk","GM0375",2020-11-01,20,20,20,20,19,15,2020-10-01,5,0,0,1,-100,"&#x2798;",41752,0,0,2.39509484575589
"Blaricum","GM0376",2020-11-01,8,8,8,8,8,8,2020-10-01,0,0,0,0,0,"-",11799,0,0,0
"Bloemendaal","GM0377",2020-11-01,10,10,10,10,8,7,2020-10-01,3,0,0,2,-100,"&#x2798;",23566,0,0,8.48680302130188
"Castricum","GM0383",2020-11-01,18,18,18,18,18,15,2020-10-01,3,0,0,0,0,"-",36124,0,0,0
"Diemen","GM0384",2020-11-01,24,24,24,23,21,20,2020-10-01,4,0,0,3,-100,"&#x2798;",31206,0,0,9.61353585848875
"Edam-Volendam","GM0385",2020-11-01,42,42,38,38,35,26,2020-10-01,16,0,4,7,33.3333333333333,"&#x279A;",36190,0,11.0527770102238,19.3423597678917
"Enkhuizen","GM0388",2020-11-01,20,20,20,20,19,18,2020-10-01,2,0,0,1,-100,"&#x2798;",18658,0,0,5.35963125736949
"Haarlem","GM0392",2020-11-01,107,107,104,100,92,75,2020-10-01,32,0,3,15,-75,"&#x2798;",162962,0,1.84091996907254,9.20459984536272
"Haarlemmermeer","GM0394",2020-11-01,100,100,94,94,90,76,2020-10-01,24,0,6,10,50,"&#x279A;",157115,0,3.81885879769596,6.36476466282659
"Heemskerk","GM0396",2020-11-01,35,35,34,34,32,31,2020-10-01,4,0,1,3,-50,"&#x2798;",39230,0,2.5490695895998,7.64720876879939
"Heemstede","GM0397",2020-11-01,17,17,15,15,14,13,2020-10-01,4,0,2,3,100,"&#x279A;",27341,0,7.31502139643758,10.9725320946564
"Heerhugowaard","GM0398",2020-11-01,30,30,29,29,28,27,2020-10-01,3,0,1,2,0,"-",58018,0,1.72360301975249,3.44720603950498
"Heiloo","GM0399",2020-11-01,12,12,12,12,11,11,2020-10-01,1,0,0,1,-100,"&#x2798;",24100,0,0,4.149377593361
"Den Helder","GM0400",2020-11-01,17,17,15,15,15,13,2020-10-01,4,0,2,2,200,"&#x279A;&#x279A;",56388,0,3.54685394055473,3.54685394055473
"Hilversum","GM0402",2020-11-01,42,40,39,39,37,37,2020-10-01,5,2,3,5,50,"&#x279A;",91110,2.19514872132587,3.29272308198881,5.48787180331467
"Hoorn","GM0405",2020-11-01,40,40,38,38,38,36,2020-10-01,4,0,2,2,200,"&#x279A;&#x279A;",73360,0,2.72628135223555,2.72628135223555
"Huizen","GM0406",2020-11-01,31,31,28,27,26,23,2020-10-01,8,0,3,5,50,"&#x279A;",41104,0,7.29855975087583,12.1642662514597
"Landsmeer","GM0415",2020-11-01,5,5,5,5,5,3,2020-10-01,2,0,0,0,0,"-",11573,0,0,0
"Langedijk","GM0416",2020-11-01,21,21,21,21,20,17,2020-10-01,4,0,0,1,-100,"&#x2798;",28214,0,0,3.54433968951584
"Laren","GM0417",2020-11-01,10,10,10,9,9,8,2020-10-01,2,0,0,1,-100,"&#x2798;",11355,0,0,8.80669308674593
"Medemblik","GM0420",2020-11-01,20,20,19,19,19,19,2020-10-01,1,0,1,1,100,"&#x279A;",45138,0,2.21542824227923,2.21542824227923
"Oostzaan","GM0431",2020-11-01,12,12,12,12,12,12,2020-10-01,0,0,0,0,0,"-",9682,0,0,0
"Opmeer","GM0432",2020-11-01,1,1,1,1,1,1,2020-10-01,0,0,0,0,0,"-",11967,0,0,0
"Ouder-Amstel","GM0437",2020-11-01,8,8,8,8,7,6,2020-10-01,2,0,0,1,-100,"&#x2798;",14065,0,0,7.10984713828653
"Purmerend","GM0439",2020-11-01,88,86,83,81,79,73,2020-10-01,15,2,5,9,25,"&#x279A;",81775,2.44573524915928,6.1143381228982,11.0058086212168
"Schagen","GM0441",2020-11-01,21,21,20,20,19,19,2020-10-01,2,0,1,2,0,"-",46459,0,2.15243548074646,4.30487096149293
"Texel","GM0448",2020-11-01,6,6,6,6,5,5,2020-10-01,1,0,0,1,-100,"&#x2798;",13643,0,0,7.32976618045884
"Uitgeest","GM0450",2020-11-01,7,7,7,6,5,5,2020-10-01,2,0,0,2,-100,"&#x2798;",13643,0,0,14.6595323609177
"Uithoorn","GM0451",2020-11-01,21,21,21,21,19,18,2020-10-01,3,0,0,2,-100,"&#x2798;",29817,0,0,6.70758292249388
"Velsen","GM0453",2020-11-01,50,48,46,46,42,34,2020-10-01,16,2,4,8,0,"-",68713,2.91065737196746,5.82131474393492,11.6426294878698
"Weesp","GM0457",2020-11-01,10,10,10,10,10,9,2020-10-01,1,0,0,0,0,"-",20219,0,0,0
"Zandvoort","GM0473",2020-11-01,15,15,12,12,12,11,2020-10-01,4,0,3,3,300,"&#x279A;&#x279A;",17116,0,17.5274596868427,17.5274596868427
"Zaanstad","GM0479",2020-11-01,161,162,154,152,148,133,2020-10-01,28,-1,7,13,16.6666666666667,"&#x279A;",156907,-0.637320196039692,4.46124137227785,8.285162548516
"Alblasserdam","GM0482",2020-11-01,11,11,11,11,11,11,2020-10-01,0,0,0,0,0,"-",20221,0,0,0
"Alphen aan den Rijn","GM0484",2020-11-01,89,88,83,79,77,68,2020-10-01,21,1,6,12,0,"-",112343,0.890131116313433,5.3407866978806,10.6815733957612
"Barendrecht","GM0489",2020-11-01,51,50,48,47,45,40,2020-10-01,11,1,3,6,0,"-",48654,2.05532946931393,6.16598840794179,12.3319768158836
"Drechterland","GM0498",2020-11-01,6,6,6,5,5,5,2020-10-01,1,0,0,1,-100,"&#x2798;",19775,0,0,5.05689001264223
"Brielle","GM0501",2020-11-01,17,17,16,15,14,12,2020-10-01,5,0,1,3,-50,"&#x2798;",17378,0,5.75440211761998,17.2632063528599
"Capelle aan den IJssel","GM0502",2020-11-01,73,72,68,67,64,58,2020-10-01,15,1,5,9,25,"&#x279A;",67142,1.4893807154985,7.44690357749248,13.4044264394865
"Delft","GM0503",2020-11-01,48,48,47,46,44,41,2020-10-01,7,0,1,4,-66.6666666666667,"&#x2798;",103037,0,0.970525151159292,3.88210060463717
"Dordrecht","GM0505",2020-11-01,97,97,97,97,97,96,2020-10-01,1,0,0,0,0,"-",119342,0,0,0
"Gorinchem","GM0512",2020-11-01,20,19,19,19,19,19,2020-10-01,1,1,1,1,100,"&#x279A;",37372,2.6758000642192,2.6758000642192,2.6758000642192
"Gouda","GM0513",2020-11-01,73,71,62,57,53,48,2020-10-01,25,2,11,20,22.2222222222222,"&#x279A;",73540,2.7196083763938,14.9578460701659,27.196083763938
"'s-Gravenhage","GM0518",2020-11-01,617,607,561,552,516,441,2020-10-01,176,10,56,101,24.4444444444444,"&#x279A;",545863,1.83196149949713,10.2589843971839,18.502811144921
"Hardinxveld-Giessendam","GM0523",2020-11-01,2,2,2,2,2,2,2020-10-01,0,0,0,0,0,"-",18460,0,0,0
"Hellevoetsluis","GM0530",2020-11-01,21,21,21,21,20,16,2020-10-01,5,0,0,1,-100,"&#x2798;",40198,0,0,2.4876859545251
"Hendrik-Ido-Ambacht","GM0531",2020-11-01,13,13,13,13,13,12,2020-10-01,1,0,0,0,0,"-",31311,0,0,0
"Stede Broec","GM0532",2020-11-01,19,19,19,19,19,18,2020-10-01,1,0,0,0,0,"-",21773,0,0,0
"Hillegom","GM0534",2020-11-01,8,8,8,8,8,8,2020-10-01,0,0,0,0,0,"-",22210,0,0,0
"Katwijk","GM0537",2020-11-01,46,46,42,42,40,33,2020-10-01,13,0,4,6,100,"&#x279A;",65929,0,6.06713282470536,9.10069923705805
"Krimpen aan den IJssel","GM0542",2020-11-01,18,18,18,18,17,12,2020-10-01,6,0,0,1,-100,"&#x2798;",29452,0,0,3.39535515414912
"Leiden","GM0546",2020-11-01,64,63,59,59,53,46,2020-10-01,18,1,5,11,-16.6666666666667,"&#x2798;",123655,0.808701629533784,4.04350814766892,8.89571792487162
"Leiderdorp","GM0547",2020-11-01,25,25,22,22,17,15,2020-10-01,10,0,3,8,-40,"&#x2798;",27304,0,10.98740111339,29.2997363023733
"Lisse","GM0553",2020-11-01,11,11,11,11,9,8,2020-10-01,3,0,0,2,-100,"&#x2798;",22983,0,0,8.70208414915372
"Maassluis","GM0556",2020-11-01,32,32,29,28,24,23,2020-10-01,9,0,3,8,-40,"&#x2798;",33336,0,8.99928005759539,23.9980801535877
"Nieuwkoop","GM0569",2020-11-01,14,13,12,12,12,9,2020-10-01,5,1,2,2,200,"&#x279A;&#x279A;",29021,3.44578064160436,6.89156128320871,6.89156128320871
"Noordwijk","GM0575",2020-11-01,32,31,29,28,23,20,2020-10-01,12,1,3,9,-50,"&#x2798;",43733,2.28660279422861,6.85980838268584,20.5794251480575
"Oegstgeest","GM0579",2020-11-01,11,11,11,11,10,8,2020-10-01,3,0,0,1,-100,"&#x2798;",24972,0,0,4.00448502322601
"Oudewater","GM0589",2020-11-01,30,30,30,29,26,26,2020-10-01,4,0,0,4,-100,"&#x2798;",10178,0,0,39.3004519551975
"Papendrecht","GM0590",2020-11-01,9,9,9,9,9,9,2020-10-01,0,0,0,0,0,"-",32095,0,0,0
"Ridderkerk","GM0597",2020-11-01,47,47,43,43,42,40,2020-10-01,7,0,4,5,300,"&#x279A;&#x279A;",46576,0,8.58811405015459,10.7351425626932
"Rotterdam","GM0599",2020-11-01,850,841,787,781,740,649,2020-10-01,201,9,63,110,34.0425531914894,"&#x279A;",650459,1.38363832309185,9.68546826164293,16.9111350600115
"Rijswijk","GM0603",2020-11-01,62,61,60,60,50,43,2020-10-01,19,1,2,12,-80,"&#x2798;",54855,1.82298787713062,3.64597575426123,21.8758545255674
"Schiedam","GM0606",2020-11-01,79,79,74,73,67,63,2020-10-01,16,0,5,12,-28.5714285714286,"&#x2798;",79003,0,6.32887358707897,15.1892966089895
"Sliedrecht","GM0610",2020-11-01,10,10,9,9,9,9,2020-10-01,1,0,1,1,100,"&#x279A;",25350,0,3.94477317554241,3.94477317554241
"Albrandswaard","GM0613",2020-11-01,18,18,17,17,17,15,2020-10-01,3,0,1,1,100,"&#x279A;",25896,0,3.86160024714242,3.86160024714242
"Westvoorne","GM0614",2020-11-01,6,6,6,6,6,6,2020-10-01,0,0,0,0,0,"-",14863,0,0,0
"Vlaardingen","GM0622",2020-11-01,62,62,55,55,51,47,2020-10-01,15,0,7,11,75,"&#x279A;",73758,0,9.49049594620245,14.9136364868896
"Voorschoten","GM0626",2020-11-01,11,11,11,11,11,9,2020-10-01,2,0,0,0,0,"-",25602,0,0,0
"Waddinxveen","GM0627",2020-11-01,27,27,25,25,24,19,2020-10-01,8,0,2,3,100,"&#x279A;",29906,0,6.68762121313449,10.0314318197017
"Wassenaar","GM0629",2020-11-01,11,10,10,10,10,10,2020-10-01,1,1,1,1,100,"&#x279A;",26490,3.77500943752359,3.77500943752359,3.77500943752359
"Woerden","GM0632",2020-11-01,64,64,61,61,59,53,2020-10-01,11,0,3,5,50,"&#x279A;",52558,0,5.70797975569847,9.51329959283078
"Zoetermeer","GM0637",2020-11-01,70,69,66,66,65,59,2020-10-01,11,1,4,5,300,"&#x279A;&#x279A;",125247,0.798422317500619,3.19368927000248,3.99211158750309
"Zoeterwoude","GM0638",2020-11-01,4,4,4,4,4,3,2020-10-01,1,0,0,0,0,"-",8759,0,0,0
"Zwijndrecht","GM0642",2020-11-01,30,29,29,29,27,27,2020-10-01,3,1,1,3,-50,"&#x2798;",44641,2.24009318787662,2.24009318787662,6.72027956362985
"Borsele","GM0654",2020-11-01,5,5,5,5,5,5,2020-10-01,0,0,0,0,0,"-",22762,0,0,0
"Goes","GM0664",2020-11-01,15,15,14,14,13,12,2020-10-01,3,0,1,2,0,"-",38423,0,2.60260781302865,5.20521562605731
"West Maas en Waal","GM0668",2020-11-01,24,24,23,23,22,21,2020-10-01,3,0,1,2,0,"-",19436,0,5.14509158263017,10.2901831652603
"Hulst","GM0677",2020-11-01,13,13,11,10,10,9,2020-10-01,4,0,2,3,100,"&#x279A;",27631,0,7.23824689660164,10.8573703449025
"Kapelle","GM0678",2020-11-01,3,3,3,3,3,3,2020-10-01,0,0,0,0,0,"-",12808,0,0,0
"Middelburg","GM0687",2020-11-01,21,21,21,20,19,19,2020-10-01,2,0,0,2,-100,"&#x2798;",48766,0,0,4.10121806176434
"Reimerswaal","GM0703",2020-11-01,6,6,6,6,6,5,2020-10-01,1,0,0,0,0,"-",22843,0,0,0
"Terneuzen","GM0715",2020-11-01,25,25,25,25,25,25,2020-10-01,0,0,0,0,0,"-",54476,0,0,0
"Tholen","GM0716",2020-11-01,45,45,43,43,43,40,2020-10-01,5,0,2,2,200,"&#x279A;&#x279A;",25894,0,7.72379701861435,7.72379701861435
"Veere","GM0717",2020-11-01,8,8,8,8,8,6,2020-10-01,2,0,0,0,0,"-",21974,0,0,0
"Vlissingen","GM0718",2020-11-01,12,12,10,10,9,9,2020-10-01,3,0,2,3,100,"&#x279A;",44132,0,4.5318589685489,6.79778845282335
"De Ronde Venen","GM0736",2020-11-01,53,51,47,47,44,40,2020-10-01,13,2,6,9,100,"&#x279A;",44636,4.4806882337127,13.4420647011381,20.1630970517071
"Tytsjerksteradiel","GM0737",2020-11-01,7,7,7,7,7,5,2020-10-01,2,0,0,0,0,"-",32079,0,0,0
"Asten","GM0743",2020-11-01,18,18,18,18,18,18,2020-10-01,0,0,0,0,0,"-",16718,0,0,0
"Baarle-Nassau","GM0744",2020-11-01,9,9,9,9,9,9,2020-10-01,0,0,0,0,0,"-",6876,0,0,0
"Bergen op Zoom","GM0748",2020-11-01,47,47,45,42,39,30,2020-10-01,17,0,2,8,-66.6666666666667,"&#x2798;",67667,0,2.95565046477604,11.8226018591041
"Best","GM0753",2020-11-01,35,35,35,33,31,31,2020-10-01,4,0,0,4,-100,"&#x2798;",30073,0,0,13.3009676453962
"Boekel","GM0755",2020-11-01,36,36,36,36,36,34,2020-10-01,2,0,0,0,0,"-",10872,0,0,0
"Boxmeer","GM0756",2020-11-01,23,22,20,20,20,20,2020-10-01,3,1,3,3,300,"&#x279A;&#x279A;",29465,3.39385711861531,10.1815713558459,10.1815713558459
"Boxtel","GM0757",2020-11-01,24,24,24,24,24,24,2020-10-01,0,0,0,0,0,"-",30807,0,0,0
"Breda","GM0758",2020-11-01,184,184,175,172,163,151,2020-10-01,33,0,9,21,-25,"&#x2798;",183790,0,4.89689319331846,11.4260841177431
"Deurne","GM0762",2020-11-01,58,58,58,58,57,56,2020-10-01,2,0,0,1,-100,"&#x2798;",32466,0,0,3.08014538286207
"Pekela","GM0765",2020-11-01,6,6,5,5,5,4,2020-10-01,2,0,1,1,100,"&#x279A;",12172,0,8.21557673348669,8.21557673348669
"Dongen","GM0766",2020-11-01,30,29,24,24,22,20,2020-10-01,10,1,6,8,200,"&#x279A;&#x279A;",26345,3.79578667678876,22.7747200607326,30.3662934143101
"Eersel","GM0770",2020-11-01,32,32,29,29,28,27,2020-10-01,5,0,3,4,200,"&#x279A;&#x279A;",19418,0,15.4495828612627,20.599443815017
"Eindhoven","GM0772",2020-11-01,210,210,208,205,193,185,2020-10-01,25,0,2,17,-86.6666666666667,"&#x2798;",233983,0,0.854762952864097,7.26548509934482
"Etten-Leur","GM0777",2020-11-01,51,49,48,47,45,43,2020-10-01,8,2,3,6,0,"-",43896,4.55622380171314,6.83433570256971,13.6686714051394
"Geertruidenberg","GM0779",2020-11-01,17,16,14,13,13,12,2020-10-01,5,1,3,4,200,"&#x279A;&#x279A;",21670,4.61467466543609,13.8440239963083,18.4586986617443
"Gilze en Rijen","GM0784",2020-11-01,24,24,21,21,20,20,2020-10-01,4,0,3,4,200,"&#x279A;&#x279A;",26551,0,11.2990094535046,15.0653459380061
"Goirle","GM0785",2020-11-01,35,35,33,33,32,32,2020-10-01,3,0,2,3,100,"&#x279A;",23823,0,8.39524828946816,12.5928724342022
"Grave","GM0786",2020-11-01,24,24,21,21,21,21,2020-10-01,3,0,3,3,300,"&#x279A;&#x279A;",12452,0,24.092515258593,24.092515258593
"Haaren","GM0788",2020-11-01,20,20,20,20,19,19,2020-10-01,1,0,0,1,-100,"&#x2798;",14316,0,0,6.9851913942442
"Helmond","GM0794",2020-11-01,124,124,124,124,122,118,2020-10-01,6,0,0,2,-100,"&#x2798;",92420,0,0,2.16403375892664
"'s-Hertogenbosch","GM0796",2020-11-01,153,151,149,145,140,134,2020-10-01,19,2,4,13,-55.5555555555556,"&#x2798;",155409,1.28692675456376,2.57385350912753,8.36502390466447
"Heusden","GM0797",2020-11-01,50,49,49,49,47,45,2020-10-01,5,1,1,3,-50,"&#x2798;",44897,2.22732031093392,2.22732031093392,6.68196093280175
"Hilvarenbeek","GM0798",2020-11-01,15,14,12,12,11,10,2020-10-01,5,1,3,4,200,"&#x279A;&#x279A;",15617,6.40327847858103,19.2098354357431,25.6131139143241
"Loon op Zand","GM0809",2020-11-01,30,30,29,29,28,27,2020-10-01,3,0,1,2,0,"-",23466,0,4.26148470126992,8.52296940253984
"Mill en Sint Hubert","GM0815",2020-11-01,9,9,9,9,9,9,2020-10-01,0,0,0,0,0,"-",11007,0,0,0
"Nuenen, Gerwen en Nederwetten","GM0820",2020-11-01,20,20,19,19,18,18,2020-10-01,2,0,1,2,0,"-",23526,0,4.25061633936921,8.50123267873842
"Oirschot","GM0823",2020-11-01,17,17,17,17,14,13,2020-10-01,4,0,0,3,-100,"&#x2798;",18832,0,0,15.9303313508921
"Oisterwijk","GM0824",2020-11-01,27,27,27,27,26,24,2020-10-01,3,0,0,1,-100,"&#x2798;",26344,0,0,3.7959307622229
"Oosterhout","GM0826",2020-11-01,52,52,52,52,52,50,2020-10-01,2,0,0,0,0,"-",56232,0,0,0
"Oss","GM0828",2020-11-01,177,176,175,175,173,168,2020-10-01,9,1,2,4,0,"-",92229,1.08425766299103,2.16851532598207,4.33703065196413
"Rucphen","GM0840",2020-11-01,16,14,14,14,12,10,2020-10-01,6,2,2,4,0,"-",23009,8.69225085835977,8.69225085835977,17.3845017167195
"Sint-Michielsgestel","GM0845",2020-11-01,37,37,37,37,37,36,2020-10-01,1,0,0,0,0,"-",29422,0,0,0
"Someren","GM0847",2020-11-01,34,34,34,34,33,33,2020-10-01,1,0,0,1,-100,"&#x2798;",19331,0,0,5.17303812529098
"Son en Breugel","GM0848",2020-11-01,31,31,31,31,31,31,2020-10-01,0,0,0,0,0,"-",17465,0,0,0
"Steenbergen","GM0851",2020-11-01,18,18,18,18,16,13,2020-10-01,5,0,0,2,-100,"&#x2798;",24302,0,0,8.22977532713357
"Waterland","GM0852",2020-11-01,21,20,20,20,18,16,2020-10-01,5,1,1,3,-50,"&#x2798;",17393,5.74943942965561,5.74943942965561,17.2483182889668
"Tilburg","GM0855",2020-11-01,278,274,267,265,262,257,2020-10-01,21,4,11,16,120,"&#x279A;&#x279A;",219599,1.82150191940765,5.00913027837103,7.28600767763059
"Uden","GM0856",2020-11-01,116,115,115,115,115,115,2020-10-01,1,1,1,1,100,"&#x279A;",42163,2.37174774091028,2.37174774091028,2.37174774091028
"Valkenswaard","GM0858",2020-11-01,23,23,23,23,20,19,2020-10-01,4,0,0,3,-100,"&#x2798;",31230,0,0,9.60614793467819
"Veldhoven","GM0861",2020-11-01,38,37,37,36,31,31,2020-10-01,7,1,1,7,-83.3333333333333,"&#x2798;",45625,2.19178082191781,2.19178082191781,15.3424657534247
"Vught","GM0865",2020-11-01,43,43,43,43,43,43,2020-10-01,0,0,0,0,0,"-",26709,0,0,0
"Waalre","GM0866",2020-11-01,8,8,8,8,8,7,2020-10-01,1,0,0,0,0,"-",17518,0,0,0
"Waalwijk","GM0867",2020-11-01,45,45,42,42,40,39,2020-10-01,6,0,3,5,50,"&#x279A;",48754,0,6.15334126430652,10.2555687738442
"Woensdrecht","GM0873",2020-11-01,10,10,9,8,7,6,2020-10-01,4,0,1,3,-50,"&#x2798;",21954,0,4.55497859160062,13.6649357748019
"Zundert","GM0879",2020-11-01,27,26,24,24,24,24,2020-10-01,3,1,3,3,300,"&#x279A;&#x279A;",22141,4.5165078361411,13.5495235084233,13.5495235084233
"Wormerland","GM0880",2020-11-01,21,21,21,21,21,20,2020-10-01,1,0,0,0,0,"-",16203,0,0,0
"Landgraaf","GM0882",2020-11-01,55,55,54,54,53,52,2020-10-01,3,0,1,2,0,"-",37267,0,2.68333914723482,5.36667829446964
"Beek","GM0888",2020-11-01,18,18,17,17,17,16,2020-10-03,2,0,1,1,100,"&#x279A;",15889,0,6.29366228208194,6.29366228208194
"Beesel","GM0889",2020-11-01,20,20,20,20,20,20,2020-10-01,0,0,0,0,0,"-",13439,0,0,0
"Bergen (L.)","GM0893",2020-11-01,10,10,9,9,8,7,2020-10-01,3,0,1,2,0,"-",13089,0,7.64000305600122,15.2800061120024
"Brunssum","GM0899",2020-11-01,50,50,50,50,48,46,2020-10-01,4,0,0,2,-100,"&#x2798;",27709,0,0,7.21787144970948
"Gennep","GM0907",2020-11-01,17,17,17,17,17,17,2020-10-01,0,0,0,0,0,"-",16968,0,0,0
"Heerlen","GM0917",2020-11-01,131,131,130,129,127,126,2020-10-01,5,0,1,4,-66.6666666666667,"&#x2798;",86915,0,1.15054938733245,4.60219754932981
"Kerkrade","GM0928",2020-11-01,70,70,68,68,65,64,2020-10-01,6,0,2,5,-33.3333333333333,"&#x2798;",45527,0,4.39299756188635,10.9824939047159
"Maastricht","GM0935",2020-11-01,200,200,198,198,193,192,2020-10-01,8,0,2,7,-60,"&#x2798;",118636,0,1.68582892208099,5.90040122728345
"Meerssen","GM0938",2020-11-01,23,23,23,23,23,22,2020-10-01,1,0,0,0,0,"-",18759,0,0,0
"Mook en Middelaar","GM0944",2020-11-01,8,8,7,7,7,7,2020-10-01,1,0,1,1,100,"&#x279A;",7879,0,12.6919659855312,12.6919659855312
"Nederweert","GM0946",2020-11-01,34,34,33,33,32,31,2020-10-01,3,0,1,2,0,"-",17086,0,5.85274493737563,11.7054898747513
"Roermond","GM0957",2020-11-01,65,65,65,65,64,61,2020-10-01,4,0,0,1,-100,"&#x2798;",58620,0,0,1.70590242238144
"Simpelveld","GM0965",2020-11-01,19,19,19,19,19,19,2020-10-01,0,0,0,0,0,"-",10515,0,0,0
"Stein","GM0971",2020-11-01,49,49,46,46,45,44,2020-10-01,5,0,3,4,200,"&#x279A;&#x279A;",24935,0,12.0312813314618,16.0417084419491
"Vaals","GM0981",2020-11-01,10,10,10,10,10,10,2020-10-01,0,0,0,0,0,"-",10055,0,0,0
"Venlo","GM0983",2020-11-01,144,144,139,139,138,134,2020-10-01,10,0,5,6,400,"&#x279A;&#x279A;",101853,0,4.90903557087175,5.8908426850461
"Venray","GM0984",2020-11-01,42,42,38,38,38,37,2020-10-01,5,0,4,4,400,"&#x279A;&#x279A;",43707,0,9.15185210606997,9.15185210606997
"Voerendaal","GM0986",2020-11-01,17,17,17,17,17,17,2020-10-01,0,0,0,0,0,"-",12459,0,0,0
"Weert","GM0988",2020-11-01,72,72,69,69,69,67,2020-10-01,5,0,3,3,300,"&#x279A;&#x279A;",50109,0,5.98694845237382,5.98694845237382
"Valkenburg aan de Geul","GM0994",2020-11-01,20,20,20,20,19,19,2020-10-01,1,0,0,1,-100,"&#x2798;",16399,0,0,6.09793280078054
"Lelystad","GM0995",2020-11-01,85,85,80,80,79,69,2020-10-01,16,0,5,6,400,"&#x279A;&#x279A;",79284,0,6.30644266182332,7.56773119418798
"Horst aan de Maas","GM1507",2020-11-01,44,43,41,41,41,41,2020-10-01,3,1,3,3,300,"&#x279A;&#x279A;",42416,2.35760090531875,7.07280271595624,7.07280271595624
"Oude IJsselstreek","GM1509",2020-11-01,25,25,23,23,23,21,2020-10-01,4,0,2,2,200,"&#x279A;&#x279A;",39331,0,5.08504741806717,5.08504741806717
"Teylingen","GM1525",2020-11-01,19,19,18,18,17,15,2020-10-01,4,0,1,2,0,"-",37655,0,2.65568981542956,5.31137963085912
"Utrechtse Heuvelrug","GM1581",2020-11-01,33,33,32,31,29,29,2020-10-01,4,0,1,4,-66.6666666666667,"&#x2798;",49784,0,2.00867748674273,8.03470994697091
"Oost Gelre","GM1586",2020-11-01,21,21,21,21,18,18,2020-10-01,3,0,0,3,-100,"&#x2798;",29644,0,0,10.1200917554986
"Koggenland","GM1598",2020-11-01,9,9,8,8,7,7,2020-10-01,2,0,1,2,0,"-",22864,0,4.37368789363191,8.74737578726382
"Lansingerland","GM1621",2020-11-01,51,51,49,49,49,44,2020-10-01,7,0,2,2,200,"&#x279A;&#x279A;",62882,0,3.18056041474508,3.18056041474508
"Leudal","GM1640",2020-11-01,54,54,54,54,54,54,2020-10-01,0,0,0,0,0,"-",35999,0,0,0
"Maasgouw","GM1641",2020-11-01,28,28,28,28,28,28,2020-10-01,0,0,0,0,0,"-",23936,0,0,0
"Gemert-Bakel","GM1652",2020-11-01,79,79,79,79,79,79,2020-10-01,0,0,0,0,0,"-",30693,0,0,0
"Halderberge","GM1655",2020-11-01,26,26,23,23,18,16,2020-10-01,10,0,3,8,-40,"&#x2798;",30314,0,9.89641749686613,26.3904466583097
"Heeze-Leende","GM1658",2020-11-01,18,18,17,17,16,16,2020-10-01,2,0,1,2,0,"-",16217,0,6.16636862551643,12.3327372510329
"Laarbeek","GM1659",2020-11-01,42,42,42,42,41,41,2020-10-01,1,0,0,1,-100,"&#x2798;",22665,0,0,4.41208912420031
"Reusel-De Mierden","GM1667",2020-11-01,15,15,15,15,13,11,2020-10-01,4,0,0,2,-100,"&#x2798;",13066,0,0,15.3069034134395
"Roerdalen","GM1669",2020-11-01,27,27,27,27,27,27,2020-10-01,0,0,0,0,0,"-",20552,0,0,0
"Roosendaal","GM1674",2020-11-01,46,46,45,45,41,34,2020-10-01,12,0,1,5,-75,"&#x2798;",77308,0,1.29352718994153,6.46763594970766
"Schouwen-Duiveland","GM1676",2020-11-01,13,13,12,12,12,12,2020-10-01,1,0,1,1,100,"&#x279A;",34012,0,2.94013877455016,2.94013877455016
"Aa en Hunze","GM1680",2020-11-01,1,1,1,1,1,1,2020-10-01,0,0,0,0,0,"-",25393,0,0,0
"Borger-Odoorn","GM1681",2020-11-01,8,8,8,8,5,4,2020-10-01,4,0,0,3,-100,"&#x2798;",25554,0,0,11.7398450340456
"Cuijk","GM1684",2020-11-01,18,18,13,13,13,12,2020-10-01,6,0,5,5,500,"&#x279A;&#x279A;",25291,0,19.7698786129453,19.7698786129453
"Landerd","GM1685",2020-11-01,42,42,42,42,42,41,2020-10-01,1,0,0,0,0,"-",15761,0,0,0
"De Wolden","GM1690",2020-11-01,16,16,14,14,13,11,2020-10-01,5,0,2,3,100,"&#x279A;",24357,0,8.21119185449768,12.3167877817465
"Noord-Beveland","GM1695",2020-11-01,1,1,1,1,1,1,2020-10-01,0,0,0,0,0,"-",7560,0,0,0
"Wijdemeren","GM1696",2020-11-01,11,11,11,11,10,8,2020-10-01,3,0,0,1,-100,"&#x2798;",24414,0,0,4.09601048578684
"Noordenveld","GM1699",2020-11-01,6,6,6,6,6,4,2020-10-01,2,0,0,0,0,"-",31270,0,0,0
"Twenterand","GM1700",2020-11-01,12,12,12,12,12,12,2020-10-01,0,0,0,0,0,"-",33729,0,0,0
"Westerveld","GM1701",2020-11-01,9,9,9,9,9,9,2020-10-01,0,0,0,0,0,"-",19573,0,0,0
"Sint Anthonis","GM1702",2020-11-01,21,21,21,21,21,20,2020-10-01,1,0,0,0,0,"-",11662,0,0,0
"Lingewaard","GM1705",2020-11-01,38,38,38,38,36,34,2020-10-01,4,0,0,2,-100,"&#x2798;",46723,0,0,4.28054705391349
"Cranendonck","GM1706",2020-11-01,63,63,63,63,63,63,2020-10-01,0,0,0,0,0,"-",20941,0,0,0
"Steenwijkerland","GM1708",2020-11-01,15,15,15,15,15,14,2020-10-01,1,0,0,0,0,"-",44258,0,0,0
"Moerdijk","GM1709",2020-11-01,20,20,19,19,18,16,2020-10-01,4,0,1,2,0,"-",37184,0,2.68932874354561,5.37865748709122
"Echt-Susteren","GM1711",2020-11-01,43,43,43,43,40,40,2020-10-01,3,0,0,3,-100,"&#x2798;",31654,0,0,9.47747520060656
"Sluis","GM1714",2020-11-01,10,10,9,9,9,9,2020-10-01,1,0,1,1,100,"&#x279A;",23173,0,4.31536702196522,4.31536702196522
"Drimmelen","GM1719",2020-11-01,21,21,21,21,21,19,2020-10-01,2,0,0,0,0,"-",27251,0,0,0
"Bernheze","GM1721",2020-11-01,98,98,96,96,96,95,2020-10-01,3,0,2,2,200,"&#x279A;&#x279A;",31313,0,6.38712355890525,6.38712355890525
"Alphen-Chaam","GM1723",2020-11-01,18,18,18,18,18,18,2020-10-01,0,0,0,0,0,"-",10298,0,0,0
"Bergeijk","GM1724",2020-11-01,20,20,20,19,19,19,2020-10-01,1,0,0,1,-100,"&#x2798;",18674,0,0,5.35503909178537
"Bladel","GM1728",2020-11-01,23,23,23,23,22,21,2020-10-01,2,0,0,1,-100,"&#x2798;",20531,0,0,4.87068335687497
"Gulpen-Wittem","GM1729",2020-11-01,24,24,24,24,22,22,2020-10-01,2,0,0,2,-100,"&#x2798;",14205,0,0,14.0795494544175
"Tynaarlo","GM1730",2020-11-01,11,11,11,11,11,9,2020-10-01,2,0,0,0,0,"-",33842,0,0,0
"Midden-Drenthe","GM1731",2020-11-01,6,6,6,6,6,6,2020-10-01,0,0,0,0,0,"-",33280,0,0,0
"Overbetuwe","GM1734",2020-11-01,62,61,60,60,59,56,2020-10-01,6,1,2,3,100,"&#x279A;",48057,2.08086230934099,4.16172461868198,6.24258692802297
"Hof van Twente","GM1735",2020-11-01,20,20,18,18,18,15,2020-10-01,5,0,2,2,200,"&#x279A;&#x279A;",35129,0,5.69330183039654,5.69330183039654
"Neder-Betuwe","GM1740",2020-11-01,44,44,42,42,41,37,2020-10-01,7,0,2,3,100,"&#x279A;",24526,0,8.15461143276523,12.2319171491478
"Rijssen-Holten","GM1742",2020-11-01,30,30,30,30,29,29,2020-10-01,1,0,0,1,-100,"&#x2798;",38227,0,0,2.61595207575797
"Geldrop-Mierlo","GM1771",2020-11-01,37,37,35,35,34,33,2020-10-01,4,0,2,3,100,"&#x279A;",39997,0,5.00037502812711,7.50056254219066
"Olst-Wijhe","GM1773",2020-11-01,12,12,12,12,12,12,2020-10-01,0,0,0,0,0,"-",18300,0,0,0
"Dinkelland","GM1774",2020-11-01,21,21,21,21,20,20,2020-10-01,1,0,0,1,-100,"&#x2798;",26545,0,0,3.76718779431155
"Westland","GM1783",2020-11-01,75,75,70,69,68,61,2020-10-01,14,0,5,7,150,"&#x279A;&#x279A;",110974,0,4.50555986086831,6.30778380521564
"Midden-Delfland","GM1842",2020-11-01,8,8,5,5,5,5,2020-10-01,3,0,3,3,300,"&#x279A;&#x279A;",19406,0,15.4591363495826,15.4591363495826
"Berkelland","GM1859",2020-11-01,19,18,18,18,15,14,2020-10-01,5,1,1,4,-66.6666666666667,"&#x2798;",43845,2.28076177443266,2.28076177443266,9.12304709773064
"Bronckhorst","GM1876",2020-11-01,18,18,18,18,18,17,2020-10-01,1,0,0,0,0,"-",36077,0,0,0
"Sittard-Geleen","GM1883",2020-11-01,128,128,124,124,122,119,2020-10-01,9,0,4,6,100,"&#x279A;",91928,0,4.35123139848577,6.52684709772866
"Kaag en Braassem","GM1884",2020-11-01,9,9,8,8,8,8,2020-10-01,1,0,1,1,100,"&#x279A;",27492,0,3.6374217954314,3.6374217954314
"Dantumadiel","GM1891",2020-11-01,2,2,2,2,2,2,2020-10-01,0,0,0,0,0,"-",18928,0,0,0
"Zuidplas","GM1892",2020-11-01,32,32,32,31,30,26,2020-10-01,6,0,0,2,-100,"&#x2798;",44750,0,0,4.46927374301676
"Peel en Maas","GM1894",2020-11-01,146,146,145,145,145,144,2020-10-01,2,0,1,1,100,"&#x279A;",43561,0,2.29563141342026,2.29563141342026
"Oldambt","GM1895",2020-11-01,10,10,10,10,10,7,2020-10-01,3,0,0,0,0,"-",38274,0,0,0
"Zwartewaterland","GM1896",2020-11-01,35,35,35,35,35,35,2020-10-01,0,0,0,0,0,"-",22755,0,0,0
"Súdwest-Fryslân","GM1900",2020-11-01,22,22,21,21,21,19,2020-10-01,3,0,1,1,100,"&#x279A;",89976,0,1.11140748644083,1.11140748644083
"Bodegraven-Reeuwijk","GM1901",2020-11-01,15,15,12,12,11,8,2020-10-01,7,0,3,4,200,"&#x279A;&#x279A;",35157,0,8.53315129277242,11.3775350570299
"Eijsden-Margraten","GM1903",2020-11-01,59,59,57,57,55,54,2020-10-01,5,0,2,4,0,"-",25775,0,7.75945683802134,15.5189136760427
"Stichtse Vecht","GM1904",2020-11-01,52,50,47,46,43,39,2020-10-01,13,2,5,9,25,"&#x279A;",65087,3.07281023860372,7.68202559650929,13.8276460737167
"Hollands Kroon","GM1911",2020-11-01,26,26,26,26,26,26,2020-10-01,0,0,0,0,0,"-",48637,0,0,0
"Leidschendam-Voorburg","GM1916",2020-11-01,41,40,36,36,36,31,2020-10-01,10,1,5,5,500,"&#x279A;&#x279A;",76387,1.30912328013929,6.54561640069645,6.54561640069645
"Goeree-Overflakkee","GM1924",2020-11-01,61,60,58,58,57,56,2020-10-01,5,1,3,4,200,"&#x279A;&#x279A;",50356,1.98586067201525,5.95758201604575,7.94344268806101
"Pijnacker-Nootdorp","GM1926",2020-11-01,32,32,32,31,30,30,2020-10-01,2,0,0,2,-100,"&#x2798;",55360,0,0,3.61271676300578
"Nissewaard","GM1930",2020-11-01,74,74,71,69,68,59,2020-10-01,15,0,3,6,0,"-",85173,0,3.52224296431968,7.04448592863936
"Krimpenerwaard","GM1931",2020-11-01,58,55,54,52,51,47,2020-10-01,11,3,4,7,33.3333333333333,"&#x279A;",56353,5.32358525721789,7.09811367629053,12.4216989335084
"De Fryske Marren","GM1940",2020-11-01,24,24,22,22,21,17,2020-10-01,7,0,2,3,100,"&#x279A;",51678,0,3.87011881264755,5.80517821897132
"Gooise Meren","GM1942",2020-11-01,29,29,27,27,27,25,2020-10-01,4,0,2,2,200,"&#x279A;&#x279A;",58247,0,3.43365323535976,3.43365323535976
"Berg en Dal","GM1945",2020-11-01,41,41,37,36,34,31,2020-10-01,10,0,4,7,33.3333333333333,"&#x279A;",34972,0,11.4377216058561,20.0160128102482
"Meierijstad","GM1948",2020-11-01,217,216,214,213,211,211,2020-10-01,6,1,3,6,0,"-",81467,1.22749088588017,3.68247265764052,7.36494531528103
"Waadhoeke","GM1949",2020-11-01,15,15,15,14,13,13,2020-10-01,2,0,0,2,-100,"&#x2798;",46098,0,0,4.33858301878606
"Westerwolde","GM1950",2020-11-01,12,12,11,11,11,5,2020-10-01,7,0,1,1,100,"&#x279A;",25719,0,3.88817605661184,3.88817605661184
"Midden-Groningen","GM1952",2020-11-01,10,10,10,10,8,7,2020-10-01,3,0,0,2,-100,"&#x2798;",60720,0,0,3.29380764163373
"Beekdaelen","GM1954",2020-11-01,52,52,52,52,52,52,2020-10-01,0,0,0,0,0,"-",35916,0,0,0
"Montferland","GM1955",2020-11-01,25,25,25,25,23,22,2020-10-01,3,0,0,2,-100,"&#x2798;",36052,0,0,5.54754243869966
"Altena","GM1959",2020-11-01,40,40,38,38,37,33,2020-10-01,7,0,2,3,100,"&#x279A;",56194,0,3.55909883617468,5.33864825426202
"West Betuwe","GM1960",2020-11-01,54,54,50,49,47,44,2020-10-01,10,0,4,7,33.3333333333333,"&#x279A;",51281,0,7.80015990327802,13.6502798307365
"Vijfheerenlanden","GM1961",2020-11-01,48,48,47,46,42,38,2020-10-01,10,0,1,6,-80,"&#x2798;",57525,0,1.73837461973055,10.4302477183833
"Hoeksche Waard","GM1963",2020-11-01,85,85,83,82,82,80,2020-10-01,5,0,2,3,100,"&#x279A;",87614,0,2.28274020133769,3.42411030200653
"Het Hogeland","GM1966",2020-11-01,7,7,7,7,7,7,2020-10-01,0,0,0,0,0,"-",47878,0,0,0
"Westerkwartier","GM1969",2020-11-01,19,19,19,19,19,14,2020-10-01,5,0,0,0,0,"-",63458,0,0,0
"Noardeast-Fryslân","GM1970",2020-11-01,7,7,7,7,7,7,2020-10-01,0,0,0,0,0,"-",45433,0,0,0
"Molenlanden","GM1978",2020-11-01,20,20,20,20,20,20,2020-10-01,0,0,0,0,0,"-",44042,0,0,0
