"municipality","Municipality_code","date","d0","d1","d7","d8","d14","lowest_since_nov1","lowest_since_nov1_date","current","increase_1d","increase_7d","increase_14d","increase_growth","growth","population","rel_increase_1d","rel_increase_7d","rel_increase_14d"
"Netherlands","",2020-12-07,18047,17974,17618,17566,17128,15242,2020-11-01,2805,73,429,919,-12.4489795918367,"&#x2798;",17443797,0.418486869573178,2.45932694584786,5.26834839914727
"Unknown","",2020-12-07,111,110,108,107,102,91,2020-11-01,20,1,3,9,-50,"&#x2798;",NA,NA,NA,NA
"Appingedam","GM0003",2020-12-07,8,8,8,8,8,8,2020-11-01,0,0,0,0,0,"-",11529,0,0,0
"Delfzijl","GM0010",2020-12-07,9,9,9,9,9,8,2020-11-01,1,0,0,0,0,"-",24627,0,0,0
"Groningen","GM0014",2020-12-07,37,37,36,35,34,32,2020-11-01,5,0,1,3,-50,"&#x2798;",233266,0,0.428695137739748,1.28608541321924
"Loppersum","GM0024",2020-12-07,1,1,1,1,1,0,2020-11-01,1,0,0,0,0,"-",9501,0,0,0
"Almere","GM0034",2020-12-07,187,185,182,182,179,170,2020-11-01,17,2,5,8,66.6666666666667,"&#x279A;",214133,0.933998963261151,2.33499740815288,3.7359958530446
"Stadskanaal","GM0037",2020-12-07,10,10,9,9,9,8,2020-11-01,2,0,1,1,100,"&#x279A;",31564,0,3.16816626536561,3.16816626536561
"Veendam","GM0047",2020-12-07,4,4,4,4,4,4,2020-11-01,0,0,0,0,0,"-",27440,0,0,0
"Zeewolde","GM0050",2020-12-07,16,16,14,14,14,13,2020-11-01,3,0,2,2,200,"&#x279A;",22750,0,8.79120879120879,8.79120879120879
"Achtkarspelen","GM0059",2020-12-07,1,1,0,0,0,0,2020-11-01,1,0,1,1,100,"&#x279A;",27890,0,3.58551452133381,3.58551452133381
"Ameland","GM0060",2020-12-07,0,0,0,0,0,0,2020-11-01,0,0,0,0,0,"-",3766,0,0,0
"Harlingen","GM0072",2020-12-07,5,5,5,5,5,4,2020-11-01,1,0,0,0,0,"-",15827,0,0,0
"Heerenveen","GM0074",2020-12-07,17,17,17,17,17,16,2020-11-01,1,0,0,0,0,"-",50561,0,0,0
"Leeuwarden","GM0080",2020-12-07,54,54,52,51,49,47,2020-11-01,7,0,2,5,-33.3333333333333,"&#x2798;",124338,0,1.60851871511525,4.02129678778813
"Ooststellingwerf","GM0085",2020-12-07,8,8,7,7,7,5,2020-11-01,3,0,1,1,100,"&#x279A;",25398,0,3.93731789904717,3.93731789904717
"Opsterland","GM0086",2020-12-07,11,11,11,11,11,8,2020-11-01,3,0,0,0,0,"-",29777,0,0,0
"Schiermonnikoog","GM0088",2020-12-07,1,1,1,1,1,1,2020-11-01,0,0,0,0,0,"-",940,0,0,0
"Smallingerland","GM0090",2020-12-07,14,14,14,14,13,12,2020-11-01,2,0,0,1,-100,"&#x2798;",56109,0,0,1.78224527259441
"Terschelling","GM0093",2020-12-07,1,1,1,1,1,1,2020-11-01,0,0,0,0,0,"-",4893,0,0,0
"Vlieland","GM0096",2020-12-07,0,0,0,0,0,0,2020-11-01,0,0,0,0,0,"-",1208,0,0,0
"Weststellingwerf","GM0098",2020-12-07,5,5,5,5,5,3,2020-11-01,2,0,0,0,0,"-",26044,0,0,0
"Assen","GM0106",2020-12-07,22,22,22,21,20,14,2020-11-01,8,0,0,2,-100,"&#x2798;",68890,0,0,2.90317898098418
"Coevorden","GM0109",2020-12-07,22,22,21,21,21,19,2020-11-01,3,0,1,1,100,"&#x279A;",35274,0,2.83494925440835,2.83494925440835
"Emmen","GM0114",2020-12-07,56,56,55,54,54,49,2020-11-01,7,0,1,2,0,"-",107083,0,0.933855047019602,1.8677100940392
"Hoogeveen","GM0118",2020-12-07,33,33,32,32,32,29,2020-11-01,4,0,1,1,100,"&#x279A;",55612,0,1.79817305617493,1.79817305617493
"Meppel","GM0119",2020-12-07,13,13,13,13,13,11,2020-11-01,2,0,0,0,0,"-",34211,0,0,0
"Almelo","GM0141",2020-12-07,42,42,42,41,40,32,2020-11-01,10,0,0,2,-100,"&#x2798;",73183,0,0,2.73287512127133
"Borne","GM0147",2020-12-07,18,18,16,16,16,16,2020-11-01,2,0,2,2,200,"&#x279A;",23582,0,8.48104486472733,8.48104486472733
"Dalfsen","GM0148",2020-12-07,18,18,18,18,18,17,2020-11-01,1,0,0,0,0,"-",28921,0,0,0
"Deventer","GM0150",2020-12-07,56,56,55,55,54,50,2020-11-01,6,0,1,2,0,"-",101021,0,0.989893190524742,1.97978638104948
"Enschede","GM0153",2020-12-07,102,100,99,97,93,70,2020-11-01,32,2,3,9,-50,"&#x2798;",159857,1.25111818687952,1.87667728031929,5.63003184095786
"Haaksbergen","GM0158",2020-12-07,22,22,21,21,21,18,2020-11-01,4,0,1,1,100,"&#x279A;",24271,0,4.12014338098966,4.12014338098966
"Hardenberg","GM0160",2020-12-07,31,31,30,30,27,24,2020-11-01,7,0,1,4,-66.6666666666667,"&#x2798;",61240,0,1.63291966035271,6.53167864141084
"Hellendoorn","GM0163",2020-12-07,16,16,15,15,15,13,2020-11-01,3,0,1,1,100,"&#x279A;",35938,0,2.78256998163504,2.78256998163504
"Hengelo","GM0164",2020-12-07,46,46,45,45,43,39,2020-11-01,7,0,1,3,-50,"&#x2798;",81149,0,1.23230107579884,3.69690322739652
"Kampen","GM0166",2020-12-07,66,66,66,66,63,61,2020-11-01,5,0,0,3,-100,"&#x2798;",54429,0,0,5.51176762387698
"Losser","GM0168",2020-12-07,15,14,14,14,13,11,2020-11-01,4,1,1,2,0,"-",22850,4.37636761487965,4.37636761487965,8.7527352297593
"Noordoostpolder","GM0171",2020-12-07,23,23,23,23,21,20,2020-11-01,3,0,0,2,-100,"&#x2798;",47514,0,0,4.20928568421939
"Oldenzaal","GM0173",2020-12-07,26,26,25,25,22,16,2020-11-01,10,0,1,4,-66.6666666666667,"&#x2798;",31771,0,3.14752447200277,12.5900978880111
"Ommen","GM0175",2020-12-07,9,9,9,9,9,9,2020-11-01,0,0,0,0,0,"-",18204,0,0,0
"Raalte","GM0177",2020-12-07,27,27,27,27,26,25,2020-11-01,2,0,0,1,-100,"&#x2798;",37817,0,0,2.64431340402464
"Staphorst","GM0180",2020-12-07,11,11,11,11,11,8,2020-11-01,3,0,0,0,0,"-",17235,0,0,0
"Tubbergen","GM0183",2020-12-07,14,14,13,13,13,12,2020-11-01,2,0,1,1,100,"&#x279A;",21282,0,4.6988065031482,4.6988065031482
"Urk","GM0184",2020-12-07,35,34,32,32,29,24,2020-11-01,11,1,3,6,0,"-",21161,4.72567459004773,14.1770237701432,28.3540475402864
"Wierden","GM0189",2020-12-07,11,11,8,8,8,7,2020-11-01,4,0,3,3,300,"&#x279A;",24517,0,12.2364073907901,12.2364073907901
"Zwolle","GM0193",2020-12-07,62,62,62,62,60,54,2020-11-01,8,0,0,2,-100,"&#x2798;",129465,0,0,1.54481906306724
"Aalten","GM0197",2020-12-07,14,14,14,14,14,13,2020-11-01,1,0,0,0,0,"-",27110,0,0,0
"Apeldoorn","GM0200",2020-12-07,134,134,133,133,127,117,2020-11-01,17,0,1,7,-83.3333333333333,"&#x2798;",164513,0,0.607854698412891,4.25498288889024
"Arnhem","GM0202",2020-12-07,115,115,114,114,110,99,2020-11-01,16,0,1,5,-75,"&#x2798;",162219,0,0.61645060073111,3.08225300365555
"Barneveld","GM0203",2020-12-07,31,31,30,30,30,25,2020-11-01,6,0,1,1,100,"&#x279A;",59777,0,1.67288421968316,1.67288421968316
"Beuningen","GM0209",2020-12-07,24,24,24,24,23,20,2020-11-01,4,0,0,1,-100,"&#x2798;",26169,0,0,3.82131529672513
"Brummen","GM0213",2020-12-07,22,22,22,22,22,19,2020-11-01,3,0,0,0,0,"-",20870,0,0,0
"Buren","GM0214",2020-12-07,27,27,27,27,25,23,2020-11-01,4,0,0,2,-100,"&#x2798;",27020,0,0,7.4019245003701
"Culemborg","GM0216",2020-12-07,34,34,33,32,31,28,2020-11-01,6,0,1,3,-50,"&#x2798;",29044,0,3.44305192122297,10.3291557636689
"Doesburg","GM0221",2020-12-07,12,12,11,11,11,11,2020-11-01,1,0,1,1,100,"&#x279A;",11010,0,9.08265213442325,9.08265213442325
"Doetinchem","GM0222",2020-12-07,40,40,39,39,39,34,2020-11-01,6,0,1,1,100,"&#x279A;",58150,0,1.71969045571797,1.71969045571797
"Druten","GM0225",2020-12-07,29,29,29,29,29,28,2020-11-01,1,0,0,0,0,"-",18964,0,0,0
"Duiven","GM0226",2020-12-07,18,18,18,18,18,17,2020-11-01,1,0,0,0,0,"-",25102,0,0,0
"Ede","GM0228",2020-12-07,90,89,86,86,85,75,2020-11-01,15,1,4,5,300,"&#x279A;",118380,0.844737286703835,3.37894914681534,4.22368643351918
"Elburg","GM0230",2020-12-07,31,31,31,31,30,29,2020-11-01,2,0,0,1,-100,"&#x2798;",23370,0,0,4.27899015832264
"Epe","GM0232",2020-12-07,55,55,54,54,54,53,2020-11-01,2,0,1,1,100,"&#x279A;",33168,0,3.01495417269658,3.01495417269658
"Ermelo","GM0233",2020-12-07,33,33,33,33,33,33,2020-11-01,0,0,0,0,0,"-",27010,0,0,0
"Harderwijk","GM0243",2020-12-07,54,54,54,54,53,47,2020-11-01,7,0,0,1,-100,"&#x2798;",48701,0,0,2.05334592718835
"Hattem","GM0244",2020-12-07,18,18,18,18,18,18,2020-11-01,0,0,0,0,0,"-",12214,0,0,0
"Heerde","GM0246",2020-12-07,55,55,55,55,55,55,2020-11-01,0,0,0,0,0,"-",18715,0,0,0
"Heumen","GM0252",2020-12-07,21,21,20,20,20,19,2020-11-01,2,0,1,1,100,"&#x279A;",16562,0,6.03791812583021,6.03791812583021
"Lochem","GM0262",2020-12-07,22,22,22,22,22,18,2020-11-01,4,0,0,0,0,"-",33847,0,0,0
"Maasdriel","GM0263",2020-12-07,26,26,26,26,26,20,2020-11-01,6,0,0,0,0,"-",25444,0,0,0
"Nijkerk","GM0267",2020-12-07,33,33,33,33,32,27,2020-11-01,6,0,0,1,-100,"&#x2798;",43507,0,0,2.29848070425449
"Nijmegen","GM0268",2020-12-07,199,199,197,197,194,180,2020-11-01,19,0,2,5,-33.3333333333333,"&#x2798;",177525,0,1.12660188705816,2.8165047176454
"Oldebroek","GM0269",2020-12-07,40,40,40,40,40,40,2020-11-01,0,0,0,0,0,"-",23713,0,0,0
"Putten","GM0273",2020-12-07,13,13,13,13,13,12,2020-11-01,1,0,0,0,0,"-",24337,0,0,0
"Renkum","GM0274",2020-12-07,20,20,20,20,20,17,2020-11-01,3,0,0,0,0,"-",31432,0,0,0
"Rheden","GM0275",2020-12-07,39,39,39,39,39,35,2020-11-01,4,0,0,0,0,"-",43655,0,0,0
"Rozendaal","GM0277",2020-12-07,1,1,1,1,1,1,2020-11-01,0,0,0,0,0,"-",1709,0,0,0
"Scherpenzeel","GM0279",2020-12-07,5,5,5,5,5,5,2020-11-01,0,0,0,0,0,"-",10054,0,0,0
"Tiel","GM0281",2020-12-07,62,61,58,58,58,48,2020-11-01,14,1,4,4,400,"&#x279A;",41984,2.38185975609756,9.52743902439024,9.52743902439024
"Voorst","GM0285",2020-12-07,18,18,18,18,18,18,2020-11-01,0,0,0,0,0,"-",24717,0,0,0
"Wageningen","GM0289",2020-12-07,30,30,30,30,30,26,2020-11-01,4,0,0,0,0,"-",39600,0,0,0
"Westervoort","GM0293",2020-12-07,15,15,13,13,13,12,2020-11-01,3,0,2,2,200,"&#x279A;",15023,0,13.3129201890435,13.3129201890435
"Winterswijk","GM0294",2020-12-07,13,13,12,12,11,9,2020-11-01,4,0,1,2,0,"-",28912,0,3.45877144438295,6.91754288876591
"Wijchen","GM0296",2020-12-07,59,59,59,59,57,54,2020-11-01,5,0,0,2,-100,"&#x2798;",41213,0,0,4.85283769684323
"Zaltbommel","GM0297",2020-12-07,26,26,25,25,25,23,2020-11-01,3,0,1,1,100,"&#x279A;",29355,0,3.40657468915006,3.40657468915006
"Zevenaar","GM0299",2020-12-07,61,61,60,60,60,58,2020-11-01,3,0,1,1,100,"&#x279A;",44058,0,2.26973534885832,2.26973534885832
"Zutphen","GM0301",2020-12-07,39,39,38,38,38,34,2020-11-01,5,0,1,1,100,"&#x279A;",48159,0,2.07645507589443,2.07645507589443
"Nunspeet","GM0302",2020-12-07,64,64,64,64,64,61,2020-11-05,3,0,0,0,0,"-",27972,0,0,0
"Dronten","GM0303",2020-12-07,43,43,43,43,43,40,2020-11-01,3,0,0,0,0,"-",41837,0,0,0
"Amersfoort","GM0307",2020-12-07,130,129,121,119,117,99,2020-11-01,31,1,9,13,125,"&#x279A;",157691,0.634151600281563,5.70736440253407,8.24397080366032
"Baarn","GM0308",2020-12-07,24,24,23,23,22,17,2020-11-01,7,0,1,2,0,"-",24864,0,4.02187902187902,8.04375804375804
"De Bilt","GM0310",2020-12-07,38,38,38,38,37,35,2020-11-01,3,0,0,1,-100,"&#x2798;",43328,0,0,2.30797636632201
"Bunnik","GM0312",2020-12-07,16,15,15,15,13,12,2020-11-01,4,1,1,3,-50,"&#x2798;",15344,6.51720542231491,6.51720542231491,19.5516162669447
"Bunschoten","GM0313",2020-12-07,33,33,28,26,25,17,2020-11-01,16,0,5,8,66.6666666666667,"&#x279A;",22001,0,22.7262397163765,36.3619835462024
"Eemnes","GM0317",2020-12-07,6,6,4,4,4,3,2020-11-01,3,0,2,2,200,"&#x279A;",9350,0,21.3903743315508,21.3903743315508
"Houten","GM0321",2020-12-07,43,43,42,41,41,34,2020-11-01,9,0,1,2,0,"-",50268,0,1.98933715286067,3.97867430572133
"Leusden","GM0327",2020-12-07,16,16,16,16,16,11,2020-11-01,5,0,0,0,0,"-",30486,0,0,0
"Lopik","GM0331",2020-12-07,25,25,25,25,25,25,2020-11-01,0,0,0,0,0,"-",14441,0,0,0
"Montfoort","GM0335",2020-12-07,16,16,16,16,16,16,2020-11-01,0,0,0,0,0,"-",13887,0,0,0
"Renswoude","GM0339",2020-12-07,5,5,5,5,5,5,2020-11-01,0,0,0,0,0,"-",5530,0,0,0
"Rhenen","GM0340",2020-12-07,15,15,14,14,14,13,2020-11-01,2,0,1,1,100,"&#x279A;",20129,0,4.96795667941775,4.96795667941775
"Soest","GM0342",2020-12-07,43,43,43,42,42,37,2020-11-01,6,0,0,1,-100,"&#x2798;",46883,0,0,2.13296930657168
"Utrecht","GM0344",2020-12-07,456,456,438,437,423,368,2020-11-01,88,0,18,33,20,"&#x279A;",359374,0,5.00870958945277,9.18263424733008
"Veenendaal","GM0345",2020-12-07,72,72,70,70,66,59,2020-11-01,13,0,2,6,-50,"&#x2798;",66922,0,2.98855383879741,8.96566151639222
"Woudenberg","GM0351",2020-12-07,11,11,11,11,11,9,2020-11-01,2,0,0,0,0,"-",13579,0,0,0
"Wijk bij Duurstede","GM0352",2020-12-07,14,14,14,14,14,12,2020-11-01,2,0,0,0,0,"-",23910,0,0,0
"IJsselstein","GM0353",2020-12-07,51,51,50,50,50,44,2020-11-01,7,0,1,1,100,"&#x279A;",33874,0,2.95211666765071,2.95211666765071
"Zeist","GM0355",2020-12-07,52,51,50,50,48,45,2020-11-02,7,1,2,4,0,"-",64914,1.54049973811504,3.08099947623009,6.16199895246018
"Nieuwegein","GM0356",2020-12-07,65,65,65,65,62,54,2020-11-01,11,0,0,3,-100,"&#x2798;",63748,0,0,4.70602999309782
"Aalsmeer","GM0358",2020-12-07,18,18,17,17,17,12,2020-11-01,6,0,1,1,100,"&#x279A;",31927,0,3.13214520625176,3.13214520625176
"Alkmaar","GM0361",2020-12-07,80,80,79,79,77,68,2020-11-01,12,0,1,3,-50,"&#x2798;",109782,0,0.91089613962216,2.73268841886648
"Amstelveen","GM0362",2020-12-07,88,88,86,86,83,76,2020-11-01,12,0,2,5,-33.3333333333333,"&#x2798;",91061,0,2.19632993268249,5.49082483170622
"Amsterdam","GM0363",2020-12-07,1213,1207,1188,1184,1156,1049,2020-11-01,164,6,25,57,-21.875,"&#x2798;",872445,0.687722435225143,2.86551014677143,6.53336313463886
"Beemster","GM0370",2020-12-07,4,4,4,4,4,4,2020-11-01,0,0,0,0,0,"-",10038,0,0,0
"Bergen (NH.)","GM0373",2020-12-07,25,25,25,25,23,22,2020-11-01,3,0,0,2,-100,"&#x2798;",29745,0,0,6.72381912926542
"Beverwijk","GM0375",2020-12-07,23,23,23,23,23,20,2020-11-01,3,0,0,0,0,"-",41773,0,0,0
"Blaricum","GM0376",2020-12-07,8,8,8,8,8,8,2020-11-01,0,0,0,0,0,"-",11863,0,0,0
"Bloemendaal","GM0377",2020-12-07,10,10,10,10,10,10,2020-11-01,0,0,0,0,0,"-",23568,0,0,0
"Castricum","GM0383",2020-12-07,18,18,18,18,18,18,2020-11-01,0,0,0,0,0,"-",36155,0,0,0
"Diemen","GM0384",2020-12-07,28,28,28,28,27,24,2020-11-01,4,0,0,1,-100,"&#x2798;",31312,0,0,3.19366377107818
"Edam-Volendam","GM0385",2020-12-07,56,55,54,54,53,42,2020-11-01,14,1,2,3,100,"&#x279A;",36220,2.76090557702927,5.52181115405853,8.2827167310878
"Enkhuizen","GM0388",2020-12-07,20,20,20,20,20,20,2020-11-01,0,0,0,0,0,"-",18639,0,0,0
"Haarlem","GM0392",2020-12-07,133,131,126,124,119,107,2020-11-01,26,2,7,14,0,"-",162807,1.22844840823797,4.29956942883291,8.59913885766582
"Haarlemmermeer","GM0394",2020-12-07,114,114,114,114,111,100,2020-11-01,14,0,0,3,-100,"&#x2798;",157440,0,0,1.90548780487805
"Heemskerk","GM0396",2020-12-07,40,40,40,40,38,35,2020-11-01,5,0,0,2,-100,"&#x2798;",39266,0,0,5.09346508429685
"Heemstede","GM0397",2020-12-07,19,18,18,18,17,17,2020-11-01,2,1,1,2,0,"-",27459,3.64179321898103,3.64179321898103,7.28358643796205
"Heerhugowaard","GM0398",2020-12-07,33,33,33,33,33,30,2020-11-01,3,0,0,0,0,"-",58139,0,0,0
"Heiloo","GM0399",2020-12-07,14,14,14,14,14,12,2020-11-01,2,0,0,0,0,"-",24121,0,0,0
"Den Helder","GM0400",2020-12-07,19,19,19,19,19,17,2020-11-01,2,0,0,0,0,"-",56432,0,0,0
"Hilversum","GM0402",2020-12-07,49,49,48,48,48,42,2020-11-01,7,0,1,1,100,"&#x279A;",91290,0,1.09541023113156,1.09541023113156
"Hoorn","GM0405",2020-12-07,49,48,48,47,47,40,2020-11-01,9,1,1,2,0,"-",73507,1.36041465438666,1.36041465438666,2.72082930877331
"Huizen","GM0406",2020-12-07,37,37,37,36,36,31,2020-11-01,6,0,0,1,-100,"&#x2798;",41139,0,0,2.4307834415032
"Landsmeer","GM0415",2020-12-07,6,6,6,6,6,5,2020-11-01,1,0,0,0,0,"-",11582,0,0,0
"Langedijk","GM0416",2020-12-07,22,22,22,22,21,21,2020-11-01,1,0,0,1,-100,"&#x2798;",28288,0,0,3.53506787330317
"Laren","GM0417",2020-12-07,11,11,10,10,10,10,2020-11-01,1,0,1,1,100,"&#x279A;",11379,0,8.78811846383689,8.78811846383689
"Medemblik","GM0420",2020-12-07,23,23,22,22,22,20,2020-11-01,3,0,1,1,100,"&#x279A;",45105,0,2.21704910763773,2.21704910763773
"Oostzaan","GM0431",2020-12-07,13,13,13,13,13,12,2020-11-01,1,0,0,0,0,"-",9667,0,0,0
"Opmeer","GM0432",2020-12-07,3,3,3,3,3,1,2020-11-01,2,0,0,0,0,"-",11987,0,0,0
"Ouder-Amstel","GM0437",2020-12-07,8,8,8,8,8,8,2020-11-01,0,0,0,0,0,"-",14116,0,0,0
"Purmerend","GM0439",2020-12-07,98,99,94,94,94,88,2020-11-01,10,-1,4,4,400,"&#x279A;",81768,-1.22297231190686,4.89188924762743,4.89188924762743
"Schagen","GM0441",2020-12-07,24,24,24,24,23,21,2020-11-01,3,0,0,1,-100,"&#x2798;",46474,0,0,2.15174075827344
"Texel","GM0448",2020-12-07,6,6,6,6,6,6,2020-11-01,0,0,0,0,0,"-",13637,0,0,0
"Uitgeest","GM0450",2020-12-07,7,7,7,7,7,7,2020-11-01,0,0,0,0,0,"-",13647,0,0,0
"Uithoorn","GM0451",2020-12-07,27,27,26,26,23,21,2020-11-01,6,0,1,4,-66.6666666666667,"&#x2798;",30003,0,3.33300003333,13.33200013332
"Velsen","GM0453",2020-12-07,59,59,55,55,54,50,2020-11-01,9,0,4,5,300,"&#x279A;",68757,0,5.81758948179822,7.27198685224777
"Weesp","GM0457",2020-12-07,11,11,11,11,11,10,2020-11-01,1,0,0,0,0,"-",20425,0,0,0
"Zandvoort","GM0473",2020-12-07,15,15,15,15,15,15,2020-11-01,0,0,0,0,0,"-",17105,0,0,0
"Zaanstad","GM0479",2020-12-07,199,199,193,193,188,161,2020-11-01,38,0,6,11,20,"&#x279A;",157073,0,3.81987992844092,7.00311320214168
"Alblasserdam","GM0482",2020-12-07,15,15,15,15,11,11,2020-11-01,4,0,0,4,-100,"&#x2798;",20262,0,0,19.7413878195637
"Alphen aan den Rijn","GM0484",2020-12-07,111,109,107,107,103,89,2020-11-01,22,2,4,8,0,"-",112473,1.77820454686903,3.55640909373805,7.1128181874761
"Barendrecht","GM0489",2020-12-07,70,70,69,69,66,51,2020-11-01,19,0,1,4,-66.6666666666667,"&#x2798;",48657,0,2.05520274575087,8.22081098300347
"Drechterland","GM0498",2020-12-07,7,7,7,7,7,6,2020-11-01,1,0,0,0,0,"-",19801,0,0,0
"Brielle","GM0501",2020-12-07,23,23,22,21,19,17,2020-11-01,6,0,1,4,-66.6666666666667,"&#x2798;",17379,0,5.7540710052362,23.0162840209448
"Capelle aan den IJssel","GM0502",2020-12-07,96,96,95,95,91,73,2020-11-01,23,0,1,5,-75,"&#x2798;",67182,0,1.48849394182966,7.44246970914828
"Delft","GM0503",2020-12-07,67,67,62,62,60,48,2020-11-01,19,0,5,7,150,"&#x279A;",103688,0,4.82215878404444,6.75102229766222
"Dordrecht","GM0505",2020-12-07,107,107,105,105,99,97,2020-11-01,10,0,2,8,-66.6666666666667,"&#x2798;",119246,0,1.67720510541234,6.70882042164936
"Gorinchem","GM0512",2020-12-07,20,20,20,20,20,20,2020-11-01,0,0,0,0,0,"-",37461,0,0,0
"Gouda","GM0513",2020-12-07,104,103,97,97,92,73,2020-11-01,31,1,7,12,40,"&#x279A;",73623,1.35827119242628,9.50789834698396,16.2992543091154
"'s-Gravenhage","GM0518",2020-12-07,797,793,779,774,749,617,2020-11-01,180,4,18,48,-40,"&#x2798;",548165,0.729707296160828,3.28368283272372,8.75648755392993
"Hardinxveld-Giessendam","GM0523",2020-12-07,2,2,2,2,2,2,2020-11-01,0,0,0,0,0,"-",18404,0,0,0
"Hellevoetsluis","GM0530",2020-12-07,33,32,31,31,27,20,2020-11-04,13,1,2,6,-50,"&#x2798;",40229,2.48576897263168,4.97153794526337,14.9146138357901
"Hendrik-Ido-Ambacht","GM0531",2020-12-07,13,13,13,13,13,13,2020-11-01,0,0,0,0,0,"-",31274,0,0,0
"Stede Broec","GM0532",2020-12-07,20,20,20,20,20,19,2020-11-01,1,0,0,0,0,"-",21745,0,0,0
"Hillegom","GM0534",2020-12-07,9,9,9,9,9,8,2020-11-01,1,0,0,0,0,"-",22230,0,0,0
"Katwijk","GM0537",2020-12-07,58,57,57,57,57,46,2020-11-01,12,1,1,1,100,"&#x279A;",65988,1.51542704734194,1.51542704734194,1.51542704734194
"Krimpen aan den IJssel","GM0542",2020-12-07,26,26,26,26,26,18,2020-11-01,8,0,0,0,0,"-",29453,0,0,0
"Leiden","GM0546",2020-12-07,84,84,81,81,78,64,2020-11-01,20,0,3,6,0,"-",123823,0,2.42281320917762,4.84562641835523
"Leiderdorp","GM0547",2020-12-07,30,29,29,29,28,25,2020-11-01,5,1,1,2,0,"-",27339,3.65777826548155,3.65777826548155,7.31555653096309
"Lisse","GM0553",2020-12-07,15,15,14,14,13,11,2020-11-01,4,0,1,2,0,"-",23000,0,4.34782608695652,8.69565217391304
"Maassluis","GM0556",2020-12-07,44,44,44,44,44,32,2020-11-01,12,0,0,0,0,"-",33476,0,0,0
"Nieuwkoop","GM0569",2020-12-07,19,17,16,16,16,14,2020-11-01,5,2,3,3,300,"&#x279A;",29080,6.87757909215956,10.3163686382393,10.3163686382393
"Noordwijk","GM0575",2020-12-07,41,41,40,40,38,32,2020-11-01,9,0,1,3,-50,"&#x2798;",43864,0,2.27977384643443,6.8393215393033
"Oegstgeest","GM0579",2020-12-07,17,17,16,16,16,11,2020-11-01,6,0,1,1,100,"&#x279A;",25027,0,3.99568466056659,3.99568466056659
"Oudewater","GM0589",2020-12-07,32,32,32,32,32,30,2020-11-01,2,0,0,0,0,"-",10169,0,0,0
"Papendrecht","GM0590",2020-12-07,11,11,11,10,10,9,2020-11-01,2,0,0,1,-100,"&#x2798;",32119,0,0,3.11342196207852
"Ridderkerk","GM0597",2020-12-07,55,55,52,52,52,47,2020-11-01,8,0,3,3,300,"&#x279A;",46638,0,6.43252283545607,6.43252283545607
"Rotterdam","GM0599",2020-12-07,1137,1132,1110,1110,1070,850,2020-11-01,287,5,27,67,-32.5,"&#x2798;",651524,0.767431437675358,4.14412976344693,10.2835812648498
"Rijswijk","GM0603",2020-12-07,80,79,77,76,73,62,2020-11-01,18,1,3,7,-25,"&#x2798;",55096,1.81501379410484,5.44504138231451,12.7050965587338
"Schiedam","GM0606",2020-12-07,136,133,124,123,114,79,2020-11-01,57,3,12,22,20,"&#x279A;",79244,3.78577557922366,15.1431023168947,27.7623542476402
"Sliedrecht","GM0610",2020-12-07,12,12,11,11,11,10,2020-11-01,2,0,1,1,100,"&#x279A;",25472,0,3.92587939698492,3.92587939698492
"Albrandswaard","GM0613",2020-12-07,32,31,30,30,28,18,2020-11-01,14,1,2,4,0,"-",25853,3.8680230534174,7.7360461068348,15.4720922136696
"Westvoorne","GM0614",2020-12-07,9,9,9,9,9,6,2020-11-01,3,0,0,0,0,"-",14898,0,0,0
"Vlaardingen","GM0622",2020-12-07,90,90,88,87,84,62,2020-11-01,28,0,2,6,-50,"&#x2798;",73823,0,2.70918277501592,8.12754832504775
"Voorschoten","GM0626",2020-12-07,12,12,12,12,12,11,2020-11-01,1,0,0,0,0,"-",25603,0,0,0
"Waddinxveen","GM0627",2020-12-07,42,41,39,39,34,27,2020-11-01,15,1,3,8,-40,"&#x2798;",30050,3.32778702163062,9.98336106489185,26.6222961730449
"Wassenaar","GM0629",2020-12-07,19,19,18,18,16,11,2020-11-01,8,0,1,3,-50,"&#x2798;",26681,0,3.74798545781642,11.2439563734493
"Woerden","GM0632",2020-12-07,74,74,73,73,71,64,2020-11-01,10,0,1,3,-50,"&#x2798;",52644,0,1.89955170579743,5.6986551173923
"Zoetermeer","GM0637",2020-12-07,85,85,82,82,78,70,2020-11-01,15,0,3,7,-25,"&#x2798;",125395,0,2.39243988994777,5.58235974321145
"Zoeterwoude","GM0638",2020-12-07,4,4,4,4,4,4,2020-11-01,0,0,0,0,0,"-",8790,0,0,0
"Zwijndrecht","GM0642",2020-12-07,32,32,31,31,30,30,2020-11-01,2,0,1,2,0,"-",44683,0,2.23798760154869,4.47597520309737
"Borsele","GM0654",2020-12-07,7,7,6,6,6,5,2020-11-01,2,0,1,1,100,"&#x279A;",22773,0,4.39116497606815,4.39116497606815
"Goes","GM0664",2020-12-07,26,24,22,22,21,15,2020-11-01,11,2,4,5,300,"&#x279A;",38539,5.18954824982485,10.3790964996497,12.9738706245621
"West Maas en Waal","GM0668",2020-12-07,24,24,24,24,24,24,2020-11-01,0,0,0,0,0,"-",19490,0,0,0
"Hulst","GM0677",2020-12-07,21,21,19,19,19,13,2020-11-01,8,0,2,2,200,"&#x279A;",27596,0,7.24742716335701,7.24742716335701
"Kapelle","GM0678",2020-12-07,4,4,4,4,4,3,2020-11-01,1,0,0,0,0,"-",12847,0,0,0
"Middelburg","GM0687",2020-12-07,28,28,28,28,27,21,2020-11-01,7,0,0,1,-100,"&#x2798;",48919,0,0,2.04419550685828
"Reimerswaal","GM0703",2020-12-07,9,9,9,9,8,6,2020-11-01,3,0,0,1,-100,"&#x2798;",22915,0,0,4.36395374209033
"Terneuzen","GM0715",2020-12-07,39,39,35,35,33,25,2020-11-01,14,0,4,6,100,"&#x279A;",54421,0,7.35010382021646,11.0251557303247
"Tholen","GM0716",2020-12-07,50,50,49,49,49,45,2020-11-01,5,0,1,1,100,"&#x279A;",25962,0,3.85178337570295,3.85178337570295
"Veere","GM0717",2020-12-07,10,10,10,10,9,8,2020-11-01,2,0,0,1,-100,"&#x2798;",22002,0,0,4.54504135987638
"Vlissingen","GM0718",2020-12-07,17,17,16,16,16,12,2020-11-01,5,0,1,1,100,"&#x279A;",44245,0,2.26014238897051,2.26014238897051
"De Ronde Venen","GM0736",2020-12-07,70,70,69,69,66,53,2020-11-01,17,0,1,4,-66.6666666666667,"&#x2798;",44619,0,2.24119769604877,8.96479078419507
"Tytsjerksteradiel","GM0737",2020-12-07,9,9,8,8,8,7,2020-11-01,2,0,1,1,100,"&#x279A;",32059,0,3.11924888486852,3.11924888486852
"Asten","GM0743",2020-12-07,21,21,21,20,20,18,2020-11-01,3,0,0,1,-100,"&#x2798;",16746,0,0,5.97157530156455
"Baarle-Nassau","GM0744",2020-12-07,12,12,11,11,10,9,2020-11-01,3,0,1,2,0,"-",6917,0,14.4571345959231,28.9142691918462
"Bergen op Zoom","GM0748",2020-12-07,63,63,57,57,55,47,2020-11-01,16,0,6,8,200,"&#x279A;",67670,0,8.86655829762081,11.8220777301611
"Best","GM0753",2020-12-07,39,39,37,37,36,35,2020-11-01,4,0,2,3,100,"&#x279A;",30106,0,6.64319404769813,9.9647910715472
"Boekel","GM0755",2020-12-07,36,36,36,36,36,36,2020-11-01,0,0,0,0,0,"-",10912,0,0,0
"Boxmeer","GM0756",2020-12-07,25,25,25,25,25,23,2020-11-01,2,0,0,0,0,"-",29549,0,0,0
"Boxtel","GM0757",2020-12-07,32,32,30,30,29,24,2020-11-01,8,0,2,3,100,"&#x279A;",30851,0,6.48277203332145,9.72415804998217
"Breda","GM0758",2020-12-07,202,202,200,200,198,184,2020-11-01,18,0,2,4,0,"-",184306,0,1.08515186700379,2.17030373400757
"Deurne","GM0762",2020-12-07,64,64,61,61,61,58,2020-11-01,6,0,3,3,300,"&#x279A;",32459,0,9.24242891031763,9.24242891031763
"Pekela","GM0765",2020-12-07,7,7,7,7,7,6,2020-11-01,1,0,0,0,0,"-",12155,0,0,0
"Dongen","GM0766",2020-12-07,38,38,36,36,36,30,2020-11-01,8,0,2,2,200,"&#x279A;",26332,0,7.59532128209023,7.59532128209023
"Eersel","GM0770",2020-12-07,36,36,36,36,36,32,2020-11-01,4,0,0,0,0,"-",19469,0,0,0
"Eindhoven","GM0772",2020-12-07,249,247,245,244,235,210,2020-11-01,39,2,4,14,-60,"&#x2798;",235465,0.849383135497845,1.69876627099569,5.94568194848491
"Etten-Leur","GM0777",2020-12-07,58,58,57,57,56,51,2020-11-01,7,0,1,2,0,"-",43936,0,2.27603787327021,4.55207574654042
"Geertruidenberg","GM0779",2020-12-07,19,19,18,18,18,17,2020-11-01,2,0,1,1,100,"&#x279A;",21749,0,4.59791254770334,4.59791254770334
"Gilze en Rijen","GM0784",2020-12-07,29,29,28,28,27,24,2020-11-01,5,0,1,2,0,"-",26800,0,3.73134328358209,7.46268656716418
"Goirle","GM0785",2020-12-07,36,36,37,37,37,35,2020-11-01,1,0,-1,-1,-100,"&#x2798;",23839,0,-4.19480682914552,-4.19480682914552
"Grave","GM0786",2020-12-07,28,28,28,28,28,24,2020-11-01,4,0,0,0,0,"-",12456,0,0,0
"Haaren","GM0788",2020-12-07,23,22,22,21,20,20,2020-11-01,3,1,1,3,-50,"&#x2798;",14333,6.97690643968464,6.97690643968464,20.9307193190539
"Helmond","GM0794",2020-12-07,139,139,139,139,138,124,2020-11-01,15,0,0,1,-100,"&#x2798;",92475,0,0,1.08137334414707
"'s-Hertogenbosch","GM0796",2020-12-07,170,170,167,165,159,153,2020-11-01,17,0,3,11,-62.5,"&#x2798;",155586,0,1.92819405344954,7.07004486264831
"Heusden","GM0797",2020-12-07,61,61,59,58,57,50,2020-11-01,11,0,2,4,0,"-",44956,0,4.44879437672391,8.89758875344782
"Hilvarenbeek","GM0798",2020-12-07,17,17,17,17,17,15,2020-11-01,2,0,0,0,0,"-",15644,0,0,0
"Loon op Zand","GM0809",2020-12-07,36,36,36,36,34,30,2020-11-01,6,0,0,2,-100,"&#x2798;",23447,0,0,8.5298758903058
"Mill en Sint Hubert","GM0815",2020-12-07,14,14,14,14,14,9,2020-11-01,5,0,0,0,0,"-",10990,0,0,0
"Nuenen, Gerwen en Nederwetten","GM0820",2020-12-07,22,22,22,22,22,20,2020-11-01,2,0,0,0,0,"-",23629,0,0,0
"Oirschot","GM0823",2020-12-07,20,20,19,19,18,17,2020-11-01,3,0,1,2,0,"-",18836,0,5.30898279889573,10.6179655977915
"Oisterwijk","GM0824",2020-12-07,31,30,29,29,29,27,2020-11-01,4,1,2,2,200,"&#x279A;",26427,3.78400877890037,7.56801755780073,7.56801755780073
"Oosterhout","GM0826",2020-12-07,58,58,55,55,55,52,2020-11-01,6,0,3,3,300,"&#x279A;",56191,0,5.33893328113043,5.33893328113043
"Oss","GM0828",2020-12-07,194,193,191,191,192,177,2020-11-01,17,1,3,2,300,"&#x279A;",92356,1.08276668543462,3.24830005630387,2.16553337086925
"Rucphen","GM0840",2020-12-07,23,23,21,21,20,16,2020-11-01,7,0,2,3,100,"&#x279A;",23043,0,8.67942542203706,13.0191381330556
"Sint-Michielsgestel","GM0845",2020-12-07,39,39,39,39,39,37,2020-11-01,2,0,0,0,0,"-",29478,0,0,0
"Someren","GM0847",2020-12-07,36,36,36,36,36,34,2020-11-01,2,0,0,0,0,"-",19325,0,0,0
"Son en Breugel","GM0848",2020-12-07,32,32,32,32,32,31,2020-11-01,1,0,0,0,0,"-",17504,0,0,0
"Steenbergen","GM0851",2020-12-07,20,20,20,20,20,18,2020-11-01,2,0,0,0,0,"-",24353,0,0,0
"Waterland","GM0852",2020-12-07,24,24,24,24,24,21,2020-11-01,3,0,0,0,0,"-",17374,0,0,0
"Tilburg","GM0855",2020-12-07,317,315,312,311,302,278,2020-11-01,39,2,5,15,-50,"&#x2798;",220589,0.906663523566452,2.26665880891613,6.79997642674839
"Uden","GM0856",2020-12-07,120,120,120,120,117,116,2020-11-01,4,0,0,3,-100,"&#x2798;",42195,0,0,7.10984713828653
"Valkenswaard","GM0858",2020-12-07,25,25,25,24,24,23,2020-11-01,2,0,0,1,-100,"&#x2798;",31253,0,0,3.19969282948837
"Veldhoven","GM0861",2020-12-07,43,43,42,42,40,38,2020-11-01,5,0,1,3,-50,"&#x2798;",45662,0,2.1900048180106,6.5700144540318
"Vught","GM0865",2020-12-07,46,46,45,45,45,43,2020-11-01,3,0,1,1,100,"&#x279A;",26794,0,3.7321788460103,3.7321788460103
"Waalre","GM0866",2020-12-07,9,9,9,9,9,8,2020-11-01,1,0,0,0,0,"-",17552,0,0,0
"Waalwijk","GM0867",2020-12-07,57,57,56,56,52,45,2020-11-01,12,0,1,5,-75,"&#x2798;",48895,0,2.0451988955926,10.225994477963
"Woensdrecht","GM0873",2020-12-07,11,11,11,11,10,10,2020-11-01,1,0,0,1,-100,"&#x2798;",21936,0,0,4.55871626549964
"Zundert","GM0879",2020-12-07,30,30,30,30,29,27,2020-11-01,3,0,0,1,-100,"&#x2798;",22002,0,0,4.54504135987638
"Wormerland","GM0880",2020-12-07,25,25,24,24,24,21,2020-11-01,4,0,1,1,100,"&#x279A;",16245,0,6.15574022776239,6.15574022776239
"Landgraaf","GM0882",2020-12-07,56,56,56,56,56,55,2020-11-01,1,0,0,0,0,"-",37277,0,0,0
"Beek","GM0888",2020-12-07,18,18,18,18,18,18,2020-11-01,0,0,0,0,0,"-",15929,0,0,0
"Beesel","GM0889",2020-12-07,23,23,23,23,23,20,2020-11-01,3,0,0,0,0,"-",13431,0,0,0
"Bergen (L.)","GM0893",2020-12-07,12,12,12,12,12,10,2020-11-01,2,0,0,0,0,"-",13105,0,0,0
"Brunssum","GM0899",2020-12-07,54,54,52,52,51,50,2020-11-01,4,0,2,3,100,"&#x279A;",27698,0,7.22073795941945,10.8311069391292
"Gennep","GM0907",2020-12-07,18,18,18,18,18,17,2020-11-01,1,0,0,0,0,"-",16962,0,0,0
"Heerlen","GM0917",2020-12-07,138,137,137,137,137,131,2020-11-01,7,1,1,1,100,"&#x279A;",86825,1.15174200978981,1.15174200978981,1.15174200978981
"Kerkrade","GM0928",2020-12-07,79,78,77,77,77,70,2020-11-01,9,1,2,2,200,"&#x279A;",45513,2.19717443367829,4.39434886735658,4.39434886735658
"Maastricht","GM0935",2020-12-07,213,213,212,211,207,200,2020-11-01,13,0,1,6,-80,"&#x2798;",120332,0,0.831034138882425,4.98620483329455
"Meerssen","GM0938",2020-12-07,25,25,24,24,24,23,2020-11-01,2,0,1,1,100,"&#x279A;",18717,0,5.34273654966074,5.34273654966074
"Mook en Middelaar","GM0944",2020-12-07,9,9,9,9,8,8,2020-11-01,1,0,0,1,-100,"&#x2798;",7896,0,0,12.6646403242148
"Nederweert","GM0946",2020-12-07,37,37,37,37,37,34,2020-11-01,3,0,0,0,0,"-",17156,0,0,0
"Roermond","GM0957",2020-12-07,66,66,66,66,66,65,2020-11-01,1,0,0,0,0,"-",58748,0,0,0
"Simpelveld","GM0965",2020-12-07,21,21,20,20,20,19,2020-11-01,2,0,1,1,100,"&#x279A;",10517,0,9.5084149472283,9.5084149472283
"Stein","GM0971",2020-12-07,51,51,51,51,49,49,2020-11-01,2,0,0,2,-100,"&#x2798;",24904,0,0,8.030838419531
"Vaals","GM0981",2020-12-07,11,11,11,11,10,10,2020-11-01,1,0,0,1,-100,"&#x2798;",10017,0,0,9.98302885095338
"Venlo","GM0983",2020-12-07,153,153,153,153,149,144,2020-11-01,9,0,0,4,-100,"&#x2798;",101928,0,0,3.92433874892081
"Venray","GM0984",2020-12-07,46,46,44,44,43,42,2020-11-01,4,0,2,3,100,"&#x279A;",43715,0,4.57508864234245,6.86263296351367
"Voerendaal","GM0986",2020-12-07,18,18,18,18,18,17,2020-11-01,1,0,0,0,0,"-",12485,0,0,0
"Weert","GM0988",2020-12-07,84,84,84,84,84,72,2020-11-01,12,0,0,0,0,"-",50053,0,0,0
"Valkenburg aan de Geul","GM0994",2020-12-07,23,23,23,23,23,20,2020-11-01,3,0,0,0,0,"-",16415,0,0,0
"Lelystad","GM0995",2020-12-07,96,95,95,96,95,85,2020-11-01,11,1,1,1,100,"&#x279A;",79573,1.2567076772272,1.2567076772272,1.2567076772272
"Horst aan de Maas","GM1507",2020-12-07,50,49,49,48,47,44,2020-11-01,6,1,1,3,-50,"&#x2798;",42439,2.35632319328919,2.35632319328919,7.06896957986757
"Oude IJsselstreek","GM1509",2020-12-07,27,27,27,27,25,25,2020-11-01,2,0,0,2,-100,"&#x2798;",39336,0,0,5.08440105755542
"Teylingen","GM1525",2020-12-07,25,25,24,24,24,19,2020-11-01,6,0,1,1,100,"&#x279A;",37699,0,2.65259025438341,2.65259025438341
"Utrechtse Heuvelrug","GM1581",2020-12-07,39,39,36,35,33,33,2020-11-01,6,0,3,6,0,"-",49928,0,6.00865245954174,12.0173049190835
"Oost Gelre","GM1586",2020-12-07,23,23,23,23,22,21,2020-11-01,2,0,0,1,-100,"&#x2798;",29638,0,0,3.37404683177003
"Koggenland","GM1598",2020-12-07,13,12,12,12,12,9,2020-11-01,4,1,1,1,100,"&#x279A;",22915,4.36395374209033,4.36395374209033,4.36395374209033
"Lansingerland","GM1621",2020-12-07,59,59,58,58,57,51,2020-11-01,8,0,1,2,0,"-",63143,0,1.58370682419271,3.16741364838541
"Leudal","GM1640",2020-12-07,58,58,57,57,57,54,2020-11-01,4,0,1,1,100,"&#x279A;",35979,0,2.7793990939159,2.7793990939159
"Maasgouw","GM1641",2020-12-07,28,28,28,28,28,28,2020-11-01,0,0,0,0,0,"-",23938,0,0,0
"Gemert-Bakel","GM1652",2020-12-07,80,80,80,80,80,79,2020-11-01,1,0,0,0,0,"-",30724,0,0,0
"Halderberge","GM1655",2020-12-07,33,33,32,32,32,26,2020-11-01,7,0,1,1,100,"&#x279A;",30419,0,3.28741904730596,3.28741904730596
"Heeze-Leende","GM1658",2020-12-07,19,19,19,19,19,18,2020-11-01,1,0,0,0,0,"-",16191,0,0,0
"Laarbeek","GM1659",2020-12-07,42,42,42,42,42,42,2020-11-01,0,0,0,0,0,"-",22731,0,0,0
"Reusel-De Mierden","GM1667",2020-12-07,18,18,17,17,15,15,2020-11-01,3,0,1,3,-50,"&#x2798;",13114,0,7.62543846271161,22.8763153881348
"Roerdalen","GM1669",2020-12-07,28,28,28,28,28,27,2020-11-01,1,0,0,0,0,"-",20557,0,0,0
"Roosendaal","GM1674",2020-12-07,63,63,59,59,57,46,2020-11-01,17,0,4,6,100,"&#x279A;",77288,0,5.17544767622399,7.76317151433599
"Schouwen-Duiveland","GM1676",2020-12-07,16,16,16,16,16,13,2020-11-01,3,0,0,0,0,"-",33979,0,0,0
"Aa en Hunze","GM1680",2020-12-07,1,1,1,1,1,1,2020-11-01,0,0,0,0,0,"-",25380,0,0,0
"Borger-Odoorn","GM1681",2020-12-07,9,9,9,9,9,8,2020-11-01,1,0,0,0,0,"-",25572,0,0,0
"Cuijk","GM1684",2020-12-07,20,20,20,20,19,18,2020-11-01,2,0,0,1,-100,"&#x2798;",25325,0,0,3.94866732477789
"Landerd","GM1685",2020-12-07,44,44,44,44,42,42,2020-11-01,2,0,0,2,-100,"&#x2798;",15807,0,0,12.6526222559625
"De Wolden","GM1690",2020-12-07,17,16,16,16,16,16,2020-11-01,1,1,1,1,100,"&#x279A;",24372,4.10306909568357,4.10306909568357,4.10306909568357
"Noord-Beveland","GM1695",2020-12-07,3,3,3,3,1,1,2020-11-01,2,0,0,2,-100,"&#x2798;",7552,0,0,26.4830508474576
"Wijdemeren","GM1696",2020-12-07,14,14,14,14,14,11,2020-11-01,3,0,0,0,0,"-",24414,0,0,0
"Noordenveld","GM1699",2020-12-07,8,7,7,7,7,6,2020-11-01,2,1,1,1,100,"&#x279A;",31256,3.19938571794215,3.19938571794215,3.19938571794215
"Twenterand","GM1700",2020-12-07,17,16,16,16,16,12,2020-11-01,5,1,1,1,100,"&#x279A;",33710,2.96647878967665,2.96647878967665,2.96647878967665
"Westerveld","GM1701",2020-12-07,10,10,10,10,10,9,2020-11-01,1,0,0,0,0,"-",19585,0,0,0
"Sint Anthonis","GM1702",2020-12-07,21,21,21,21,21,21,2020-11-01,0,0,0,0,0,"-",11683,0,0,0
"Lingewaard","GM1705",2020-12-07,46,46,46,46,44,38,2020-11-01,8,0,0,2,-100,"&#x2798;",46726,0,0,4.28027222531353
"Cranendonck","GM1706",2020-12-07,65,65,65,65,65,63,2020-11-01,2,0,0,0,0,"-",20983,0,0,0
"Steenwijkerland","GM1708",2020-12-07,18,18,18,18,18,15,2020-11-01,3,0,0,0,0,"-",44286,0,0,0
"Moerdijk","GM1709",2020-12-07,26,26,25,25,24,20,2020-11-01,6,0,1,2,0,"-",37203,0,2.68795527242427,5.37591054484853
"Echt-Susteren","GM1711",2020-12-07,44,44,44,44,44,43,2020-11-01,1,0,0,0,0,"-",31743,0,0,0
"Sluis","GM1714",2020-12-07,18,18,16,16,15,10,2020-11-01,8,0,2,3,100,"&#x279A;",23166,0,8.6333419666753,12.950012950013
"Drimmelen","GM1719",2020-12-07,30,30,28,28,26,21,2020-11-01,9,0,2,4,0,"-",27285,0,7.33003481766538,14.6600696353308
"Bernheze","GM1721",2020-12-07,101,101,101,101,101,98,2020-11-01,3,0,0,0,0,"-",31402,0,0,0
"Alphen-Chaam","GM1723",2020-12-07,20,20,20,20,20,18,2020-11-01,2,0,0,0,0,"-",10322,0,0,0
"Bergeijk","GM1724",2020-12-07,22,22,21,21,21,20,2020-11-01,2,0,1,1,100,"&#x279A;",18712,0,5.34416417272339,5.34416417272339
"Bladel","GM1728",2020-12-07,25,25,25,25,25,23,2020-11-01,2,0,0,0,0,"-",20558,0,0,0
"Gulpen-Wittem","GM1729",2020-12-07,27,27,26,26,26,24,2020-11-01,3,0,1,1,100,"&#x279A;",14205,0,7.03977472720873,7.03977472720873
"Tynaarlo","GM1730",2020-12-07,13,13,12,12,12,11,2020-11-01,2,0,1,1,100,"&#x279A;",33858,0,2.95351172544155,2.95351172544155
"Midden-Drenthe","GM1731",2020-12-07,10,9,8,8,8,6,2020-11-01,4,1,2,2,200,"&#x279A;",33309,3.0021915998679,6.00438319973581,6.00438319973581
"Overbetuwe","GM1734",2020-12-07,63,63,62,62,62,62,2020-11-01,1,0,1,1,100,"&#x279A;",48085,0,2.07965061869606,2.07965061869606
"Hof van Twente","GM1735",2020-12-07,25,24,24,24,23,20,2020-11-01,5,1,1,2,0,"-",35063,2.85200924050994,2.85200924050994,5.70401848101988
"Neder-Betuwe","GM1740",2020-12-07,47,47,46,46,46,44,2020-11-01,3,0,1,1,100,"&#x279A;",24560,0,4.07166123778502,4.07166123778502
"Rijssen-Holten","GM1742",2020-12-07,33,32,32,32,32,30,2020-11-01,3,1,1,1,100,"&#x279A;",38202,2.61766399664939,2.61766399664939,2.61766399664939
"Geldrop-Mierlo","GM1771",2020-12-07,44,44,43,43,42,37,2020-11-01,7,0,1,2,0,"-",40040,0,2.4975024975025,4.99500499500499
"Olst-Wijhe","GM1773",2020-12-07,12,12,12,12,12,12,2020-11-01,0,0,0,0,0,"-",18335,0,0,0
"Dinkelland","GM1774",2020-12-07,24,24,24,24,23,21,2020-11-01,3,0,0,1,-100,"&#x2798;",26565,0,0,3.76435159043855
"Westland","GM1783",2020-12-07,105,104,100,100,96,75,2020-11-01,30,1,5,9,25,"&#x279A;",111307,0.898416092429048,4.49208046214524,8.08574483186143
"Midden-Delfland","GM1842",2020-12-07,13,13,12,12,12,8,2020-11-01,5,0,1,1,100,"&#x279A;",19389,0,5.15756356697096,5.15756356697096
"Berkelland","GM1859",2020-12-07,27,27,27,27,25,19,2020-11-01,8,0,0,2,-100,"&#x2798;",43834,0,0,4.56266824839166
"Bronckhorst","GM1876",2020-12-07,21,20,20,20,20,18,2020-11-01,3,1,1,1,100,"&#x279A;",36106,2.76962277737772,2.76962277737772,2.76962277737772
"Sittard-Geleen","GM1883",2020-12-07,138,138,137,137,133,128,2020-11-01,10,0,1,5,-75,"&#x2798;",91816,0,1.08913479132177,5.44567395660887
"Kaag en Braassem","GM1884",2020-12-07,13,13,12,11,10,9,2020-11-01,4,0,1,3,-50,"&#x2798;",27555,0,3.62910542551261,10.8873162765378
"Dantumadiel","GM1891",2020-12-07,2,2,2,2,2,2,2020-11-01,0,0,0,0,0,"-",18920,0,0,0
"Zuidplas","GM1892",2020-12-07,47,47,47,46,42,32,2020-11-01,15,0,0,5,-100,"&#x2798;",44938,0,0,11.1264408740932
"Peel en Maas","GM1894",2020-12-07,148,148,148,148,148,146,2020-11-01,2,0,0,0,0,"-",43644,0,0,0
"Oldambt","GM1895",2020-12-07,11,11,11,11,11,10,2020-11-01,1,0,0,0,0,"-",38258,0,0,0
"Zwartewaterland","GM1896",2020-12-07,38,38,37,36,36,35,2020-11-01,3,0,1,2,0,"-",22770,0,4.3917435221783,8.78348704435661
"Súdwest-Fryslân","GM1900",2020-12-07,26,26,26,26,25,22,2020-11-01,4,0,0,1,-100,"&#x2798;",89924,0,0,1.11205017570393
"Bodegraven-Reeuwijk","GM1901",2020-12-07,29,28,27,26,23,15,2020-11-01,14,1,2,6,-50,"&#x2798;",35205,2.84050560999858,5.68101121999716,17.0430336599915
"Eijsden-Margraten","GM1903",2020-12-07,62,62,61,61,61,59,2020-11-01,3,0,1,1,100,"&#x279A;",25869,0,3.86563067764506,3.86563067764506
"Stichtse Vecht","GM1904",2020-12-07,68,67,66,66,62,51,2020-11-02,17,1,2,6,-50,"&#x2798;",65209,1.53353064760999,3.06706129521999,9.20118388565995
"Hollands Kroon","GM1911",2020-12-07,32,32,32,32,32,26,2020-11-01,6,0,0,0,0,"-",48518,0,0,0
"Leidschendam-Voorburg","GM1916",2020-12-07,67,67,60,60,53,41,2020-11-01,26,0,7,14,0,"-",76468,0,9.15415598681802,18.308311973636
"Goeree-Overflakkee","GM1924",2020-12-07,74,74,72,72,70,61,2020-11-01,13,0,2,4,0,"-",50454,0,3.96400681809173,7.92801363618345
"Pijnacker-Nootdorp","GM1926",2020-12-07,40,40,37,37,37,32,2020-11-01,8,0,3,3,300,"&#x279A;",55441,0,5.41115780739886,5.41115780739886
"Nissewaard","GM1930",2020-12-07,94,90,90,90,88,74,2020-11-01,20,4,4,6,100,"&#x279A;",85315,4.68850729648948,4.68850729648948,7.03276094473422
"Krimpenerwaard","GM1931",2020-12-07,70,70,70,70,67,58,2020-11-01,12,0,0,3,-100,"&#x2798;",56427,0,0,5.31660375352225
"De Fryske Marren","GM1940",2020-12-07,26,26,26,26,26,24,2020-11-01,2,0,0,0,0,"-",51662,0,0,0
"Gooise Meren","GM1942",2020-12-07,36,36,35,34,34,29,2020-11-01,7,0,1,2,0,"-",58378,0,1.71297406557265,3.42594813114529
"Berg en Dal","GM1945",2020-12-07,43,43,43,43,42,41,2020-11-01,2,0,0,1,-100,"&#x2798;",34987,0,0,2.85820447594821
"Meierijstad","GM1948",2020-12-07,224,224,224,224,223,217,2020-11-01,7,0,0,1,-100,"&#x2798;",81579,0,0,1.22580566077054
"Waadhoeke","GM1949",2020-12-07,18,18,18,18,17,15,2020-11-01,3,0,0,1,-100,"&#x2798;",46115,0,0,2.1684918139434
"Westerwolde","GM1950",2020-12-07,14,14,13,12,12,12,2020-11-01,2,0,1,2,0,"-",25595,0,3.90701308849385,7.81402617698769
"Midden-Groningen","GM1952",2020-12-07,17,17,17,17,15,10,2020-11-01,7,0,0,2,-100,"&#x2798;",60723,0,0,3.29364491214202
"Beekdaelen","GM1954",2020-12-07,55,55,55,55,54,52,2020-11-01,3,0,0,1,-100,"&#x2798;",36038,0,0,2.77484877074199
"Montferland","GM1955",2020-12-07,28,28,27,27,27,25,2020-11-01,3,0,1,1,100,"&#x279A;",36043,0,2.77446383486391,2.77446383486391
"Altena","GM1959",2020-12-07,50,50,48,48,45,40,2020-11-01,10,0,2,5,-33.3333333333333,"&#x2798;",56278,0,3.55378655957923,8.88446639894808
"West Betuwe","GM1960",2020-12-07,67,67,65,65,64,54,2020-11-01,13,0,2,3,100,"&#x279A;",51431,0,3.88870525558515,5.83305788337773
"Vijfheerenlanden","GM1961",2020-12-07,59,59,56,56,56,48,2020-11-01,11,0,3,3,300,"&#x279A;",57665,0,5.20246249891615,5.20246249891615
"Hoeksche Waard","GM1963",2020-12-07,88,88,88,86,85,84,2020-11-15,4,0,0,3,-100,"&#x2798;",87781,0,0,3.41759606292934
"Het Hogeland","GM1966",2020-12-07,11,11,10,10,10,7,2020-11-01,4,0,1,1,100,"&#x279A;",47821,0,2.09113151126074,2.09113151126074
"Westerkwartier","GM1969",2020-12-07,21,21,21,21,20,19,2020-11-01,2,0,0,1,-100,"&#x2798;",63533,0,0,1.57398517305967
"Noardeast-Fryslân","GM1970",2020-12-07,13,13,10,10,9,7,2020-11-01,6,0,3,4,200,"&#x279A;",45479,0,6.59645110930319,8.79526814573759
"Molenlanden","GM1978",2020-12-07,21,21,19,19,19,19,2020-11-23,2,0,2,2,200,"&#x279A;",44042,0,4.54111984015258,4.54111984015258
