"municipality","Municipality_code","date","d0","d1","d7","d8","d14","dec1","lowest_since_dec1","lowest_since_dec1_date","current","increase_1d","increase_7d","increase_14d","increase_growth","growth","population","rel_increase_1d","rel_increase_7d","rel_increase_14d"
"Netherlands","",2021-01-27,40657,40484,39538,39358,38175,27928,27928,2020-12-01,12729,173,1119,2482,-17.9016874541453,"&#x2798;",17443797,0.991756553919998,6.41488776784091,14.2285535654881
"Unknown","",2021-01-27,1154,1153,1118,1113,1081,813,813,2020-12-01,341,1,36,73,-2.7027027027027,"-",NA,NA,NA,NA
"Groningen","GM0014",2021-01-27,155,152,143,141,134,76,76,2020-12-01,79,3,12,21,33.3333333333333,"&#x279A;",233456,1.28503872250017,5.14015489000069,8.9952710575012
"Almere","GM0034",2021-01-27,155,153,148,148,146,86,86,2020-12-01,69,2,7,9,250,"&#x279A;",214551,0.932179295365671,3.26262753377985,4.19480682914552
"Stadskanaal","GM0037",2021-01-27,45,45,42,41,39,22,22,2020-12-01,23,0,3,6,0,"-",31702,0,9.4631253548672,18.9262507097344
"Veendam","GM0047",2021-01-27,34,33,30,30,27,13,13,2020-12-01,21,1,4,7,33.3333333333333,"&#x279A;",27416,3.64750510650715,14.5900204260286,25.53253574555
"Zeewolde","GM0050",2021-01-27,42,42,42,42,41,20,20,2020-12-01,22,0,0,1,-100,"&#x2798;",22836,0,0,4.37905062182519
"Achtkarspelen","GM0059",2021-01-27,33,33,28,25,20,10,10,2020-12-01,23,0,5,13,-37.5,"&#x2798;",27881,0,17.9333596355941,46.6267350525447
"Ameland","GM0060",2021-01-27,3,3,3,3,3,0,0,2020-12-01,3,0,0,0,0,"-",3747,0,0,0
"Harlingen","GM0072",2021-01-27,10,10,10,10,10,7,7,2020-12-01,3,0,0,0,0,"-",15835,0,0,0
"Heerenveen","GM0074",2021-01-27,51,51,51,51,48,32,32,2020-12-01,19,0,0,3,-100,"&#x2798;",50626,0,0,5.92580887291115
"Leeuwarden","GM0080",2021-01-27,118,117,113,113,108,65,65,2020-12-01,53,1,5,10,0,"-",124517,0.803103190728977,4.01551595364488,8.03103190728977
"Ooststellingwerf","GM0085",2021-01-27,24,23,23,23,22,16,16,2020-12-01,8,1,1,2,0,"-",25437,3.93128120454456,3.93128120454456,7.86256240908912
"Opsterland","GM0086",2021-01-27,35,35,34,34,33,16,16,2020-12-01,19,0,1,2,0,"-",29812,0,3.35435395142895,6.70870790285791
"Schiermonnikoog","GM0088",2021-01-27,1,1,1,1,1,1,1,2020-12-01,0,0,0,0,0,"-",936,0,0,0
"Smallingerland","GM0090",2021-01-27,66,65,59,59,52,30,30,2020-12-01,36,1,7,14,0,"-",56060,1.78380306814128,12.4866214769889,24.9732429539779
"Terschelling","GM0093",2021-01-27,2,2,2,2,2,1,1,2020-12-01,1,0,0,0,0,"-",4883,0,0,0
"Vlieland","GM0096",2021-01-27,0,0,0,0,0,0,0,2020-12-01,0,0,0,0,0,"-",1200,0,0,0
"Weststellingwerf","GM0098",2021-01-27,18,18,17,17,17,10,10,2020-12-01,8,0,1,1,100,"&#x279A;",26112,0,3.8296568627451,3.8296568627451
"Assen","GM0106",2021-01-27,72,71,67,66,62,35,35,2020-12-01,37,1,5,10,0,"-",68812,1.45323490088938,7.2661745044469,14.5323490088938
"Coevorden","GM0109",2021-01-27,76,75,71,69,62,28,28,2020-12-01,48,1,5,14,-44.4444444444444,"&#x2798;",35309,2.83213911467331,14.1606955733666,39.6499476054264
"Emmen","GM0114",2021-01-27,185,184,175,173,163,116,116,2020-12-01,69,1,10,22,-16.6666666666667,"&#x2798;",106984,0.934719210349211,9.34719210349211,20.5638226276826
"Hoogeveen","GM0118",2021-01-27,106,104,103,103,100,56,56,2020-12-01,50,2,3,6,0,"-",55604,3.59686353499748,5.39529530249622,10.7905906049924
"Meppel","GM0119",2021-01-27,30,30,28,28,25,11,11,2020-12-01,19,0,2,5,-33.3333333333333,"&#x2798;",34324,0,5.82682671017364,14.5670667754341
"Almelo","GM0141",2021-01-27,254,253,246,244,240,166,166,2020-12-01,88,1,8,14,33.3333333333333,"&#x279A;",73180,1.36649357748019,10.9319486198415,19.1309100847226
"Borne","GM0147",2021-01-27,60,60,58,58,55,38,38,2020-12-01,22,0,2,5,-33.3333333333333,"&#x2798;",23637,0,8.46131065702077,21.1532766425519
"Dalfsen","GM0148",2021-01-27,29,29,28,28,28,13,13,2020-12-01,16,0,1,1,100,"&#x279A;",28919,0,3.45793423009094,3.45793423009094
"Deventer","GM0150",2021-01-27,205,203,199,199,193,133,133,2020-12-01,72,2,6,12,0,"-",101100,1.9782393669634,5.93471810089021,11.8694362017804
"Enschede","GM0153",2021-01-27,377,377,370,368,358,239,239,2020-12-01,138,0,7,19,-41.6666666666667,"&#x2798;",159872,0,4.37850280224179,11.8845076060849
"Haaksbergen","GM0158",2021-01-27,76,76,73,73,67,47,47,2020-12-01,29,0,3,9,-50,"&#x2798;",24237,0,12.3777695259314,37.1333085777943
"Hardenberg","GM0160",2021-01-27,101,100,97,96,90,47,47,2020-12-01,54,1,4,11,-42.8571428571429,"&#x2798;",61327,1.63060316010892,6.5224126404357,17.9366347611982
"Hellendoorn","GM0163",2021-01-27,79,79,74,74,71,37,37,2020-12-01,42,0,5,8,66.6666666666667,"&#x279A;",35903,0,13.9264128345821,22.2822605353313
"Hengelo","GM0164",2021-01-27,195,194,187,186,179,127,127,2020-12-01,68,1,8,16,0,"-",81099,1.23306082689059,9.86448661512472,19.7289732302494
"Kampen","GM0166",2021-01-27,51,51,51,51,49,40,40,2020-12-01,11,0,0,2,-100,"&#x2798;",54438,0,0,3.67390425805503
"Losser","GM0168",2021-01-27,78,78,76,75,72,41,41,2020-12-01,37,0,2,6,-50,"&#x2798;",22867,0,8.74622818909345,26.2386845672804
"Noordoostpolder","GM0171",2021-01-27,55,55,54,52,50,26,26,2020-12-01,29,0,1,5,-75,"&#x2798;",47597,0,2.10097275038343,10.5048637519171
"Oldenzaal","GM0173",2021-01-27,96,96,93,93,91,58,58,2020-12-01,38,0,3,5,50,"&#x279A;",31734,0,9.4535829079221,15.7559715132035
"Ommen","GM0175",2021-01-27,37,36,34,34,33,19,19,2020-12-01,18,1,3,4,200,"&#x279A;",18272,5.47285464098074,16.4185639229422,21.8914185639229
"Raalte","GM0177",2021-01-27,63,63,58,58,53,36,36,2020-12-01,27,0,5,10,0,"-",37920,0,13.1856540084388,26.3713080168776
"Staphorst","GM0180",2021-01-27,33,32,31,31,29,15,15,2020-12-01,18,1,2,4,0,"-",17276,5.78837693910627,11.5767538782125,23.1535077564251
"Tubbergen","GM0183",2021-01-27,56,56,54,53,52,39,39,2020-12-01,17,0,2,4,0,"-",21322,0,9.37998311603039,18.7599662320608
"Urk","GM0184",2021-01-27,69,69,69,69,67,45,45,2020-12-01,24,0,0,2,-100,"&#x2798;",21208,0,0,9.43040362127499
"Wierden","GM0189",2021-01-27,67,66,64,64,63,38,38,2020-12-01,29,1,3,4,200,"&#x279A;",24532,4.0763084950269,12.2289254850807,16.3052339801076
"Zwolle","GM0193",2021-01-27,81,81,79,79,77,45,45,2020-12-01,36,0,2,4,0,"-",129697,0,1.54205571447296,3.08411142894593
"Aalten","GM0197",2021-01-27,44,43,42,42,41,24,24,2020-12-01,20,1,2,3,100,"&#x279A;",27133,3.68554896251797,7.37109792503593,11.0566468875539
"Apeldoorn","GM0200",2021-01-27,334,333,329,327,317,224,224,2020-12-01,110,1,5,17,-58.3333333333333,"&#x2798;",164717,0.607101877766108,3.03550938883054,10.3207319220238
"Arnhem","GM0202",2021-01-27,131,131,129,128,127,67,67,2020-12-01,64,0,2,4,0,"-",162353,0,1.23188361163637,2.46376722327274
"Barneveld","GM0203",2021-01-27,121,121,115,113,106,64,64,2020-12-01,57,0,6,15,-33.3333333333333,"&#x2798;",59938,0,10.0103440221562,25.0258600553906
"Beuningen","GM0209",2021-01-27,55,55,53,53,52,37,37,2020-12-01,18,0,2,3,100,"&#x279A;",26159,0,7.64555220000764,11.4683283000115
"Brummen","GM0213",2021-01-27,42,42,42,42,39,21,21,2020-12-01,21,0,0,3,-100,"&#x2798;",20867,0,0,14.3767671442948
"Buren","GM0214",2021-01-27,83,83,80,77,74,47,47,2020-12-01,36,0,3,9,-50,"&#x2798;",26997,0,11.1123458162018,33.3370374486054
"Culemborg","GM0216",2021-01-27,86,84,82,81,75,60,60,2020-12-01,26,2,4,11,-42.8571428571429,"&#x2798;",29132,6.86530275985171,13.7306055197034,37.7591651791844
"Doesburg","GM0221",2021-01-27,19,19,19,19,19,10,10,2020-12-01,9,0,0,0,0,"-",11061,0,0,0
"Doetinchem","GM0222",2021-01-27,98,98,95,94,93,66,66,2020-12-01,32,0,3,5,50,"&#x279A;",58227,0,5.15224895666959,8.58708159444931
"Druten","GM0225",2021-01-27,71,71,66,66,64,47,47,2020-12-01,24,0,5,7,150,"&#x279A;",18980,0,26.3435194942044,36.8809272918862
"Duiven","GM0226",2021-01-27,22,22,22,22,21,11,11,2020-12-01,11,0,0,1,-100,"&#x2798;",25072,0,0,3.98851308232291
"Ede","GM0228",2021-01-27,275,276,271,267,258,172,172,2020-12-01,103,-1,4,17,-69.2307692307692,"&#x2798;",118538,-0.843611331387403,3.37444532554961,14.3413926335859
"Elburg","GM0230",2021-01-27,45,45,45,44,42,25,25,2020-12-01,20,0,0,3,-100,"&#x2798;",23443,0,0,12.7969969713774
"Epe","GM0232",2021-01-27,76,76,76,76,73,50,50,2020-12-01,26,0,0,3,-100,"&#x2798;",33198,0,0,9.03668895716609
"Ermelo","GM0233",2021-01-27,85,84,82,82,79,53,53,2020-12-01,32,1,3,6,0,"-",27044,3.69767785830498,11.093033574915,22.1860671498299
"Harderwijk","GM0243",2021-01-27,145,145,144,143,133,80,80,2020-12-01,65,0,1,12,-90.9090909090909,"&#x2798;",48657,0,2.05520274575087,24.6624329490104
"Hattem","GM0244",2021-01-27,12,12,12,12,12,9,9,2020-12-01,3,0,0,0,0,"-",12235,0,0,0
"Heerde","GM0246",2021-01-27,25,25,24,24,23,18,18,2020-12-01,7,0,1,2,0,"-",18744,0,5.33504054630815,10.6700810926163
"Heumen","GM0252",2021-01-27,48,48,44,43,43,33,33,2020-12-01,15,0,4,5,300,"&#x279A;",16579,0,24.1269075336269,30.1586344170336
"Lochem","GM0262",2021-01-27,55,55,55,55,50,34,34,2020-12-01,21,0,0,5,-100,"&#x2798;",33907,0,0,14.7462175951868
"Maasdriel","GM0263",2021-01-27,55,55,55,55,53,42,42,2020-12-01,13,0,0,2,-100,"&#x2798;",25441,0,0,7.86132620573091
"Nijkerk","GM0267",2021-01-27,95,94,93,93,86,57,57,2020-12-01,38,1,2,9,-71.4285714285714,"&#x2798;",43577,2.29478853523648,4.58957707047296,20.6530968171283
"Nijmegen","GM0268",2021-01-27,418,415,407,404,391,308,308,2020-12-01,110,3,11,27,-31.25,"&#x2798;",177463,1.69049322957462,6.19847517510692,15.2144390661715
"Oldebroek","GM0269",2021-01-27,34,34,34,34,32,14,14,2020-12-01,20,0,0,2,-100,"&#x2798;",23749,0,0,8.42140721714599
"Putten","GM0273",2021-01-27,45,45,44,44,43,30,30,2020-12-01,15,0,1,2,0,"-",24384,0,4.1010498687664,8.20209973753281
"Renkum","GM0274",2021-01-27,38,38,37,37,36,22,22,2020-12-01,16,0,1,2,0,"-",31413,0,3.18339540954382,6.36679081908764
"Rheden","GM0275",2021-01-27,33,33,33,33,32,15,15,2020-12-01,18,0,0,1,-100,"&#x2798;",43565,0,0,2.29542063583152
"Rozendaal","GM0277",2021-01-27,1,1,1,1,1,0,0,2020-12-01,1,0,0,0,0,"-",1718,0,0,0
"Scherpenzeel","GM0279",2021-01-27,19,19,19,19,16,9,9,2020-12-01,10,0,0,3,-100,"&#x2798;",10110,0,0,29.673590504451
"Tiel","GM0281",2021-01-27,144,142,141,140,138,109,109,2020-12-01,35,2,3,6,0,"-",41899,4.77338361297406,7.16007541946108,14.3201508389222
"Voorst","GM0285",2021-01-27,60,59,58,58,57,35,35,2020-12-01,25,1,2,3,100,"&#x279A;",24762,4.0384460059769,8.0768920119538,12.1153380179307
"Wageningen","GM0289",2021-01-27,65,64,63,63,63,47,47,2020-12-01,18,1,2,2,200,"&#x279A;",39719,2.51768674941464,5.03537349882928,5.03537349882928
"Westervoort","GM0293",2021-01-27,18,18,18,18,18,9,9,2020-12-01,9,0,0,0,0,"-",15017,0,0,0
"Winterswijk","GM0294",2021-01-27,40,40,40,40,37,33,33,2020-12-01,7,0,0,3,-100,"&#x2798;",29007,0,0,10.3423311614438
"Wijchen","GM0296",2021-01-27,129,129,126,126,125,94,94,2020-12-01,35,0,3,4,200,"&#x279A;",41259,0,7.27114084199811,9.69485445599748
"Zaltbommel","GM0297",2021-01-27,76,76,73,72,65,40,40,2020-12-01,36,0,3,11,-62.5,"&#x2798;",29436,0,10.1916021198532,37.3692077727952
"Zevenaar","GM0299",2021-01-27,48,48,42,42,42,31,31,2020-12-01,17,0,6,6,600,"&#x279A;",44085,0,13.6100714528751,13.6100714528751
"Zutphen","GM0301",2021-01-27,81,81,81,81,81,57,57,2020-12-01,24,0,0,0,0,"-",48105,0,0,0
"Nunspeet","GM0302",2021-01-27,117,115,113,111,109,91,91,2020-12-01,26,2,4,8,0,"-",28017,7.13852303958311,14.2770460791662,28.5540921583324
"Dronten","GM0303",2021-01-27,88,88,86,86,84,52,52,2020-12-01,36,0,2,4,0,"-",41936,0,4.76917207172835,9.5383441434567
"Amersfoort","GM0307",2021-01-27,298,297,288,286,284,183,183,2020-12-01,115,1,10,14,150,"&#x279A;",157547,0.634731223063594,6.34731223063594,8.88623712289031
"Baarn","GM0308",2021-01-27,30,30,30,30,29,21,21,2020-12-01,9,0,0,1,-100,"&#x2798;",24844,0,0,4.02511672838512
"De Bilt","GM0310",2021-01-27,84,84,82,81,81,65,65,2020-12-01,19,0,2,3,100,"&#x279A;",43371,0,4.61137626524636,6.91706439786954
"Bunnik","GM0312",2021-01-27,28,28,27,27,27,20,20,2020-12-01,8,0,1,1,100,"&#x279A;",15345,0,6.5167807103291,6.5167807103291
"Bunschoten","GM0313",2021-01-27,88,88,87,87,87,54,54,2020-12-01,34,0,1,1,100,"&#x279A;",22036,0,4.53802868034126,4.53802868034126
"Eemnes","GM0317",2021-01-27,10,10,10,10,7,1,1,2020-12-01,9,0,0,3,-100,"&#x2798;",9361,0,0,32.0478581348147
"Houten","GM0321",2021-01-27,77,77,75,75,75,56,56,2020-12-01,21,0,2,2,200,"&#x279A;",50206,0,3.98358761900968,3.98358761900968
"Leusden","GM0327",2021-01-27,36,36,35,35,34,23,23,2020-12-01,13,0,1,2,0,"-",30522,0,3.27632527357316,6.55265054714632
"Lopik","GM0331",2021-01-27,35,34,33,33,33,30,30,2020-12-01,5,1,2,2,200,"&#x279A;",14455,6.91802144586648,13.836042891733,13.836042891733
"Montfoort","GM0335",2021-01-27,30,30,30,30,30,24,24,2020-12-01,6,0,0,0,0,"-",13878,0,0,0
"Renswoude","GM0339",2021-01-27,7,7,7,7,7,4,4,2020-12-01,3,0,0,0,0,"-",5547,0,0,0
"Rhenen","GM0340",2021-01-27,45,45,43,43,41,28,28,2020-12-01,17,0,2,4,0,"-",20193,0,9.90442232456792,19.8088446491358
"Soest","GM0342",2021-01-27,100,100,99,98,95,61,61,2020-12-01,39,0,1,5,-75,"&#x2798;",46906,0,2.13192342131071,10.6596171065535
"Utrecht","GM0344",2021-01-27,819,815,803,801,780,631,631,2020-12-01,188,4,16,39,-30.4347826086957,"&#x2798;",359548,1.11250792661898,4.45003170647591,10.846952284535
"Veenendaal","GM0345",2021-01-27,185,185,184,183,181,116,116,2020-12-01,69,0,1,4,-66.6666666666667,"&#x2798;",66945,0,1.49376353723206,5.97505414892822
"Woudenberg","GM0351",2021-01-27,29,29,28,28,27,17,17,2020-12-01,12,0,1,2,0,"-",13625,0,7.3394495412844,14.6788990825688
"Wijk bij Duurstede","GM0352",2021-01-27,51,50,47,46,44,29,29,2020-12-01,22,1,4,7,33.3333333333333,"&#x279A;",23917,4.18112639545093,16.7245055818037,29.2678847681565
"IJsselstein","GM0353",2021-01-27,98,98,97,97,95,79,79,2020-12-01,19,0,1,3,-50,"&#x2798;",33855,0,2.95377344557672,8.86132033673017
"Zeist","GM0355",2021-01-27,116,113,113,113,112,81,81,2020-12-01,35,3,3,4,200,"&#x279A;",65005,4.61502961310668,4.61502961310668,6.15337281747558
"Nieuwegein","GM0356",2021-01-27,123,121,121,121,118,93,93,2020-12-01,30,2,2,5,-33.3333333333333,"&#x2798;",63811,3.13425584930498,3.13425584930498,7.83563962326245
"Aalsmeer","GM0358",2021-01-27,44,44,43,43,42,30,30,2020-12-01,14,0,1,2,0,"-",31957,0,3.12920486904278,6.25840973808555
"Alkmaar","GM0361",2021-01-27,244,243,234,233,227,149,149,2020-12-01,95,1,10,17,42.8571428571429,"&#x279A;",109841,0.910406860826103,9.10406860826103,15.4769166340438
"Amstelveen","GM0362",2021-01-27,174,173,169,168,167,137,137,2020-12-01,37,1,5,7,150,"&#x279A;",90956,1.09943269273055,5.49716346365276,7.69602884911386
"Amsterdam","GM0363",2021-01-27,2506,2498,2433,2425,2352,1876,1876,2020-12-01,630,8,73,154,-9.87654320987654,"&#x2798;",873289,0.916077037498468,8.35920296717352,17.6344829718455
"Beemster","GM0370",2021-01-27,13,13,12,12,11,9,9,2020-12-01,4,0,1,2,0,"-",10073,0,9.92752903802243,19.8550580760449
"Bergen (NH.)","GM0373",2021-01-27,68,68,68,68,66,44,44,2020-12-01,24,0,0,2,-100,"&#x2798;",29706,0,0,6.73264660337979
"Beverwijk","GM0375",2021-01-27,54,52,52,52,52,39,39,2020-12-01,15,2,2,2,200,"&#x279A;",41830,4.7812574707148,4.7812574707148,4.7812574707148
"Blaricum","GM0376",2021-01-27,8,8,8,8,7,3,3,2020-12-01,5,0,0,1,-100,"&#x2798;",11919,0,0,8.38996560114104
"Bloemendaal","GM0377",2021-01-27,12,12,11,11,10,6,6,2020-12-01,6,0,1,2,0,"-",23529,0,4.25007437630159,8.50014875260317
"Castricum","GM0383",2021-01-27,51,51,50,50,48,32,32,2020-12-01,19,0,1,3,-50,"&#x2798;",36164,0,2.76518084282712,8.29554252848136
"Diemen","GM0384",2021-01-27,73,73,72,71,70,51,51,2020-12-01,22,0,1,3,-50,"&#x2798;",31304,0,3.19447993866599,9.58343981599796
"Edam-Volendam","GM0385",2021-01-27,106,105,100,100,97,78,78,2020-12-01,28,1,6,9,100,"&#x279A;",36247,2.75884900819378,16.5530940491627,24.829641073744
"Enkhuizen","GM0388",2021-01-27,61,61,61,61,60,29,29,2020-12-01,32,0,0,1,-100,"&#x2798;",18666,0,0,5.3573341905068
"Haarlem","GM0392",2021-01-27,142,142,140,139,130,76,76,2020-12-01,66,0,2,12,-80,"&#x2798;",162754,0,1.22884844612114,7.37309067672684
"Haarlemmermeer","GM0394",2021-01-27,194,194,190,187,181,110,110,2020-12-01,84,0,4,13,-55.5555555555556,"&#x2798;",157730,0,2.53597920497052,8.24193241615419
"Heemskerk","GM0396",2021-01-27,66,66,65,65,65,51,51,2020-12-01,15,0,1,1,100,"&#x279A;",39233,0,2.54887467183239,2.54887467183239
"Heemstede","GM0397",2021-01-27,18,18,18,18,16,9,9,2020-12-01,9,0,0,2,-100,"&#x2798;",27494,0,0,7.27431439586819
"Heerhugowaard","GM0398",2021-01-27,105,104,102,102,98,66,66,2020-12-01,39,1,3,7,-25,"&#x2798;",58303,1.71517760664117,5.1455328199235,12.0062432464882
"Heiloo","GM0399",2021-01-27,35,35,33,33,32,20,20,2020-12-01,15,0,2,3,100,"&#x279A;",24119,0,8.29221775363821,12.4383266304573
"Den Helder","GM0400",2021-01-27,85,85,80,80,77,37,37,2020-12-01,48,0,5,8,66.6666666666667,"&#x279A;",56531,0,8.84470467531089,14.1515274804974
"Hilversum","GM0402",2021-01-27,57,57,54,53,48,26,26,2020-12-01,31,0,3,9,-50,"&#x2798;",91247,0,3.28777932425176,9.86333797275527
"Hoorn","GM0405",2021-01-27,153,152,148,148,139,85,85,2020-12-01,68,1,5,14,-44.4444444444444,"&#x2798;",73579,1.35908343413202,6.79541717066011,19.0271680778483
"Huizen","GM0406",2021-01-27,47,46,43,42,39,24,24,2020-12-01,23,1,4,8,0,"-",41130,2.43131534159981,9.72526136639922,19.4505227327984
"Landsmeer","GM0415",2021-01-27,25,24,23,23,23,12,12,2020-12-01,13,1,2,2,200,"&#x279A;",11564,8.6475268073331,17.2950536146662,17.2950536146662
"Langedijk","GM0416",2021-01-27,53,53,53,53,50,36,36,2020-12-01,17,0,0,3,-100,"&#x2798;",28332,0,0,10.5887335874629
"Laren","GM0417",2021-01-27,14,14,14,14,13,7,7,2020-12-01,7,0,0,1,-100,"&#x2798;",11401,0,0,8.77116042452416
"Medemblik","GM0420",2021-01-27,94,94,90,88,82,44,44,2020-12-01,50,0,4,12,-50,"&#x2798;",45194,0,8.85073239810594,26.5521971943178
"Oostzaan","GM0431",2021-01-27,27,27,27,27,26,20,20,2020-12-01,7,0,0,1,-100,"&#x2798;",9685,0,0,10.3252452245741
"Opmeer","GM0432",2021-01-27,11,11,10,10,9,7,7,2020-12-01,4,0,1,2,0,"-",11988,0,8.34167500834168,16.6833500166834
"Ouder-Amstel","GM0437",2021-01-27,21,21,20,20,20,16,16,2020-12-01,5,0,1,1,100,"&#x279A;",14120,0,7.08215297450425,7.08215297450425
"Purmerend","GM0439",2021-01-27,246,245,239,238,223,154,154,2020-12-01,92,1,7,23,-56.25,"&#x2798;",81708,1.22387036765066,8.56709257355461,28.1490184559651
"Schagen","GM0441",2021-01-27,85,84,81,81,80,41,41,2020-12-01,44,1,4,5,300,"&#x279A;",46546,2.14841232329309,8.59364929317235,10.7420616164654
"Texel","GM0448",2021-01-27,13,13,13,13,13,11,11,2020-12-01,2,0,0,0,0,"-",13658,0,0,0
"Uitgeest","GM0450",2021-01-27,18,18,18,18,18,13,13,2020-12-01,5,0,0,0,0,"-",13644,0,0,0
"Uithoorn","GM0451",2021-01-27,49,49,49,49,47,39,39,2020-12-01,10,0,0,2,-100,"&#x2798;",30138,0,0,6.6361404207313
"Velsen","GM0453",2021-01-27,97,96,90,90,87,57,57,2020-12-01,40,1,7,10,133.333333333333,"&#x279A;",68683,1.45596435799252,10.1917505059476,14.5596435799252
"Weesp","GM0457",2021-01-27,27,27,24,24,20,14,14,2020-12-01,13,0,3,7,-25,"&#x2798;",20459,0,14.6634732880395,34.2147710054255
"Zandvoort","GM0473",2021-01-27,17,17,17,17,16,9,9,2020-12-01,8,0,0,1,-100,"&#x2798;",17168,0,0,5.82479030754893
"Zaanstad","GM0479",2021-01-27,432,432,429,428,417,327,327,2020-12-01,105,0,3,15,-75,"&#x2798;",157106,0,1.90953878273268,9.54769391366339
"Alblasserdam","GM0482",2021-01-27,75,75,75,75,74,49,49,2020-12-01,26,0,0,1,-100,"&#x2798;",20193,0,0,4.95221116228396
"Alphen aan den Rijn","GM0484",2021-01-27,250,249,234,233,231,162,162,2020-12-01,88,1,16,19,433.333333333333,"&#x279A;",112552,0.88847821451418,14.2156514322269,16.8810860757694
"Barendrecht","GM0489",2021-01-27,129,128,123,122,119,91,91,2020-12-01,38,1,6,10,50,"&#x279A;",48635,2.05613241492752,12.3367944895651,20.5613241492752
"Drechterland","GM0498",2021-01-27,35,34,34,34,32,19,19,2020-12-01,16,1,1,3,-50,"&#x2798;",19834,5.04184733286276,5.04184733286276,15.1255419985883
"Brielle","GM0501",2021-01-27,49,48,48,48,46,34,34,2020-12-01,15,1,1,3,-50,"&#x2798;",17408,5.74448529411765,5.74448529411765,17.2334558823529
"Capelle aan den IJssel","GM0502",2021-01-27,248,246,243,242,239,180,180,2020-12-01,68,2,5,9,25,"&#x279A;",67204,2.97601333253973,7.44003333134932,13.3920599964288
"Delft","GM0503",2021-01-27,207,205,202,202,193,145,145,2020-12-01,62,2,5,14,-44.4444444444444,"&#x2798;",103880,1.92529842125529,4.81324605313824,13.4770889487871
"Dordrecht","GM0505",2021-01-27,430,424,417,415,407,306,306,2020-12-01,124,6,13,23,30,"&#x279A;",119184,5.03423278292388,10.9075043630017,19.2978923345415
"Gorinchem","GM0512",2021-01-27,86,85,83,83,72,44,44,2020-12-01,42,1,3,14,-72.7272727272727,"&#x2798;",37405,2.67343937976206,8.02031813928619,37.4281513166689
"Gouda","GM0513",2021-01-27,221,220,211,211,210,162,162,2020-12-01,59,1,10,11,900,"&#x279A;",73754,1.35585866529273,13.5585866529273,14.91444531822
"'s-Gravenhage","GM0518",2021-01-27,1533,1530,1500,1492,1450,1171,1171,2020-12-01,362,3,33,83,-34,"&#x2798;",548076,0.547369342937841,6.02106277231625,15.1438851546136
"Hardinxveld-Giessendam","GM0523",2021-01-27,33,33,31,31,30,15,15,2020-12-01,18,0,2,3,100,"&#x279A;",18399,0,10.8701559867384,16.3052339801076
"Hellevoetsluis","GM0530",2021-01-27,96,96,95,95,91,61,61,2020-12-01,35,0,1,5,-75,"&#x2798;",40235,0,2.48539828507518,12.4269914253759
"Hendrik-Ido-Ambacht","GM0531",2021-01-27,96,96,92,92,88,67,67,2020-12-01,29,0,4,8,0,"-",31255,0,12.7979523276276,25.5959046552552
"Stede Broec","GM0532",2021-01-27,69,68,66,65,60,36,36,2020-12-01,33,1,3,9,-50,"&#x2798;",21768,4.59389930172731,13.7816979051819,41.3450937155458
"Hillegom","GM0534",2021-01-27,20,20,19,19,19,11,11,2020-12-01,9,0,1,1,100,"&#x279A;",22217,0,4.50105774857091,4.50105774857091
"Katwijk","GM0537",2021-01-27,180,179,175,174,165,97,97,2020-12-01,83,1,5,15,-50,"&#x2798;",66005,1.51503673964094,7.57518369820468,22.725551094614
"Krimpen aan den IJssel","GM0542",2021-01-27,94,94,90,89,83,57,57,2020-12-01,37,0,4,11,-42.8571428571429,"&#x2798;",29443,0,13.585572122406,37.3603233366165
"Leiden","GM0546",2021-01-27,189,188,183,183,178,137,137,2020-12-01,52,1,6,11,20,"&#x279A;",124121,0.805665439369647,4.83399263621788,8.86231983306612
"Leiderdorp","GM0547",2021-01-27,69,69,68,68,67,50,50,2020-12-01,19,0,1,2,0,"-",27374,0,3.6531014831592,7.3062029663184
"Lisse","GM0553",2021-01-27,44,44,43,42,41,21,21,2020-12-01,23,0,1,3,-50,"&#x2798;",22999,0,4.34801513109266,13.044045393278
"Maassluis","GM0556",2021-01-27,100,100,98,98,96,80,80,2020-12-01,20,0,2,4,0,"-",33557,0,5.96000834401168,11.9200166880234
"Nieuwkoop","GM0569",2021-01-27,46,46,45,45,45,23,23,2020-12-01,23,0,1,1,100,"&#x279A;",29146,0,3.43100253894188,3.43100253894188
"Noordwijk","GM0575",2021-01-27,96,95,93,92,90,66,66,2020-12-01,30,1,3,6,0,"-",43998,2.27283058320833,6.81849174962498,13.63698349925
"Oegstgeest","GM0579",2021-01-27,39,39,39,39,38,30,30,2020-12-01,9,0,0,1,-100,"&#x2798;",25061,0,0,3.9902637564343
"Oudewater","GM0589",2021-01-27,39,39,37,37,37,33,33,2020-12-01,6,0,2,2,200,"&#x279A;",10156,0,19.6927924379677,19.6927924379677
"Papendrecht","GM0590",2021-01-27,97,96,93,93,90,63,63,2020-12-01,34,1,4,7,33.3333333333333,"&#x279A;",32142,3.11119407628648,12.4447763051459,21.7783585340054
"Ridderkerk","GM0597",2021-01-27,154,154,151,151,143,102,102,2020-12-01,52,0,3,11,-62.5,"&#x2798;",46633,0,6.43321253189801,23.5884459502927
"Rotterdam","GM0599",2021-01-27,2496,2487,2441,2435,2378,1943,1943,2020-12-01,553,9,55,118,-12.6984126984127,"&#x2798;",652742,1.37879897417356,8.42599373106066,18.0775865502756
"Rijswijk","GM0603",2021-01-27,147,147,145,145,144,113,113,2020-12-01,34,0,2,3,100,"&#x279A;",55236,0,3.62082699688609,5.43124049532913
"Schiedam","GM0606",2021-01-27,250,250,243,243,237,196,196,2020-12-01,54,0,7,13,16.6666666666667,"&#x279A;",79316,0,8.82545766301881,16.3901356598921
"Sliedrecht","GM0610",2021-01-27,117,116,114,112,111,60,60,2020-12-01,57,1,3,6,0,"-",25570,3.91083300743058,11.7324990222917,23.4649980445835
"Albrandswaard","GM0613",2021-01-27,74,73,70,70,69,55,55,2020-12-01,19,1,4,5,300,"&#x279A;",25806,3.87506781368674,15.500271254747,19.3753390684337
"Westvoorne","GM0614",2021-01-27,27,27,26,25,25,15,15,2020-12-01,12,0,1,2,0,"-",14893,0,6.7145638890754,13.4291277781508
"Vlaardingen","GM0622",2021-01-27,195,195,190,190,188,156,156,2020-12-01,39,0,5,7,150,"&#x279A;",73950,0,6.76132521974307,9.4658553076403
"Voorschoten","GM0626",2021-01-27,33,33,33,33,33,20,20,2020-12-01,13,0,0,0,0,"-",25643,0,0,0
"Waddinxveen","GM0627",2021-01-27,77,77,74,74,73,55,55,2020-12-01,22,0,3,4,200,"&#x279A;",30320,0,9.89445910290237,13.1926121372032
"Wassenaar","GM0629",2021-01-27,42,42,42,42,39,26,26,2020-12-01,16,0,0,3,-100,"&#x2798;",26845,0,0,11.1752654125535
"Woerden","GM0632",2021-01-27,133,132,131,130,126,100,100,2020-12-01,33,1,2,7,-60,"&#x2798;",52671,1.89857796510414,3.79715593020827,13.290045755729
"Zoetermeer","GM0637",2021-01-27,266,264,263,263,257,184,184,2020-12-01,82,2,3,9,-50,"&#x2798;",125284,1.59637304045209,2.39455956067814,7.18367868203442
"Zoeterwoude","GM0638",2021-01-27,16,16,16,16,15,9,9,2020-12-01,7,0,0,1,-100,"&#x2798;",8813,0,0,11.3468739362306
"Zwijndrecht","GM0642",2021-01-27,163,163,157,157,153,109,109,2020-12-01,54,0,6,10,50,"&#x279A;",44763,0,13.4039273507138,22.3398789178563
"Borsele","GM0654",2021-01-27,25,25,23,23,23,9,9,2020-12-01,16,0,2,2,200,"&#x279A;",22779,0,8.78001668203169,8.78001668203169
"Goes","GM0664",2021-01-27,55,55,53,52,48,32,32,2020-12-01,23,0,2,7,-60,"&#x2798;",38571,0,5.18524279899406,18.1483497964792
"West Maas en Waal","GM0668",2021-01-27,43,42,40,40,40,33,33,2020-12-01,10,1,3,3,300,"&#x279A;",19560,5.11247443762781,15.3374233128834,15.3374233128834
"Hulst","GM0677",2021-01-27,40,40,39,39,39,29,29,2020-12-01,11,0,1,1,100,"&#x279A;",27563,0,3.62805209882814,3.62805209882814
"Kapelle","GM0678",2021-01-27,10,10,10,10,10,7,7,2020-12-01,3,0,0,0,0,"-",12842,0,0,0
"Middelburg","GM0687",2021-01-27,48,47,46,46,44,31,31,2020-12-01,17,1,2,4,0,"-",48973,2.04194147795724,4.08388295591448,8.16776591182897
"Reimerswaal","GM0703",2021-01-27,34,34,32,32,24,14,14,2020-12-01,20,0,2,10,-75,"&#x2798;",22931,0,8.72181762679342,43.6090881339671
"Terneuzen","GM0715",2021-01-27,102,98,95,95,92,63,63,2020-12-01,39,4,7,10,133.333333333333,"&#x279A;",54486,7.34133538890724,12.8473369305877,18.3533384722681
"Tholen","GM0716",2021-01-27,71,71,71,71,70,58,58,2020-12-01,13,0,0,1,-100,"&#x2798;",26050,0,0,3.83877159309021
"Veere","GM0717",2021-01-27,21,20,19,19,18,14,14,2020-12-01,7,1,2,3,100,"&#x279A;",21981,4.54938355852782,9.09876711705564,13.6481506755835
"Vlissingen","GM0718",2021-01-27,51,51,47,47,46,28,28,2020-12-01,23,0,4,5,300,"&#x279A;",44330,0,9.02323482968644,11.2790435371081
"De Ronde Venen","GM0736",2021-01-27,126,126,124,124,117,95,95,2020-12-01,31,0,2,9,-71.4285714285714,"&#x2798;",44696,0,4.47467334884553,20.1360300698049
"Tytsjerksteradiel","GM0737",2021-01-27,22,22,22,22,20,7,7,2020-12-01,15,0,0,2,-100,"&#x2798;",32039,0,0,6.24239208464684
"Asten","GM0743",2021-01-27,46,46,45,45,44,38,38,2020-12-01,8,0,1,2,0,"-",16802,0,5.95167241995001,11.9033448399
"Baarle-Nassau","GM0744",2021-01-27,19,19,19,19,19,18,18,2020-12-01,1,0,0,0,0,"-",6901,0,0,0
"Bergen op Zoom","GM0748",2021-01-27,189,188,183,182,176,124,124,2020-12-01,65,1,6,13,-14.2857142857143,"&#x2798;",67501,1.48145953393283,8.88875720359698,19.2589739411268
"Best","GM0753",2021-01-27,102,100,100,100,97,51,51,2020-12-01,51,2,2,5,-33.3333333333333,"&#x2798;",30196,6.62339382699695,6.62339382699695,16.5584845674924
"Boekel","GM0755",2021-01-27,41,41,40,40,39,35,35,2020-12-01,6,0,1,2,0,"-",10922,0,9.1558322651529,18.3116645303058
"Boxmeer","GM0756",2021-01-27,90,90,89,89,88,56,56,2020-12-01,34,0,1,2,0,"-",29592,0,3.37929170045958,6.75858340091917
"Boxtel","GM0757",2021-01-27,92,92,91,91,86,52,52,2020-12-01,40,0,1,6,-80,"&#x2798;",32675,0,3.06044376434583,18.362662586075
"Breda","GM0758",2021-01-27,469,465,456,454,449,365,365,2020-12-01,104,4,13,20,85.7142857142857,"&#x279A;",184151,2.17213047987793,7.05942405960326,10.8606523993896
"Deurne","GM0762",2021-01-27,124,123,121,119,116,93,93,2020-12-01,31,1,3,8,-40,"&#x2798;",32482,3.07862816329044,9.23588448987131,24.6290253063235
"Pekela","GM0765",2021-01-27,27,27,26,26,23,9,9,2020-12-01,18,0,1,4,-66.6666666666667,"&#x2798;",12163,0,8.22165584148648,32.8866233659459
"Dongen","GM0766",2021-01-27,105,105,105,105,100,66,66,2020-12-01,39,0,0,5,-100,"&#x2798;",26358,0,0,18.9695728052204
"Eersel","GM0770",2021-01-27,85,84,84,84,83,73,73,2020-12-01,12,1,1,2,0,"-",19494,5.12978352313532,5.12978352313532,10.2595670462706
"Eindhoven","GM0772",2021-01-27,693,684,654,651,630,457,457,2020-12-01,236,9,39,63,62.5,"&#x279A;",235728,3.81795968234575,16.5444919568316,26.7257177764203
"Etten-Leur","GM0777",2021-01-27,119,119,118,118,116,100,100,2020-12-01,19,0,1,3,-50,"&#x2798;",43881,0,2.27889063603838,6.83667190811513
"Geertruidenberg","GM0779",2021-01-27,53,53,52,51,48,32,32,2020-12-01,21,0,1,5,-75,"&#x2798;",21792,0,4.58883994126285,22.9441997063142
"Gilze en Rijen","GM0784",2021-01-27,61,61,61,61,60,44,44,2020-12-01,17,0,0,1,-100,"&#x2798;",26806,0,0,3.73050809520257
"Goirle","GM0785",2021-01-27,87,87,84,84,82,65,65,2020-12-01,22,0,3,5,50,"&#x279A;",23939,0,12.5318517899662,20.8864196499436
"Grave","GM0786",2021-01-27,55,55,55,55,54,46,46,2020-12-01,9,0,0,1,-100,"&#x2798;",12429,0,0,8.04569957357792
"Helmond","GM0794",2021-01-27,330,329,316,312,304,245,245,2020-12-01,85,1,14,26,16.6666666666667,"&#x279A;",92614,1.07975036171637,15.1165050640292,28.0735094046256
"'s-Hertogenbosch","GM0796",2021-01-27,396,396,386,384,375,285,285,2020-12-01,111,0,10,21,-9.09090909090909,"&#x2798;",155491,0,6.43124039333466,13.5056048260028
"Heusden","GM0797",2021-01-27,142,142,140,140,136,103,103,2020-12-01,39,0,2,6,-50,"&#x2798;",45008,0,4.44365446142908,13.3309633842872
"Hilvarenbeek","GM0798",2021-01-27,39,39,38,38,38,33,33,2020-12-01,6,0,1,1,100,"&#x279A;",15683,0,6.37633105910859,6.37633105910859
"Loon op Zand","GM0809",2021-01-27,101,101,99,97,95,73,73,2020-12-01,28,0,2,6,-50,"&#x2798;",23497,0,8.5117249010512,25.5351747031536
"Mill en Sint Hubert","GM0815",2021-01-27,32,31,30,30,29,23,23,2020-12-01,9,1,2,3,100,"&#x279A;",11003,9.08843042806507,18.1768608561301,27.2652912841952
"Nuenen, Gerwen en Nederwetten","GM0820",2021-01-27,59,57,56,55,50,40,40,2020-12-01,19,2,3,9,-50,"&#x2798;",23657,8.45415733186795,12.6812359978019,38.0437079934058
"Oirschot","GM0823",2021-01-27,53,53,53,53,53,39,39,2020-12-01,14,0,0,0,0,"-",18838,0,0,0
"Oisterwijk","GM0824",2021-01-27,73,73,71,71,70,51,51,2020-12-01,22,0,2,3,100,"&#x279A;",30700,0,6.51465798045603,9.77198697068404
"Oosterhout","GM0826",2021-01-27,161,160,159,157,157,113,113,2020-12-01,48,1,2,4,0,"-",56184,1.77986615406521,3.55973230813043,7.11946461626086
"Oss","GM0828",2021-01-27,316,316,307,305,300,280,280,2020-12-01,36,0,9,16,28.5714285714286,"&#x279A;",92442,0,9.73583436100474,17.3081499751195
"Rucphen","GM0840",2021-01-27,80,80,76,76,72,49,49,2020-12-01,31,0,4,8,0,"-",23089,0,17.324266966954,34.6485339339079
"Sint-Michielsgestel","GM0845",2021-01-27,83,83,83,83,81,64,64,2020-12-01,19,0,0,2,-100,"&#x2798;",29510,0,0,6.77736360555744
"Someren","GM0847",2021-01-27,56,56,56,55,53,36,36,2020-12-01,20,0,0,3,-100,"&#x2798;",19395,0,0,15.4679040989946
"Son en Breugel","GM0848",2021-01-27,53,53,52,52,52,44,44,2020-12-01,9,0,1,1,100,"&#x279A;",17526,0,5.7058085130663,5.7058085130663
"Steenbergen","GM0851",2021-01-27,73,72,71,71,69,54,54,2020-12-01,19,1,2,4,0,"-",24315,4.11268764137364,8.22537528274728,16.4507505654946
"Waterland","GM0852",2021-01-27,50,49,48,48,46,34,34,2020-12-01,16,1,2,4,0,"-",17325,5.77200577200577,11.5440115440115,23.0880230880231
"Tilburg","GM0855",2021-01-27,795,794,788,784,772,618,618,2020-12-01,177,1,7,23,-56.25,"&#x2798;",221358,0.451756882516105,3.16229817761274,10.3904082978704
"Uden","GM0856",2021-01-27,152,152,152,152,149,136,136,2020-12-01,16,0,0,3,-100,"&#x2798;",42244,0,0,7.10160022725121
"Valkenswaard","GM0858",2021-01-27,80,80,78,78,77,54,54,2020-12-01,26,0,2,3,100,"&#x279A;",31253,0,6.39938565897674,9.59907848846511
"Veldhoven","GM0861",2021-01-27,150,149,144,143,140,99,99,2020-12-01,51,1,6,10,50,"&#x279A;",45562,2.1948114656951,13.1688687941706,21.948114656951
"Vught","GM0865",2021-01-27,95,95,95,95,95,69,69,2020-12-01,26,0,0,0,0,"-",30756,0,0,0
"Waalre","GM0866",2021-01-27,41,41,41,40,39,28,28,2020-12-01,13,0,0,2,-100,"&#x2798;",17519,0,0,11.4161767224157
"Waalwijk","GM0867",2021-01-27,179,179,179,179,176,136,136,2020-12-01,43,0,0,3,-100,"&#x2798;",48826,0,0,6.14426739851718
"Woensdrecht","GM0873",2021-01-27,51,51,48,48,45,36,36,2020-12-01,15,0,3,6,0,"-",22002,0,13.6351240796291,27.2702481592582
"Zundert","GM0879",2021-01-27,60,60,59,59,57,47,47,2020-12-01,13,0,1,3,-50,"&#x2798;",21995,0,4.54648783814503,13.6394635144351
"Wormerland","GM0880",2021-01-27,45,45,44,44,43,37,37,2020-12-01,8,0,1,2,0,"-",16295,0,6.13685179502915,12.2737035900583
"Landgraaf","GM0882",2021-01-27,113,113,109,109,108,77,77,2020-12-01,36,0,4,5,300,"&#x279A;",37325,0,10.7166778298727,13.3958472873409
"Beek","GM0888",2021-01-27,33,33,33,33,33,23,23,2020-12-01,10,0,0,0,0,"-",15872,0,0,0
"Beesel","GM0889",2021-01-27,11,11,11,11,11,9,9,2020-12-01,2,0,0,0,0,"-",13464,0,0,0
"Bergen (L.)","GM0893",2021-01-27,29,29,29,29,25,13,13,2020-12-01,16,0,0,4,-100,"&#x2798;",13111,0,0,30.508733124857
"Brunssum","GM0899",2021-01-27,87,87,86,86,82,60,60,2020-12-01,27,0,1,5,-75,"&#x2798;",27655,0,3.61598264328331,18.0799132164166
"Gennep","GM0907",2021-01-27,45,45,44,44,43,27,27,2020-12-01,18,0,1,2,0,"-",17019,0,5.8757858863623,11.7515717727246
"Heerlen","GM0917",2021-01-27,227,225,224,224,221,170,170,2020-12-01,57,2,3,6,0,"-",86829,2.30337790369577,3.45506685554366,6.91013371108731
"Kerkrade","GM0928",2021-01-27,134,134,130,130,125,98,98,2020-12-01,36,0,4,9,-20,"&#x2798;",45499,0,8.79140200883536,19.7806545198796
"Maastricht","GM0935",2021-01-27,367,364,358,356,346,241,241,2020-12-01,126,3,9,21,-25,"&#x2798;",120379,2.49212902582676,7.47638707748029,17.4449031807873
"Meerssen","GM0938",2021-01-27,42,42,42,42,40,29,29,2020-12-01,13,0,0,2,-100,"&#x2798;",18710,0,0,10.6894708711919
"Mook en Middelaar","GM0944",2021-01-27,22,22,22,22,22,18,18,2020-12-01,4,0,0,0,0,"-",7901,0,0,0
"Nederweert","GM0946",2021-01-27,47,47,47,46,42,29,29,2020-12-01,18,0,0,5,-100,"&#x2798;",17171,0,0,29.1188631995807
"Roermond","GM0957",2021-01-27,161,161,157,157,152,121,121,2020-12-01,40,0,4,9,-20,"&#x2798;",58784,0,6.80457267283615,15.3102885138813
"Simpelveld","GM0965",2021-01-27,30,30,29,29,29,24,24,2020-12-01,6,0,1,1,100,"&#x279A;",10495,0,9.52834683182468,9.52834683182468
"Stein","GM0971",2021-01-27,76,75,74,74,74,61,61,2020-12-01,15,1,2,2,200,"&#x279A;",24876,4.01993889692877,8.03987779385753,8.03987779385753
"Vaals","GM0981",2021-01-27,23,23,23,23,22,14,14,2020-12-01,9,0,0,1,-100,"&#x2798;",10113,0,0,9.88826263225551
"Venlo","GM0983",2021-01-27,30,30,30,30,30,20,20,2020-12-01,10,0,0,0,0,"-",101967,0,0,0
"Venray","GM0984",2021-01-27,40,40,40,40,40,29,29,2020-12-01,11,0,0,0,0,"-",43704,0,0,0
"Voerendaal","GM0986",2021-01-27,28,28,28,28,27,22,22,2020-12-01,6,0,0,1,-100,"&#x2798;",12478,0,0,8.0141048244911
"Weert","GM0988",2021-01-27,144,143,138,138,131,75,75,2020-12-01,69,1,6,13,-14.2857142857143,"&#x2798;",50008,1.99968005119181,11.9980803071509,25.9958406654935
"Valkenburg aan de Geul","GM0994",2021-01-27,31,31,31,31,29,20,20,2020-12-01,11,0,0,2,-100,"&#x2798;",16399,0,0,12.1958656015611
"Lelystad","GM0995",2021-01-27,207,206,206,204,202,147,147,2020-12-01,60,1,1,5,-75,"&#x2798;",79703,1.25465791751879,1.25465791751879,6.27328958759394
"Horst aan de Maas","GM1507",2021-01-27,16,16,14,14,13,10,10,2020-12-01,6,0,2,3,100,"&#x279A;",42464,0,4.70987189148455,7.06480783722683
"Oude IJsselstreek","GM1509",2021-01-27,70,70,70,70,64,47,47,2020-12-01,23,0,0,6,-100,"&#x2798;",39348,0,0,15.2485513876182
"Teylingen","GM1525",2021-01-27,65,65,65,65,61,42,42,2020-12-01,23,0,0,4,-100,"&#x2798;",37761,0,0,10.5929398056196
"Utrechtse Heuvelrug","GM1581",2021-01-27,82,82,82,81,78,53,53,2020-12-01,29,0,0,4,-100,"&#x2798;",49962,0,0,8.00608462431448
"Oost Gelre","GM1586",2021-01-27,66,66,65,65,64,53,53,2020-12-01,13,0,1,2,0,"-",29574,0,3.38134848177453,6.76269696354906
"Koggenland","GM1598",2021-01-27,31,31,29,29,28,19,19,2020-12-01,12,0,2,3,100,"&#x279A;",22932,0,8.72143729286586,13.0821559392988
"Lansingerland","GM1621",2021-01-27,128,128,127,127,127,102,102,2020-12-01,26,0,1,1,100,"&#x279A;",63295,0,1.57990362587882,1.57990362587882
"Leudal","GM1640",2021-01-27,93,93,91,91,89,66,66,2020-12-01,27,0,2,4,0,"-",36027,0,5.55139201154689,11.1027840230938
"Maasgouw","GM1641",2021-01-27,66,65,63,62,60,42,42,2020-12-01,24,1,3,6,0,"-",23976,4.17083750417084,12.5125125125125,25.025025025025
"Gemert-Bakel","GM1652",2021-01-27,116,116,115,115,115,97,97,2020-12-01,19,0,1,1,100,"&#x279A;",30751,0,3.25192676660922,3.25192676660922
"Halderberge","GM1655",2021-01-27,97,96,91,91,87,69,69,2020-12-01,28,1,6,10,50,"&#x279A;",30461,3.28288631364696,19.6973178818818,32.8288631364696
"Heeze-Leende","GM1658",2021-01-27,41,41,40,39,39,29,29,2020-12-01,12,0,1,2,0,"-",16222,0,6.16446800641105,12.3289360128221
"Laarbeek","GM1659",2021-01-27,87,86,82,81,78,64,64,2020-12-01,23,1,5,9,25,"&#x279A;",22787,4.38846710843902,21.9423355421951,39.4962039759512
"Reusel-De Mierden","GM1667",2021-01-27,42,42,41,41,40,35,35,2020-12-01,7,0,1,2,0,"-",13123,0,7.62020879372095,15.2404175874419
"Roerdalen","GM1669",2021-01-27,51,51,49,48,48,40,40,2020-12-01,11,0,2,3,100,"&#x279A;",20612,0,9.70308558121483,14.5546283718222
"Roosendaal","GM1674",2021-01-27,214,213,210,205,197,151,151,2020-12-01,63,1,4,17,-69.2307692307692,"&#x2798;",77256,1.29439784612198,5.17759138448794,22.0047633840737
"Schouwen-Duiveland","GM1676",2021-01-27,35,35,35,34,34,23,23,2020-12-01,12,0,0,1,-100,"&#x2798;",33990,0,0,2.94204177699323
"Aa en Hunze","GM1680",2021-01-27,13,13,12,12,9,5,5,2020-12-01,8,0,1,4,-66.6666666666667,"&#x2798;",25366,0,3.94228494835607,15.7691397934243
"Borger-Odoorn","GM1681",2021-01-27,31,31,31,31,31,13,13,2020-12-01,18,0,0,0,0,"-",25587,0,0,0
"Cuijk","GM1684",2021-01-27,52,52,52,52,51,37,37,2020-12-01,15,0,0,1,-100,"&#x2798;",25373,0,0,3.9411973357506
"Landerd","GM1685",2021-01-27,54,54,54,54,54,48,48,2020-12-01,6,0,0,0,0,"-",15838,0,0,0
"De Wolden","GM1690",2021-01-27,34,34,33,33,31,21,21,2020-12-01,13,0,1,3,-50,"&#x2798;",24374,0,4.10273241979158,12.3081972593747
"Noord-Beveland","GM1695",2021-01-27,5,5,5,5,4,4,4,2020-12-01,1,0,0,1,-100,"&#x2798;",7570,0,0,13.2100396301189
"Wijdemeren","GM1696",2021-01-27,21,20,19,19,18,12,12,2020-12-01,9,1,2,3,100,"&#x279A;",24440,4.09165302782324,8.18330605564648,12.2749590834697
"Noordenveld","GM1699",2021-01-27,17,17,15,15,15,8,8,2020-12-01,9,0,2,2,200,"&#x279A;",31216,0,6.40697078421322,6.40697078421322
"Twenterand","GM1700",2021-01-27,124,124,120,120,114,55,55,2020-12-01,69,0,4,10,-33.3333333333333,"&#x2798;",33696,0,11.8708452041785,29.6771130104463
"Westerveld","GM1701",2021-01-27,16,16,15,15,14,8,8,2020-12-01,8,0,1,2,0,"-",19638,0,5.09216824523882,10.1843364904776
"Sint Anthonis","GM1702",2021-01-27,27,27,26,26,26,22,22,2020-12-01,5,0,1,1,100,"&#x279A;",11687,0,8.55651578677163,8.55651578677163
"Lingewaard","GM1705",2021-01-27,75,74,73,73,72,37,37,2020-12-01,38,1,2,3,100,"&#x279A;",46781,2.13761997392104,4.27523994784207,6.41285992176311
"Cranendonck","GM1706",2021-01-27,74,74,71,71,70,57,57,2020-12-01,17,0,3,4,200,"&#x279A;",21007,0,14.280953967725,19.0412719569667
"Steenwijkerland","GM1708",2021-01-27,44,44,43,43,42,16,16,2020-12-01,28,0,1,2,0,"-",44301,0,2.25728538859168,4.51457077718336
"Moerdijk","GM1709",2021-01-27,89,89,85,85,85,57,57,2020-12-01,32,0,4,4,400,"&#x279A;",37193,0,10.7547119081548,10.7547119081548
"Echt-Susteren","GM1711",2021-01-27,82,82,81,79,77,59,59,2020-12-01,23,0,1,5,-75,"&#x2798;",31751,0,3.14950710213852,15.7475355106926
"Sluis","GM1714",2021-01-27,42,42,41,41,40,22,22,2020-12-01,20,0,1,2,0,"-",23143,0,4.32096098172233,8.64192196344467
"Drimmelen","GM1719",2021-01-27,70,70,69,67,66,43,43,2020-12-01,27,0,1,4,-66.6666666666667,"&#x2798;",27334,0,3.65844735494256,14.6337894197703
"Bernheze","GM1721",2021-01-27,126,126,126,126,125,116,116,2020-12-01,10,0,0,1,-100,"&#x2798;",31398,0,0,3.18491623670297
"Alphen-Chaam","GM1723",2021-01-27,40,40,40,40,40,38,38,2020-12-01,2,0,0,0,0,"-",10362,0,0,0
"Bergeijk","GM1724",2021-01-27,66,66,64,63,62,52,52,2020-12-01,14,0,2,4,0,"-",18745,0,10.669511869832,21.3390237396639
"Bladel","GM1728",2021-01-27,73,71,67,67,65,52,52,2020-12-01,21,2,6,8,200,"&#x279A;",20552,9.73141300116777,29.1942390035033,38.9256520046711
"Gulpen-Wittem","GM1729",2021-01-27,37,37,36,36,35,28,28,2020-12-01,9,0,1,2,0,"-",14184,0,7.05019740552736,14.1003948110547
"Tynaarlo","GM1730",2021-01-27,24,24,22,21,19,11,11,2020-12-01,13,0,2,5,-33.3333333333333,"&#x2798;",33927,0,5.89500987414154,14.7375246853538
"Midden-Drenthe","GM1731",2021-01-27,39,39,36,36,33,14,14,2020-12-01,25,0,3,6,0,"-",33357,0,8.99361453368109,17.9872290673622
"Overbetuwe","GM1734",2021-01-27,68,68,67,67,67,51,51,2020-12-01,17,0,1,1,100,"&#x279A;",48147,0,2.07697260473134,2.07697260473134
"Hof van Twente","GM1735",2021-01-27,87,86,84,83,82,58,58,2020-12-01,29,1,3,5,50,"&#x279A;",35037,2.85412563861061,8.56237691583184,14.2706281930531
"Neder-Betuwe","GM1740",2021-01-27,91,90,89,89,88,64,64,2020-12-01,27,1,2,3,100,"&#x279A;",24634,4.05943005602013,8.11886011204027,12.1782901680604
"Rijssen-Holten","GM1742",2021-01-27,106,106,101,101,96,60,60,2020-12-01,46,0,5,10,0,"-",38182,0,13.0951757372584,26.1903514745168
"Geldrop-Mierlo","GM1771",2021-01-27,135,134,130,128,122,85,85,2020-12-01,50,1,5,13,-37.5,"&#x2798;",40097,2.49395216599746,12.4697608299873,32.4213781579669
"Olst-Wijhe","GM1773",2021-01-27,17,17,17,17,17,12,12,2020-12-01,5,0,0,0,0,"-",18348,0,0,0
"Dinkelland","GM1774",2021-01-27,71,70,69,68,66,48,48,2020-12-01,23,1,2,5,-33.3333333333333,"&#x2798;",26616,3.75713856327021,7.51427712654043,18.7856928163511
"Westland","GM1783",2021-01-27,275,274,269,267,260,177,177,2020-12-01,98,1,6,15,-33.3333333333333,"&#x2798;",111342,0.898133678216666,5.3888020693,13.47200517325
"Midden-Delfland","GM1842",2021-01-27,45,45,45,45,44,28,28,2020-12-01,17,0,0,1,-100,"&#x2798;",19378,0,0,5.16049127876974
"Berkelland","GM1859",2021-01-27,82,82,79,79,78,62,62,2020-12-01,20,0,3,4,200,"&#x279A;",43821,0,6.84603272403642,9.12804363204856
"Bronckhorst","GM1876",2021-01-27,67,68,67,67,65,47,47,2020-12-01,20,-1,0,2,-100,"&#x2798;",36103,-2.7698529208099,0,5.53970584161981
"Sittard-Geleen","GM1883",2021-01-27,225,223,221,221,216,168,168,2020-12-01,57,2,4,9,-20,"&#x2798;",91781,2.17910024950698,4.35820049901396,9.8059511227814
"Kaag en Braassem","GM1884",2021-01-27,47,47,47,47,46,26,26,2020-12-01,21,0,0,1,-100,"&#x2798;",27547,0,0,3.63015936399608
"Dantumadiel","GM1891",2021-01-27,19,19,18,18,16,3,3,2020-12-01,16,0,1,3,-50,"&#x2798;",18927,0,5.28345749458446,15.8503724837534
"Zuidplas","GM1892",2021-01-27,127,126,114,111,98,67,67,2020-12-01,60,1,13,29,-18.75,"&#x2798;",45015,2.22148172831278,28.8792624680662,64.4229701210707
"Peel en Maas","GM1894",2021-01-27,39,39,39,38,38,34,34,2020-12-01,5,0,0,1,-100,"&#x2798;",43695,0,0,2.28859137201053
"Oldambt","GM1895",2021-01-27,72,72,66,65,56,21,21,2020-12-01,51,0,6,16,-40,"&#x2798;",38281,0,15.6735717457747,41.7961913220658
"Zwartewaterland","GM1896",2021-01-27,29,29,29,29,27,18,18,2020-12-01,11,0,0,2,-100,"&#x2798;",22797,0,0,8.77308417774269
"Súdwest-Fryslân","GM1900",2021-01-27,88,88,85,84,82,46,46,2020-12-01,42,0,3,6,0,"-",89930,0,3.33592794395641,6.67185588791282
"Bodegraven-Reeuwijk","GM1901",2021-01-27,83,83,79,79,73,52,52,2020-12-01,31,0,4,10,-33.3333333333333,"&#x2798;",35288,0,11.3352981183405,28.3382452958513
"Eijsden-Margraten","GM1903",2021-01-27,81,81,81,81,80,64,64,2020-12-01,17,0,0,1,-100,"&#x2798;",25903,0,0,3.86055669227503
"Stichtse Vecht","GM1904",2021-01-27,152,151,149,149,148,106,106,2020-12-01,46,1,3,4,200,"&#x279A;",65142,1.53510791808664,4.60532375425993,6.14043167234657
"Hollands Kroon","GM1911",2021-01-27,84,83,77,76,73,40,40,2020-12-01,44,1,7,11,75,"&#x279A;",48532,2.06049616747713,14.4234731723399,22.6654578422484
"Leidschendam-Voorburg","GM1916",2021-01-27,157,157,151,151,144,105,105,2020-12-01,52,0,6,13,-14.2857142857143,"&#x2798;",76451,0,7.84816418359472,17.0043557311219
"Goeree-Overflakkee","GM1924",2021-01-27,160,160,156,155,145,108,108,2020-12-01,52,0,4,15,-63.6363636363636,"&#x2798;",50567,0,7.9102972294184,29.663614610319
"Pijnacker-Nootdorp","GM1926",2021-01-27,85,85,84,84,81,70,70,2020-12-01,15,0,1,4,-66.6666666666667,"&#x2798;",55592,0,1.79881997409699,7.19527989638797
"Nissewaard","GM1930",2021-01-27,252,250,243,243,235,172,172,2020-12-01,80,2,9,17,12.5,"&#x279A;",85302,2.34461091181918,10.5507491031863,19.9291927504631
"Krimpenerwaard","GM1931",2021-01-27,164,163,158,158,151,115,115,2020-12-01,49,1,6,13,-14.2857142857143,"&#x2798;",56559,1.76806520624481,10.6083912374688,22.9848476811825
"De Fryske Marren","GM1940",2021-01-27,54,54,52,52,50,33,33,2020-12-01,21,0,2,4,0,"-",51735,0,3.86585483715087,7.73170967430173
"Gooise Meren","GM1942",2021-01-27,51,50,49,48,44,24,24,2020-12-01,27,1,2,7,-60,"&#x2798;",58466,1.71039578558478,3.42079157116957,11.9727704990935
"Berg en Dal","GM1945",2021-01-27,99,99,99,99,99,79,79,2020-12-01,20,0,0,0,0,"-",35015,0,0,0
"Meierijstad","GM1948",2021-01-27,338,338,335,335,332,299,299,2020-12-01,39,0,3,6,0,"-",81653,0,3.67408423450455,7.3481684690091
"Waadhoeke","GM1949",2021-01-27,35,35,35,34,34,14,14,2020-12-01,21,0,0,1,-100,"&#x2798;",46082,0,0,2.17004470292088
"Westerwolde","GM1950",2021-01-27,40,40,38,38,31,19,19,2020-12-01,21,0,2,9,-71.4285714285714,"&#x2798;",26284,0,7.60919190381981,34.2413635671892
"Midden-Groningen","GM1952",2021-01-27,89,89,85,85,82,42,42,2020-12-01,47,0,4,7,33.3333333333333,"&#x279A;",60745,0,6.58490410733394,11.5235821878344
"Beekdaelen","GM1954",2021-01-27,92,92,92,91,90,68,68,2020-12-01,24,0,0,2,-100,"&#x2798;",36073,0,0,5.54431292102126
"Montferland","GM1955",2021-01-27,60,60,59,58,57,42,42,2020-12-01,18,0,1,3,-50,"&#x2798;",36062,0,2.77300205202152,8.31900615606456
"Altena","GM1959",2021-01-27,168,168,163,162,161,99,99,2020-12-01,69,0,5,7,150,"&#x279A;",56308,0,8.87973289763444,12.4316260566882
"West Betuwe","GM1960",2021-01-27,155,155,153,152,148,114,114,2020-12-01,41,0,2,7,-60,"&#x2798;",51489,0,3.88432480724038,13.5951368253413
"Vijfheerenlanden","GM1961",2021-01-27,129,129,125,124,120,90,90,2020-12-01,39,0,4,9,-20,"&#x2798;",57786,0,6.92209185615893,15.5747066763576
"Hoeksche Waard","GM1963",2021-01-27,208,206,203,203,198,150,150,2020-12-01,58,2,5,10,0,"-",87963,2.273683253186,5.684208132965,11.36841626593
"Het Hogeland","GM1966",2021-01-27,33,33,32,32,29,13,13,2020-12-01,20,0,1,4,-66.6666666666667,"&#x2798;",47859,0,2.08947115485071,8.35788461940283
"Westerkwartier","GM1969",2021-01-27,69,69,68,68,64,39,39,2020-12-01,30,0,1,5,-75,"&#x2798;",63603,0,1.5722528811534,7.86126440576702
"Noardeast-Fryslân","GM1970",2021-01-27,61,61,58,58,48,14,14,2020-12-01,47,0,3,13,-70,"&#x2798;",45479,0,6.59645110930319,28.5846214736472
"Molenlanden","GM1978",2021-01-27,90,89,85,85,84,60,60,2020-12-01,30,1,5,6,400,"&#x279A;",44105,2.26731663076749,11.3365831538374,13.6038997846049
"Eemsdelta","GM1979",2021-01-27,79,79,75,75,72,25,25,2020-12-01,54,0,4,7,33.3333333333333,"&#x279A;",45606,0,8.77077577511731,15.3488576064553
