"municipality","Municipality_code","date","d0","d1","d7","d8","d14","lowest_since_dec1","lowest_since_dec1_date","current","increase_1d","increase_7d","increase_14d","increase_growth","growth","population","rel_increase_1d","rel_increase_7d","rel_increase_14d"
"Netherlands","",2021-01-01,20154,20077,19499,19412,18864,17677,2020-12-01,2477,77,655,1290,3.14960629921259,"-",17443797,0.441417656947051,3.75491643247167,7.39517892807397
"Unknown","",2021-01-01,113,113,110,110,109,107,2020-12-02,6,0,3,4,200,"➚",NA,NA,NA,NA
"Appingedam","GM0003",2021-01-01,9,9,9,9,9,8,2020-12-01,1,0,0,0,0,"-",11524,0,0,0
"Delfzijl","GM0010",2021-01-01,13,12,11,11,9,9,2020-12-01,4,1,2,4,0,"-",24590,4.06669377795852,8.13338755591704,16.2667751118341
"Groningen","GM0014",2021-01-01,52,51,51,50,42,36,2020-12-01,16,1,1,10,-88.8888888888889,"➘",233441,0.428373764677156,0.428373764677156,4.28373764677156
"Loppersum","GM0024",2021-01-01,2,2,2,2,2,1,2020-12-01,1,0,0,0,0,"-",9476,0,0,0
"Almere","GM0034",2021-01-01,219,216,209,207,196,182,2020-12-01,37,3,10,23,-23.0769230769231,"➘",214339,1.3996519532143,4.66550651071434,10.730664974643
"Stadskanaal","GM0037",2021-01-01,15,15,12,12,12,9,2020-12-01,6,0,3,3,300,"➚",31679,0,9.46999589633511,9.46999589633511
"Veendam","GM0047",2021-01-01,4,4,4,4,4,4,2020-12-01,0,0,0,0,0,"-",27395,0,0,0
"Zeewolde","GM0050",2021-01-01,17,17,16,16,16,15,2020-12-01,2,0,1,1,100,"➚",22767,0,4.39232222075811,4.39232222075811
"Achtkarspelen","GM0059",2021-01-01,2,2,2,2,1,0,2020-12-01,2,0,0,1,-100,"➘",27880,0,0,3.58680057388809
"Ameland","GM0060",2021-01-01,0,0,0,0,0,0,2020-12-01,0,0,0,0,0,"-",3759,0,0,0
"Harlingen","GM0072",2021-01-01,5,5,5,5,5,5,2020-12-01,0,0,0,0,0,"-",15830,0,0,0
"Heerenveen","GM0074",2021-01-01,19,19,17,17,17,17,2020-12-01,2,0,2,2,200,"➚",50603,0,3.9523348418078,3.9523348418078
"Leeuwarden","GM0080",2021-01-01,57,57,55,54,54,52,2020-12-01,5,0,2,3,100,"➚",124427,0,1.60736817571749,2.41105226357623
"Ooststellingwerf","GM0085",2021-01-01,10,10,10,10,9,7,2020-12-01,3,0,0,1,-100,"➘",25398,0,0,3.93731789904717
"Opsterland","GM0086",2021-01-01,15,15,14,14,14,11,2020-12-01,4,0,1,1,100,"➚",29815,0,3.35401643468053,3.35401643468053
"Schiermonnikoog","GM0088",2021-01-01,1,1,1,1,1,1,2020-12-01,0,0,0,0,0,"-",938,0,0,0
"Smallingerland","GM0090",2021-01-01,16,16,16,16,16,14,2020-12-01,2,0,0,0,0,"-",56069,0,0,0
"Terschelling","GM0093",2021-01-01,1,1,1,1,1,1,2020-12-01,0,0,0,0,0,"-",4887,0,0,0
"Vlieland","GM0096",2021-01-01,0,0,0,0,0,0,2020-12-01,0,0,0,0,0,"-",1199,0,0,0
"Weststellingwerf","GM0098",2021-01-01,6,6,6,6,5,5,2020-12-01,1,0,0,1,-100,"➘",26094,0,0,3.8322986127079
"Assen","GM0106",2021-01-01,30,30,30,30,28,22,2020-12-01,8,0,0,2,-100,"➘",68808,0,0,2.90663876293454
"Coevorden","GM0109",2021-01-01,28,27,27,26,26,21,2020-12-01,7,1,1,2,0,"-",35306,2.83237976547896,2.83237976547896,5.66475953095791
"Emmen","GM0114",2021-01-01,65,65,63,62,62,56,2020-12-01,9,0,2,3,100,"➚",107019,0,1.86882703071417,2.80324054607126
"Hoogeveen","GM0118",2021-01-01,42,42,37,37,37,33,2020-12-01,9,0,5,5,500,"➚",55562,0,8.99895612108995,8.99895612108995
"Meppel","GM0119",2021-01-01,15,15,14,14,14,13,2020-12-01,2,0,1,1,100,"➚",34291,0,2.91621708319967,2.91621708319967
"Almelo","GM0141",2021-01-01,54,54,53,52,47,42,2020-12-01,12,0,1,7,-83.3333333333333,"➘",73184,0,1.36641888937473,9.56493222562309
"Borne","GM0147",2021-01-01,22,22,21,21,19,16,2020-12-01,6,0,1,3,-50,"➘",23592,0,4.23872499152255,12.7161749745677
"Dalfsen","GM0148",2021-01-01,19,19,18,18,18,18,2020-12-01,1,0,1,1,100,"➚",28925,0,3.45721694036301,3.45721694036301
"Deventer","GM0150",2021-01-01,69,68,65,65,62,55,2020-12-01,14,1,4,7,33.3333333333333,"➚",101081,0.989305606394871,3.95722242557949,6.9251392447641
"Enschede","GM0153",2021-01-01,137,135,124,124,117,99,2020-12-01,38,2,13,20,85.7142857142857,"➚",159916,1.25065659471222,8.12926786562945,12.5065659471222
"Haaksbergen","GM0158",2021-01-01,24,24,24,23,22,22,2020-12-01,2,0,0,2,-100,"➘",24265,0,0,8.2423243354626
"Hardenberg","GM0160",2021-01-01,39,38,35,34,33,30,2020-12-01,9,1,4,6,100,"➚",61249,1.63267971721987,6.53071886887949,9.79607830331924
"Hellendoorn","GM0163",2021-01-01,18,17,17,17,17,15,2020-12-01,3,1,1,1,100,"➚",35930,2.78318953520735,2.78318953520735,2.78318953520735
"Hengelo","GM0164",2021-01-01,55,55,52,52,51,45,2020-12-01,10,0,3,4,200,"➚",81138,0,3.69740442209569,4.92987256279425
"Kampen","GM0166",2021-01-01,68,68,68,68,67,66,2020-12-01,2,0,0,1,-100,"➘",54423,0,0,1.83745842750308
"Losser","GM0168",2021-01-01,26,26,23,22,20,14,2020-12-01,12,0,3,6,0,"-",22852,0,13.1279537896027,26.2559075792053
"Noordoostpolder","GM0171",2021-01-01,26,26,26,26,26,23,2020-12-01,3,0,0,0,0,"-",47537,0,0,0
"Oldenzaal","GM0173",2021-01-01,35,35,34,33,29,25,2020-12-01,10,0,1,6,-80,"➘",31728,0,3.15179021684317,18.910741301059
"Ommen","GM0175",2021-01-01,11,11,10,10,10,9,2020-12-01,2,0,1,1,100,"➚",18264,0,5.47525186158563,5.47525186158563
"Raalte","GM0177",2021-01-01,27,27,27,27,27,27,2020-12-01,0,0,0,0,0,"-",37859,0,0,0
"Staphorst","GM0180",2021-01-01,12,12,11,11,11,11,2020-12-01,1,0,1,1,100,"➚",17259,0,5.79407845182224,5.79407845182224
"Tubbergen","GM0183",2021-01-01,16,16,15,15,15,13,2020-12-01,3,0,1,1,100,"➚",21323,0,4.68977160812268,4.68977160812268
"Urk","GM0184",2021-01-01,40,40,40,39,38,32,2020-12-01,8,0,0,2,-100,"➘",21184,0,0,9.44108761329305
"Wierden","GM0189",2021-01-01,11,11,11,11,11,9,2020-12-01,2,0,0,0,0,"-",24540,0,0,0
"Zwolle","GM0193",2021-01-01,66,66,65,64,64,62,2020-12-01,4,0,1,2,0,"-",129561,0,0.771837204096912,1.54367440819382
"Aalten","GM0197",2021-01-01,17,17,17,16,14,14,2020-12-01,3,0,0,3,-100,"➘",27128,0,0,11.05868475376
"Apeldoorn","GM0200",2021-01-01,148,148,143,143,139,133,2020-12-01,15,0,5,9,25,"➚",164609,0,3.03750098718782,5.46750177693808
"Arnhem","GM0202",2021-01-01,134,132,127,127,120,114,2020-12-01,20,2,7,14,0,"-",162299,1.23229348301592,4.3130271905557,8.62605438111141
"Barneveld","GM0203",2021-01-01,32,32,32,32,32,31,2020-12-01,1,0,0,0,0,"-",59846,0,0,0
"Beuningen","GM0209",2021-01-01,25,25,24,24,24,24,2020-12-01,1,0,1,1,100,"➚",26156,0,3.82321455880104,3.82321455880104
"Brummen","GM0213",2021-01-01,25,25,24,24,23,22,2020-12-01,3,0,1,2,0,"-",20854,0,4.79524311882613,9.59048623765225
"Buren","GM0214",2021-01-01,29,29,29,29,27,27,2020-12-01,2,0,0,2,-100,"➘",26992,0,0,7.40960284528749
"Culemborg","GM0216",2021-01-01,35,35,35,35,34,33,2020-12-01,2,0,0,1,-100,"➘",29103,0,0,3.43607188262378
"Doesburg","GM0221",2021-01-01,15,15,14,14,13,11,2020-12-01,4,0,1,2,0,"-",11028,0,9.06782734856728,18.1356546971346
"Doetinchem","GM0222",2021-01-01,45,45,44,44,42,40,2020-12-01,5,0,1,3,-50,"➘",58220,0,1.71762281003092,5.15286843009275
"Druten","GM0225",2021-01-01,32,32,31,31,31,29,2020-12-01,3,0,1,1,100,"➚",18972,0,5.27092557453089,5.27092557453089
"Duiven","GM0226",2021-01-01,22,22,20,20,18,18,2020-12-01,4,0,2,4,0,"-",25079,0,7.97479963315922,15.9495992663184
"Ede","GM0228",2021-01-01,103,101,101,101,96,86,2020-12-01,17,2,2,7,-60,"➘",118461,1.68831936249061,1.68831936249061,5.90911776871713
"Elburg","GM0230",2021-01-01,32,32,32,32,31,31,2020-12-01,1,0,0,1,-100,"➘",23394,0,0,4.27460032486962
"Epe","GM0232",2021-01-01,62,62,59,59,58,54,2020-12-01,8,0,3,4,200,"➚",33179,0,9.04186382953073,12.0558184393743
"Ermelo","GM0233",2021-01-01,34,34,33,33,33,33,2020-12-01,1,0,1,1,100,"➚",27028,0,3.69986680479503,3.69986680479503
"Harderwijk","GM0243",2021-01-01,60,60,58,58,56,54,2020-12-01,6,0,2,4,0,"-",48637,0,4.11209572958859,8.22419145917717
"Hattem","GM0244",2021-01-01,19,19,19,19,19,18,2020-12-01,1,0,0,0,0,"-",12227,0,0,0
"Heerde","GM0246",2021-01-01,55,55,55,55,55,55,2020-12-01,0,0,0,0,0,"-",18749,0,0,0
"Heumen","GM0252",2021-01-01,24,24,23,23,22,20,2020-12-01,4,0,1,2,0,"-",16584,0,6.02990834539315,12.0598166907863
"Lochem","GM0262",2021-01-01,26,26,25,24,23,22,2020-12-01,4,0,1,3,-50,"➘",33869,0,2.95255248162036,8.85765744486108
"Maasdriel","GM0263",2021-01-01,28,28,28,28,26,26,2020-12-01,2,0,0,2,-100,"➘",25442,0,0,7.8610172156277
"Nijkerk","GM0267",2021-01-01,37,37,36,35,34,33,2020-12-01,4,0,1,3,-50,"➘",43527,0,2.29742458703793,6.89227376111379
"Nijmegen","GM0268",2021-01-01,211,211,207,207,201,197,2020-12-01,14,0,4,10,-33.3333333333333,"➘",177489,0,2.25366079024616,5.63415197561539
"Oldebroek","GM0269",2021-01-01,43,43,43,43,42,40,2020-12-01,3,0,0,1,-100,"➘",23715,0,0,4.21674045962471
"Putten","GM0273",2021-01-01,16,16,13,13,13,13,2020-12-01,3,0,3,3,300,"➚",24387,0,12.3016361176036,12.3016361176036
"Renkum","GM0274",2021-01-01,25,25,22,22,22,20,2020-12-01,5,0,3,3,300,"➚",31398,0,9.55474871010892,9.55474871010892
"Rheden","GM0275",2021-01-01,43,43,43,43,41,39,2020-12-01,4,0,0,2,-100,"➘",43649,0,0,4.58200646062911
"Rozendaal","GM0277",2021-01-01,1,1,1,1,1,1,2020-12-01,0,0,0,0,0,"-",1719,0,0,0
"Scherpenzeel","GM0279",2021-01-01,5,5,5,5,5,5,2020-12-01,0,0,0,0,0,"-",10095,0,0,0
"Tiel","GM0281",2021-01-01,67,66,66,65,65,58,2020-12-01,9,1,1,2,0,"-",41907,2.38623618965805,2.38623618965805,4.7724723793161
"Voorst","GM0285",2021-01-01,23,23,22,22,20,18,2020-12-01,5,0,1,3,-50,"➘",24720,0,4.0453074433657,12.1359223300971
"Wageningen","GM0289",2021-01-01,30,30,30,30,30,30,2020-12-01,0,0,0,0,0,"-",39770,0,0,0
"Westervoort","GM0293",2021-01-01,18,18,17,16,16,13,2020-12-01,5,0,1,2,0,"-",15008,0,6.66311300639659,13.3262260127932
"Winterswijk","GM0294",2021-01-01,13,13,13,13,13,12,2020-12-01,1,0,0,0,0,"-",28937,0,0,0
"Wijchen","GM0296",2021-01-01,65,65,61,61,61,59,2020-12-01,6,0,4,4,400,"➚",41239,0,9.69955624530178,9.69955624530178
"Zaltbommel","GM0297",2021-01-01,28,28,26,26,26,26,2020-12-01,2,0,2,2,200,"➚",29418,0,6.79855870555442,6.79855870555442
"Zevenaar","GM0299",2021-01-01,67,65,63,62,61,60,2020-12-01,7,2,4,6,100,"➚",44098,4.53535307723706,9.07070615447413,13.6060592317112
"Zutphen","GM0301",2021-01-01,44,44,42,42,41,38,2020-12-01,6,0,2,3,100,"➚",48130,0,4.15541242468315,6.23311863702472
"Nunspeet","GM0302",2021-01-01,69,69,69,69,68,64,2020-12-05,5,0,0,1,-100,"➘",28011,0,0,3.57002606119025
"Dronten","GM0303",2021-01-01,50,50,50,50,47,43,2020-12-01,7,0,0,3,-100,"➘",41907,0,0,7.15870856897416
"Amersfoort","GM0307",2021-01-01,158,156,151,150,142,123,2020-12-01,35,2,7,16,-22.2222222222222,"➘",157613,1.26893086230197,4.44125801805689,10.1514468984157
"Baarn","GM0308",2021-01-01,27,27,26,26,25,23,2020-12-01,4,0,1,2,0,"-",24841,0,4.0256028340244,8.05120566804879
"De Bilt","GM0310",2021-01-01,42,42,41,41,40,38,2020-12-01,4,0,1,2,0,"-",43372,0,2.30563497187125,4.61126994374251
"Bunnik","GM0312",2021-01-01,16,16,16,16,16,15,2020-12-01,1,0,0,0,0,"-",15352,0,0,0
"Bunschoten","GM0313",2021-01-01,39,39,38,38,38,28,2020-12-01,11,0,1,1,100,"➚",22030,0,4.53926463912846,4.53926463912846
"Eemnes","GM0317",2021-01-01,8,8,7,7,7,5,2020-12-01,3,0,1,1,100,"➚",9370,0,10.6723585912487,10.6723585912487
"Houten","GM0321",2021-01-01,46,45,44,44,44,43,2020-12-01,3,1,2,2,200,"➚",50236,1.99060434747989,3.98120869495979,3.98120869495979
"Leusden","GM0327",2021-01-01,21,21,19,18,18,16,2020-12-01,5,0,2,3,100,"➚",30509,0,6.55544265626536,9.83316398439805
"Lopik","GM0331",2021-01-01,25,25,25,25,25,25,2020-12-01,0,0,0,0,0,"-",14434,0,0,0
"Montfoort","GM0335",2021-01-01,17,17,16,16,16,16,2020-12-01,1,0,1,1,100,"➚",13901,0,7.19372706999496,7.19372706999496
"Renswoude","GM0339",2021-01-01,5,5,5,5,5,5,2020-12-01,0,0,0,0,0,"-",5533,0,0,0
"Rhenen","GM0340",2021-01-01,20,20,20,19,15,14,2020-12-01,6,0,0,5,-100,"➘",20170,0,0,24.7892910262766
"Soest","GM0342",2021-01-01,50,50,50,49,47,43,2020-12-01,7,0,0,3,-100,"➘",46905,0,0,6.39590661976335
"Utrecht","GM0344",2021-01-01,489,486,478,477,473,442,2020-12-01,47,3,11,16,120,"➚",359481,0.834536456725112,3.05996700799208,4.45086110253393
"Veenendaal","GM0345",2021-01-01,87,86,84,84,79,71,2020-12-01,16,1,3,8,-40,"➘",66905,1.49465660264554,4.48396980793663,11.9572528211643
"Woudenberg","GM0351",2021-01-01,13,13,12,12,11,11,2020-12-01,2,0,1,2,0,"-",13602,0,7.35186002058521,14.7037200411704
"Wijk bij Duurstede","GM0352",2021-01-01,15,15,15,15,15,14,2020-12-01,1,0,0,0,0,"-",23932,0,0,0
"IJsselstein","GM0353",2021-01-01,57,56,53,53,52,51,2020-12-01,6,1,4,5,300,"➚",33901,2.94976549364326,11.799061974573,14.7488274682163
"Zeist","GM0355",2021-01-01,57,57,55,55,54,50,2020-12-01,7,0,2,3,100,"➚",64980,0,3.07787011388119,4.61680517082179
"Nieuwegein","GM0356",2021-01-01,75,75,75,73,70,65,2020-12-01,10,0,0,5,-100,"➘",63821,0,0,7.83441187070087
"Aalsmeer","GM0358",2021-01-01,19,19,19,19,19,17,2020-12-01,2,0,0,0,0,"-",31958,0,0,0
"Alkmaar","GM0361",2021-01-01,90,89,88,88,83,80,2020-12-01,10,1,2,7,-60,"➘",109809,0.910672167126556,1.82134433425311,6.37470516988589
"Amstelveen","GM0362",2021-01-01,94,94,93,93,90,86,2020-12-01,8,0,1,4,-66.6666666666667,"➘",90965,0,1.09932391579179,4.39729566316715
"Amsterdam","GM0363",2021-01-01,1351,1349,1309,1303,1257,1190,2020-12-01,161,2,42,94,-19.2307692307692,"➘",872939,0.229111083363213,4.81133275062748,10.768220918071
"Beemster","GM0370",2021-01-01,5,5,5,5,4,4,2020-12-01,1,0,0,1,-100,"➘",10062,0,0,9.93838203140529
"Bergen (NH.)","GM0373",2021-01-01,28,28,27,27,27,25,2020-12-01,3,0,1,1,100,"➚",29674,0,3.36995349464177,3.36995349464177
"Beverwijk","GM0375",2021-01-01,25,25,25,25,25,23,2020-12-01,2,0,0,0,0,"-",41803,0,0,0
"Blaricum","GM0376",2021-01-01,8,8,8,8,8,8,2020-12-01,0,0,0,0,0,"-",11885,0,0,0
"Bloemendaal","GM0377",2021-01-01,11,11,10,10,10,10,2020-12-01,1,0,1,1,100,"➚",23526,0,4.25061633936921,4.25061633936921
"Castricum","GM0383",2021-01-01,18,18,18,18,18,18,2020-12-01,0,0,0,0,0,"-",36198,0,0,0
"Diemen","GM0384",2021-01-01,35,34,31,30,30,28,2020-12-01,7,1,4,5,300,"➚",31263,3.19866935354892,12.7946774141957,15.9933467677446
"Edam-Volendam","GM0385",2021-01-01,63,63,59,59,57,54,2020-12-01,9,0,4,6,100,"➚",36239,0,11.0378321697619,16.5567482546428
"Enkhuizen","GM0388",2021-01-01,24,24,24,24,21,20,2020-12-01,4,0,0,3,-100,"➘",18640,0,0,16.0944206008584
"Haarlem","GM0392",2021-01-01,147,147,145,145,137,126,2020-12-01,21,0,2,10,-75,"➘",162773,0,1.22870500635855,6.14352503179274
"Haarlemmermeer","GM0394",2021-01-01,129,127,124,123,121,114,2020-12-01,15,2,5,8,66.6666666666667,"➚",157715,1.26811019877627,3.17027549694068,5.07244079510509
"Heemskerk","GM0396",2021-01-01,45,45,42,42,42,40,2020-12-01,5,0,3,3,300,"➚",39207,0,7.65169485040937,7.65169485040937
"Heemstede","GM0397",2021-01-01,21,21,21,21,21,18,2020-12-01,3,0,0,0,0,"-",27474,0,0,0
"Heerhugowaard","GM0398",2021-01-01,38,38,36,36,36,33,2020-12-01,5,0,2,2,200,"➚",58156,0,3.43902606781759,3.43902606781759
"Heiloo","GM0399",2021-01-01,15,15,15,15,15,14,2020-12-01,1,0,0,0,0,"-",24095,0,0,0
"Den Helder","GM0400",2021-01-01,28,27,23,23,23,19,2020-12-01,9,1,5,5,500,"➚",56506,1.76972356917849,8.84861784589247,8.84861784589247
"Hilversum","GM0402",2021-01-01,54,53,52,52,49,48,2020-12-01,6,1,2,5,-33.3333333333333,"➘",91233,1.09609461488716,2.19218922977431,5.48047307443579
"Hoorn","GM0405",2021-01-01,54,54,55,55,51,48,2020-12-01,6,0,-1,3,-125,"➘",73552,0,-1.35958233630629,4.07874700891886
"Huizen","GM0406",2021-01-01,41,41,41,40,38,37,2020-12-01,4,0,0,3,-100,"➘",41146,0,0,7.29110970689739
"Landsmeer","GM0415",2021-01-01,8,8,7,7,7,6,2020-12-01,2,0,1,1,100,"➚",11578,0,8.63707030575229,8.63707030575229
"Langedijk","GM0416",2021-01-01,23,23,23,23,23,22,2020-12-01,1,0,0,0,0,"-",28327,0,0,0
"Laren","GM0417",2021-01-01,12,12,12,12,12,10,2020-12-01,2,0,0,0,0,"-",11406,0,0,0
"Medemblik","GM0420",2021-01-01,27,27,24,24,23,22,2020-12-01,5,0,3,4,200,"➚",45116,0,6.64952566716908,8.8660342228921
"Oostzaan","GM0431",2021-01-01,13,13,13,13,13,13,2020-12-01,0,0,0,0,0,"-",9668,0,0,0
"Opmeer","GM0432",2021-01-01,3,3,3,3,3,3,2020-12-01,0,0,0,0,0,"-",11995,0,0,0
"Ouder-Amstel","GM0437",2021-01-01,8,8,8,8,8,8,2020-12-01,0,0,0,0,0,"-",14146,0,0,0
"Purmerend","GM0439",2021-01-01,107,107,103,103,103,95,2020-12-01,12,0,4,4,400,"➚",81735,0,4.89386431761179,4.89386431761179
"Schagen","GM0441",2021-01-01,28,28,27,27,25,24,2020-12-01,4,0,1,3,-50,"➘",46517,0,2.14975170367823,6.44925511103467
"Texel","GM0448",2021-01-01,6,6,6,6,6,6,2020-12-01,0,0,0,0,0,"-",13651,0,0,0
"Uitgeest","GM0450",2021-01-01,8,8,8,8,8,7,2020-12-01,1,0,0,0,0,"-",13661,0,0,0
"Uithoorn","GM0451",2021-01-01,27,27,27,27,27,26,2020-12-01,1,0,0,0,0,"-",30051,0,0,0
"Velsen","GM0453",2021-01-01,67,67,66,66,62,55,2020-12-01,12,0,1,5,-75,"➘",68758,0,1.45437621804008,7.27188109020041
"Weesp","GM0457",2021-01-01,13,12,12,12,12,11,2020-12-01,2,1,1,1,100,"➚",20466,4.88615264340858,4.88615264340858,4.88615264340858
"Zandvoort","GM0473",2021-01-01,15,15,15,15,15,15,2020-12-01,0,0,0,0,0,"-",17149,0,0,0
"Zaanstad","GM0479",2021-01-01,226,225,219,218,211,193,2020-12-01,33,1,7,15,-12.5,"➘",157133,0.636403556223072,4.45482489356151,9.54605334334608
"Alblasserdam","GM0482",2021-01-01,18,18,16,16,15,15,2020-12-01,3,0,2,3,100,"➚",20229,0,9.88679618369667,14.830194275545
"Alphen aan den Rijn","GM0484",2021-01-01,128,128,122,122,113,107,2020-12-01,21,0,6,15,-33.3333333333333,"➘",112520,0,5.3323853537149,13.3309633842872
"Barendrecht","GM0489",2021-01-01,75,75,73,73,72,69,2020-12-01,6,0,2,3,100,"➚",48597,0,4.11548037944729,6.17322056917094
"Drechterland","GM0498",2021-01-01,8,8,7,7,7,7,2020-12-01,1,0,1,1,100,"➚",19832,0,5.04235578862445,5.04235578862445
"Brielle","GM0501",2021-01-01,23,23,23,23,23,22,2020-12-01,1,0,0,0,0,"-",17397,0,0,0
"Capelle aan den IJssel","GM0502",2021-01-01,107,107,99,99,99,95,2020-12-01,12,0,8,8,800,"➚",67204,0,11.9040533301589,11.9040533301589
"Delft","GM0503",2021-01-01,73,73,71,71,71,62,2020-12-01,11,0,2,2,200,"➚",103973,0,1.92357631308128,1.92357631308128
"Dordrecht","GM0505",2021-01-01,125,124,120,119,114,105,2020-12-01,20,1,5,11,-16.6666666666667,"➘",119203,0.838905061114234,4.19452530557117,9.22795567225657
"Gorinchem","GM0512",2021-01-01,25,24,23,23,23,20,2020-12-01,5,1,2,2,200,"➚",37422,2.67222489444712,5.34444978889423,5.34444978889423
"Gouda","GM0513",2021-01-01,122,120,116,113,110,97,2020-12-01,25,2,6,12,0,"-",73771,2.71109243469656,8.13327730408968,16.2665546081794
"'s-Gravenhage","GM0518",2021-01-01,909,909,866,863,826,786,2020-12-01,123,0,43,83,7.5,"➚",547882,0,7.84840531355292,15.1492474656952
"Hardinxveld-Giessendam","GM0523",2021-01-01,2,2,2,2,2,2,2020-12-01,0,0,0,0,0,"-",18393,0,0,0
"Hellevoetsluis","GM0530",2021-01-01,35,35,35,35,35,31,2020-12-01,4,0,0,0,0,"-",40251,0,0,0
"Hendrik-Ido-Ambacht","GM0531",2021-01-01,15,15,15,15,14,13,2020-12-01,2,0,0,1,-100,"➘",31235,0,0,3.20153673763406
"Stede Broec","GM0532",2021-01-01,20,20,20,20,20,20,2020-12-01,0,0,0,0,0,"-",21775,0,0,0
"Hillegom","GM0534",2021-01-01,12,12,11,11,11,9,2020-12-01,3,0,1,1,100,"➚",22216,0,4.50126035289881,4.50126035289881
"Katwijk","GM0537",2021-01-01,74,71,67,67,65,56,2020-12-02,18,3,7,9,250,"➚",65965,4.54786629273099,10.6116880163723,13.643598878193
"Krimpen aan den IJssel","GM0542",2021-01-01,29,28,26,26,25,25,2020-12-11,4,1,3,4,200,"➚",29410,3.40020401224073,10.2006120367222,13.6008160489629
"Leiden","GM0546",2021-01-01,91,91,90,90,88,81,2020-12-01,10,0,1,3,-50,"➘",124016,0,0.806347568055735,2.4190427041672
"Leiderdorp","GM0547",2021-01-01,31,31,30,30,30,29,2020-12-01,2,0,1,1,100,"➚",27359,0,3.65510435322928,3.65510435322928
"Lisse","GM0553",2021-01-01,20,20,20,20,19,14,2020-12-01,6,0,0,1,-100,"➘",22989,0,0,4.34990647701074
"Maassluis","GM0556",2021-01-01,49,47,45,45,44,44,2020-12-01,5,2,4,5,300,"➚",33539,5.96320701273145,11.9264140254629,14.9080175318286
"Nieuwkoop","GM0569",2021-01-01,23,23,22,22,22,16,2020-12-01,7,0,1,1,100,"➚",29119,0,3.4341838662042,3.4341838662042
"Noordwijk","GM0575",2021-01-01,50,50,44,43,42,40,2020-12-01,10,0,6,8,200,"➚",43982,0,13.641944431813,18.1892592424174
"Oegstgeest","GM0579",2021-01-01,17,17,17,17,17,17,2020-12-01,0,0,0,0,0,"-",25067,0,0,0
"Oudewater","GM0589",2021-01-01,32,32,32,32,32,32,2020-12-01,0,0,0,0,0,"-",10154,0,0,0
"Papendrecht","GM0590",2021-01-01,13,13,13,12,11,11,2020-12-01,2,0,0,2,-100,"➘",32119,0,0,6.22684392415704
"Ridderkerk","GM0597",2021-01-01,63,63,62,62,61,52,2020-12-01,11,0,1,2,0,"-",46646,0,2.14380654289757,4.28761308579514
"Rotterdam","GM0599",2021-01-01,1251,1249,1221,1219,1187,1116,2020-12-01,135,2,30,64,-11.7647058823529,"➘",652497,0.306514819225223,4.59772228837834,9.80847421520712
"Rijswijk","GM0603",2021-01-01,89,89,85,84,82,77,2020-12-01,12,0,4,7,33.3333333333333,"➚",55211,0,7.24493307493072,12.6786328811288
"Schiedam","GM0606",2021-01-01,151,151,148,148,144,125,2020-12-01,26,0,3,7,-25,"➘",79284,0,3.78386559709399,8.82901972655265
"Sliedrecht","GM0610",2021-01-01,12,12,12,12,12,11,2020-12-01,1,0,0,0,0,"-",25509,0,0,0
"Albrandswaard","GM0613",2021-01-01,33,33,33,33,32,30,2020-12-01,3,0,0,1,-100,"➘",25857,0,0,3.86742468190432
"Westvoorne","GM0614",2021-01-01,11,10,10,10,10,9,2020-12-01,2,1,1,1,100,"➚",14896,6.71321160042964,6.71321160042964,6.71321160042964
"Vlaardingen","GM0622",2021-01-01,104,104,104,104,99,89,2020-12-01,15,0,0,5,-100,"➘",73863,0,0,6.76928908925985
"Voorschoten","GM0626",2021-01-01,14,14,13,13,13,12,2020-12-01,2,0,1,1,100,"➚",25613,0,3.9042673642291,3.9042673642291
"Waddinxveen","GM0627",2021-01-01,50,50,46,45,44,40,2020-12-01,10,0,4,6,100,"➚",30123,0,13.2788898848056,19.9183348272084
"Wassenaar","GM0629",2021-01-01,22,21,21,21,20,18,2020-12-01,4,1,1,2,0,"-",26782,3.73385109401837,3.73385109401837,7.46770218803674
"Woerden","GM0632",2021-01-01,80,79,79,79,77,73,2020-12-01,7,1,1,3,-50,"➘",52659,1.89901061546934,1.89901061546934,5.69703184640802
"Zoetermeer","GM0637",2021-01-01,98,98,95,94,89,82,2020-12-01,16,0,3,9,-50,"➘",125297,0,2.39431111678652,7.18293335035955
"Zoeterwoude","GM0638",2021-01-01,6,6,6,5,4,4,2020-12-01,2,0,0,2,-100,"➘",8794,0,0,22.7427791676143
"Zwijndrecht","GM0642",2021-01-01,40,40,40,40,35,31,2020-12-01,9,0,0,5,-100,"➘",44778,0,0,11.1661976863638
"Borsele","GM0654",2021-01-01,13,13,9,7,7,7,2020-12-01,6,0,4,6,100,"➚",22758,0,17.5762369276738,26.3643553915107
"Goes","GM0664",2021-01-01,33,33,33,31,30,23,2020-12-01,10,0,0,3,-100,"➘",38556,0,0,7.78089013383131
"West Maas en Waal","GM0668",2021-01-01,24,24,24,24,24,24,2020-12-01,0,0,0,0,0,"-",19537,0,0,0
"Hulst","GM0677",2021-01-01,22,22,22,22,21,21,2020-12-01,1,0,0,1,-100,"➘",27593,0,0,3.62410756351249
"Kapelle","GM0678",2021-01-01,6,6,5,5,5,4,2020-12-01,2,0,1,1,100,"➚",12874,0,7.76759359950287,7.76759359950287
"Middelburg","GM0687",2021-01-01,35,34,31,29,29,28,2020-12-01,7,1,4,6,100,"➚",49009,2.04044155155176,8.16176620620702,12.2426493093105
"Reimerswaal","GM0703",2021-01-01,10,10,10,10,10,9,2020-12-01,1,0,0,0,0,"-",22916,0,0,0
"Terneuzen","GM0715",2021-01-01,49,49,42,42,40,36,2020-12-01,13,0,7,9,250,"➚",54435,0,12.8593735648021,16.5334802976026
"Tholen","GM0716",2021-01-01,51,51,51,51,51,50,2020-12-01,1,0,0,0,0,"-",25993,0,0,0
"Veere","GM0717",2021-01-01,10,10,10,10,10,10,2020-12-01,0,0,0,0,0,"-",21994,0,0,0
"Vlissingen","GM0718",2021-01-01,24,24,23,21,21,16,2020-12-01,8,0,1,3,-50,"➘",44296,0,2.25754018421528,6.77262055264584
"De Ronde Venen","GM0736",2021-01-01,77,76,75,75,74,69,2020-12-02,8,1,2,3,100,"➚",44642,2.24004300882577,4.48008601765154,6.72012902647731
"Tytsjerksteradiel","GM0737",2021-01-01,9,9,9,9,9,8,2020-12-01,1,0,0,0,0,"-",32049,0,0,0
"Asten","GM0743",2021-01-01,23,23,23,23,22,21,2020-12-01,2,0,0,1,-100,"➘",16768,0,0,5.96374045801527
"Baarle-Nassau","GM0744",2021-01-01,12,12,12,12,12,11,2020-12-01,1,0,0,0,0,"-",6917,0,0,0
"Bergen op Zoom","GM0748",2021-01-01,69,69,68,68,67,57,2020-12-01,12,0,1,2,0,"-",67609,0,1.47909302016004,2.95818604032008
"Best","GM0753",2021-01-01,41,41,41,41,40,37,2020-12-01,4,0,0,1,-100,"➘",30162,0,0,3.31543001127246
"Boekel","GM0755",2021-01-01,39,39,37,37,37,36,2020-12-01,3,0,2,2,200,"➚",10906,0,18.3385292499542,18.3385292499542
"Boxmeer","GM0756",2021-01-01,30,30,28,28,26,25,2020-12-01,5,0,2,4,0,"-",29580,0,6.76132521974307,13.5226504394861
"Boxtel","GM0757",2021-01-01,38,37,35,35,34,30,2020-12-01,8,1,3,4,200,"➚",30888,3.23750323750324,9.71250971250971,12.950012950013
"Breda","GM0758",2021-01-01,217,217,213,212,211,202,2020-12-01,15,0,4,6,100,"➚",184190,0,2.17167055757642,3.25750583636462
"Deurne","GM0762",2021-01-01,69,69,65,65,64,63,2020-12-01,6,0,4,5,300,"➚",32455,0,12.3247573563395,15.4059466954244
"Pekela","GM0765",2021-01-01,11,11,10,10,10,7,2020-12-01,4,0,1,1,100,"➚",12173,0,8.21490183192311,8.21490183192311
"Dongen","GM0766",2021-01-01,39,39,39,39,38,36,2020-12-01,3,0,0,1,-100,"➘",26351,0,0,3.79492239383705
"Eersel","GM0770",2021-01-01,40,40,39,39,38,36,2020-12-01,4,0,1,2,0,"-",19491,0,5.1305730850136,10.2611461700272
"Eindhoven","GM0772",2021-01-01,289,289,280,278,268,246,2020-12-01,43,0,9,21,-25,"➘",235514,0,3.82142887471658,8.91666737433868
"Etten-Leur","GM0777",2021-01-01,61,61,61,61,60,57,2020-12-01,4,0,0,1,-100,"➘",43928,0,0,2.27645237661628
"Geertruidenberg","GM0779",2021-01-01,22,22,21,21,21,18,2020-12-01,4,0,1,1,100,"➚",21768,0,4.59389930172731,4.59389930172731
"Gilze en Rijen","GM0784",2021-01-01,30,30,30,30,30,28,2020-12-01,2,0,0,0,0,"-",26761,0,0,0
"Goirle","GM0785",2021-01-01,37,37,36,36,36,36,2020-12-04,1,0,1,1,100,"➚",23915,0,4.18147606104955,4.18147606104955
"Grave","GM0786",2021-01-01,28,28,28,28,28,28,2020-12-01,0,0,0,0,0,"-",12433,0,0,0
"Haaren","GM0788",2021-01-01,26,26,25,25,25,22,2020-12-01,4,0,1,1,100,"➚",14351,0,6.96815552923141,6.96815552923141
"Helmond","GM0794",2021-01-01,152,152,151,151,148,139,2020-12-01,13,0,1,4,-66.6666666666667,"➘",92574,0,1.08021690755504,4.32086763022015
"'s-Hertogenbosch","GM0796",2021-01-01,183,183,183,183,180,167,2020-12-01,16,0,0,3,-100,"➘",155541,0,0,1.92875190464251
"Heusden","GM0797",2021-01-01,68,68,68,68,66,60,2020-12-01,8,0,0,2,-100,"➘",44977,0,0,4.44671721101897
"Hilvarenbeek","GM0798",2021-01-01,18,18,18,18,18,17,2020-12-01,1,0,0,0,0,"-",15661,0,0,0
"Loon op Zand","GM0809",2021-01-01,39,39,39,39,38,36,2020-12-01,3,0,0,1,-100,"➘",23467,0,0,4.26130310648997
"Mill en Sint Hubert","GM0815",2021-01-01,14,14,14,14,14,14,2020-12-01,0,0,0,0,0,"-",11003,0,0,0
"Nuenen, Gerwen en Nederwetten","GM0820",2021-01-01,24,24,24,23,22,22,2020-12-01,2,0,0,2,-100,"➘",23640,0,0,8.46023688663283
"Oirschot","GM0823",2021-01-01,21,21,21,21,21,19,2020-12-01,2,0,0,0,0,"-",18826,0,0,0
"Oisterwijk","GM0824",2021-01-01,32,32,32,32,32,29,2020-12-01,3,0,0,0,0,"-",26436,0,0,0
"Oosterhout","GM0826",2021-01-01,67,67,62,62,62,55,2020-12-01,12,0,5,5,500,"➚",56225,0,8.89284126278346,8.89284126278346
"Oss","GM0828",2021-01-01,203,202,200,200,199,191,2020-12-01,12,1,3,4,200,"➚",92390,1.08236822166901,3.24710466500704,4.32947288667605
"Rucphen","GM0840",2021-01-01,27,27,25,25,25,21,2020-12-01,6,0,2,2,200,"➚",23077,0,8.66663777787407,8.66663777787407
"Sint-Michielsgestel","GM0845",2021-01-01,42,42,42,42,41,39,2020-12-01,3,0,0,1,-100,"➘",29476,0,0,3.39259058216854
"Someren","GM0847",2021-01-01,37,37,37,37,36,36,2020-12-01,1,0,0,1,-100,"➘",19364,0,0,5.16422226812642
"Son en Breugel","GM0848",2021-01-01,35,35,35,35,33,32,2020-12-01,3,0,0,2,-100,"➘",17539,0,0,11.403158674953
"Steenbergen","GM0851",2021-01-01,24,24,20,20,20,20,2020-12-01,4,0,4,4,400,"➚",24326,0,16.443311682973,16.443311682973
"Waterland","GM0852",2021-01-01,27,27,27,27,25,24,2020-12-01,3,0,0,2,-100,"➘",17324,0,0,11.5446779034865
"Tilburg","GM0855",2021-01-01,341,341,336,334,328,312,2020-12-01,29,0,5,13,-37.5,"➘",220536,0,2.26720354046505,5.89472920520913
"Uden","GM0856",2021-01-01,121,121,121,121,120,120,2020-12-01,1,0,0,1,-100,"➘",42207,0,0,2.36927523870448
"Valkenswaard","GM0858",2021-01-01,31,31,29,29,27,25,2020-12-01,6,0,2,4,0,"-",31241,0,6.40184373099453,12.8036874619891
"Veldhoven","GM0861",2021-01-01,51,51,50,49,45,42,2020-12-01,9,0,1,6,-80,"➘",45636,0,2.1912525199404,13.1475151196424
"Vught","GM0865",2021-01-01,51,51,51,51,50,45,2020-12-01,6,0,0,1,-100,"➘",26772,0,0,3.73524577917227
"Waalre","GM0866",2021-01-01,9,9,9,9,9,9,2020-12-01,0,0,0,0,0,"-",17528,0,0,0
"Waalwijk","GM0867",2021-01-01,62,62,60,59,58,56,2020-12-01,6,0,2,4,0,"-",48886,0,4.0911508407315,8.182301681463
"Woensdrecht","GM0873",2021-01-01,12,12,12,12,12,11,2020-12-01,1,0,0,0,0,"-",21970,0,0,0
"Zundert","GM0879",2021-01-01,32,32,31,31,30,30,2020-12-01,2,0,1,2,0,"-",22026,0,4.54008898574412,9.08017797148824
"Wormerland","GM0880",2021-01-01,26,25,25,25,25,24,2020-12-01,2,1,1,1,100,"➚",16256,6.15157480314961,6.15157480314961,6.15157480314961
"Landgraaf","GM0882",2021-01-01,61,61,58,58,57,56,2020-12-01,5,0,3,4,200,"➚",37302,0,8.04246421103426,10.7232856147123
"Beek","GM0888",2021-01-01,19,19,19,18,18,18,2020-12-01,1,0,0,1,-100,"➘",15897,0,0,6.29049506196138
"Beesel","GM0889",2021-01-01,24,24,24,24,24,23,2020-12-01,1,0,0,0,0,"-",13452,0,0,0
"Bergen (L.)","GM0893",2021-01-01,12,12,12,12,12,12,2020-12-01,0,0,0,0,0,"-",13117,0,0,0
"Brunssum","GM0899",2021-01-01,60,60,59,59,58,52,2020-12-01,8,0,1,2,0,"-",27661,0,3.61519829362641,7.23039658725281
"Gennep","GM0907",2021-01-01,24,24,23,23,21,18,2020-12-01,6,0,1,3,-50,"➘",17002,0,5.88166098106105,17.6449829431832
"Heerlen","GM0917",2021-01-01,153,150,147,147,145,137,2020-12-01,16,3,6,8,200,"➚",86805,3.45602211854156,6.91204423708312,9.21605898277749
"Kerkrade","GM0928",2021-01-01,92,92,87,86,82,77,2020-12-01,15,0,5,10,0,"-",45517,0,10.9849067381418,21.9698134762836
"Maastricht","GM0935",2021-01-01,227,227,224,224,219,212,2020-12-01,15,0,3,8,-40,"➘",120484,0,2.48995717273663,6.63988579396434
"Meerssen","GM0938",2021-01-01,26,26,26,26,26,24,2020-12-01,2,0,0,0,0,"-",18707,0,0,0
"Mook en Middelaar","GM0944",2021-01-01,11,10,10,10,10,9,2020-12-01,2,1,1,1,100,"➚",7897,12.6630365961758,12.6630365961758,12.6630365961758
"Nederweert","GM0946",2021-01-01,38,38,38,38,37,37,2020-12-01,1,0,0,1,-100,"➘",17161,0,0,5.82716624905309
"Roermond","GM0957",2021-01-01,70,70,68,68,68,66,2020-12-01,4,0,2,2,200,"➚",58769,0,3.40315472442955,3.40315472442955
"Simpelveld","GM0965",2021-01-01,22,22,22,22,22,20,2020-12-01,2,0,0,0,0,"-",10508,0,0,0
"Stein","GM0971",2021-01-01,55,55,55,55,55,51,2020-12-01,4,0,0,0,0,"-",24872,0,0,0
"Vaals","GM0981",2021-01-01,15,15,13,13,11,11,2020-12-01,4,0,2,4,0,"-",10084,0,19.8333994446648,39.6667988893296
"Venlo","GM0983",2021-01-01,171,171,167,166,158,153,2020-12-01,18,0,4,13,-55.5555555555556,"➘",101934,0,3.92410775599898,12.7533502069967
"Venray","GM0984",2021-01-01,49,49,48,48,47,44,2020-12-01,5,0,1,2,0,"-",43676,0,2.28958695851268,4.57917391702537
"Voerendaal","GM0986",2021-01-01,19,18,18,18,18,18,2020-12-01,1,1,1,1,100,"➚",12483,8.01089481695105,8.01089481695105,8.01089481695105
"Weert","GM0988",2021-01-01,96,94,89,88,87,84,2020-12-01,12,2,7,9,250,"➚",50044,3.99648309487651,13.9876908320678,17.9841739269443
"Valkenburg aan de Geul","GM0994",2021-01-01,27,27,26,26,26,23,2020-12-01,4,0,1,1,100,"➚",16405,0,6.09570252971655,6.09570252971655
"Lelystad","GM0995",2021-01-01,105,105,101,101,100,95,2020-12-01,10,0,4,5,300,"➚",79759,0,5.01510801288883,6.26888501611103
"Horst aan de Maas","GM1507",2021-01-01,53,53,51,51,50,49,2020-12-01,4,0,2,3,100,"➚",42484,0,4.70765464645514,7.0614819696827
"Oude IJsselstreek","GM1509",2021-01-01,30,30,29,29,28,27,2020-12-01,3,0,1,2,0,"-",39333,0,2.54239442707142,5.08478885414283
"Teylingen","GM1525",2021-01-01,27,27,27,27,25,24,2020-12-01,3,0,0,2,-100,"➘",37737,0,0,5.29983835493017
"Utrechtse Heuvelrug","GM1581",2021-01-01,52,51,49,48,45,36,2020-12-01,16,1,3,7,-25,"➘",49965,2.00140098068648,6.00420294205944,14.0098068648054
"Oost Gelre","GM1586",2021-01-01,26,26,24,24,23,23,2020-12-01,3,0,2,3,100,"➚",29617,0,6.75287841442415,10.1293176216362
"Koggenland","GM1598",2021-01-01,13,13,13,13,13,12,2020-12-01,1,0,0,0,0,"-",22954,0,0,0
"Lansingerland","GM1621",2021-01-01,68,68,67,67,61,58,2020-12-01,10,0,1,7,-83.3333333333333,"➘",63267,0,1.58060284192391,11.0642198934674
"Leudal","GM1640",2021-01-01,62,62,61,60,58,57,2020-12-01,5,0,1,4,-66.6666666666667,"➘",36010,0,2.77700638711469,11.1080255484588
"Maasgouw","GM1641",2021-01-01,31,31,29,29,29,28,2020-12-01,3,0,2,2,200,"➚",23955,0,8.34898768524316,8.34898768524316
"Gemert-Bakel","GM1652",2021-01-01,84,84,84,84,82,80,2020-12-01,4,0,0,2,-100,"➘",30751,0,0,6.50385353321843
"Halderberge","GM1655",2021-01-01,38,38,37,37,35,32,2020-12-01,6,0,1,3,-50,"➘",30428,0,3.28644669383463,9.85934008150388
"Heeze-Leende","GM1658",2021-01-01,20,20,20,20,20,19,2020-12-01,1,0,0,0,0,"-",16207,0,0,0
"Laarbeek","GM1659",2021-01-01,46,46,45,44,42,42,2020-12-01,4,0,1,4,-66.6666666666667,"➘",22741,0,4.39734400422145,17.5893760168858
"Reusel-De Mierden","GM1667",2021-01-01,20,20,19,19,18,17,2020-12-01,3,0,1,2,0,"-",13138,0,7.61150860100472,15.2230172020094
"Roerdalen","GM1669",2021-01-01,30,30,29,29,29,28,2020-12-01,2,0,1,1,100,"➚",20572,0,4.86097608399767,4.86097608399767
"Roosendaal","GM1674",2021-01-01,66,65,65,65,64,59,2020-12-01,7,1,1,2,0,"-",77268,1.29419682145261,1.29419682145261,2.58839364290521
"Schouwen-Duiveland","GM1676",2021-01-01,22,22,19,18,18,16,2020-12-01,6,0,3,4,200,"➚",33960,0,8.8339222614841,11.7785630153121
"Aa en Hunze","GM1680",2021-01-01,3,3,2,2,2,1,2020-12-01,2,0,1,1,100,"➚",25394,0,3.93793809561314,3.93793809561314
"Borger-Odoorn","GM1681",2021-01-01,14,14,12,11,10,9,2020-12-01,5,0,2,4,0,"-",25584,0,7.81738586616635,15.6347717323327
"Cuijk","GM1684",2021-01-01,23,22,22,22,20,20,2020-12-01,3,1,1,3,-50,"➘",25368,3.94197414064964,3.94197414064964,11.8259224219489
"Landerd","GM1685",2021-01-01,45,45,45,45,44,44,2020-12-01,1,0,0,1,-100,"➘",15831,0,0,6.31672035878972
"De Wolden","GM1690",2021-01-01,19,18,18,18,18,16,2020-12-01,3,1,1,1,100,"➚",24374,4.10273241979158,4.10273241979158,4.10273241979158
"Noord-Beveland","GM1695",2021-01-01,3,3,3,3,3,3,2020-12-01,0,0,0,0,0,"-",7571,0,0,0
"Wijdemeren","GM1696",2021-01-01,17,17,17,17,17,14,2020-12-01,3,0,0,0,0,"-",24426,0,0,0
"Noordenveld","GM1699",2021-01-01,11,11,11,11,10,7,2020-12-01,4,0,0,1,-100,"➘",31211,0,0,3.20399859024062
"Twenterand","GM1700",2021-01-01,26,26,22,22,20,16,2020-12-01,10,0,4,6,100,"➚",33711,0,11.8655631692919,17.7983447539379
"Westerveld","GM1701",2021-01-01,11,11,10,10,10,10,2020-12-01,1,0,1,1,100,"➚",19620,0,5.09683995922528,5.09683995922528
"Sint Anthonis","GM1702",2021-01-01,21,21,21,21,21,21,2020-12-01,0,0,0,0,0,"-",11682,0,0,0
"Lingewaard","GM1705",2021-01-01,53,53,47,47,47,46,2020-12-01,7,0,6,6,600,"➚",46760,0,12.8314798973482,12.8314798973482
"Cranendonck","GM1706",2021-01-01,68,68,68,68,67,65,2020-12-01,3,0,0,1,-100,"➘",20971,0,0,4.76848981927424
"Steenwijkerland","GM1708",2021-01-01,21,21,19,19,19,18,2020-12-01,3,0,2,2,200,"➚",44323,0,4.51232994156533,4.51232994156533
"Moerdijk","GM1709",2021-01-01,32,32,30,30,28,25,2020-12-01,7,0,2,4,0,"-",37188,0,5.37807895019899,10.756157900398
"Echt-Susteren","GM1711",2021-01-01,46,46,45,45,44,44,2020-12-01,2,0,1,2,0,"-",31774,0,3.14722729275508,6.29445458551016
"Sluis","GM1714",2021-01-01,25,25,20,20,19,16,2020-12-01,9,0,5,6,400,"➚",23176,0,21.5740421125302,25.8888505350362
"Drimmelen","GM1719",2021-01-01,35,35,32,32,32,28,2020-12-01,7,0,3,3,300,"➚",27332,0,10.9761451778136,10.9761451778136
"Bernheze","GM1721",2021-01-01,102,102,102,102,102,101,2020-12-01,1,0,0,0,0,"-",31412,0,0,0
"Alphen-Chaam","GM1723",2021-01-01,21,21,21,21,20,20,2020-12-01,1,0,0,1,-100,"➘",10355,0,0,9.65717044905842
"Bergeijk","GM1724",2021-01-01,24,24,23,22,22,22,2020-12-01,2,0,1,2,0,"-",18728,0,5.33959846219564,10.6791969243913
"Bladel","GM1728",2021-01-01,27,27,27,27,26,25,2020-12-01,2,0,0,1,-100,"➘",20536,0,0,4.86949746786132
"Gulpen-Wittem","GM1729",2021-01-01,28,28,27,27,27,26,2020-12-01,2,0,1,1,100,"➚",14195,0,7.04473406128919,7.04473406128919
"Tynaarlo","GM1730",2021-01-01,13,13,13,13,13,12,2020-12-01,1,0,0,0,0,"-",33914,0,0,0
"Midden-Drenthe","GM1731",2021-01-01,13,13,13,13,12,8,2020-12-01,5,0,0,1,-100,"➘",33362,0,0,2.99742221689347
"Overbetuwe","GM1734",2021-01-01,65,65,63,63,63,62,2020-12-01,3,0,2,2,200,"➚",48125,0,4.15584415584416,4.15584415584416
"Hof van Twente","GM1735",2021-01-01,28,28,27,26,25,24,2020-12-01,4,0,1,3,-50,"➘",35053,0,2.85282286822811,8.55846860468434
"Neder-Betuwe","GM1740",2021-01-01,52,52,51,51,50,46,2020-12-01,6,0,1,2,0,"-",24591,0,4.06652840470091,8.13305680940181
"Rijssen-Holten","GM1742",2021-01-01,36,36,36,36,34,32,2020-12-01,4,0,0,2,-100,"➘",38205,0,0,5.23491689569428
"Geldrop-Mierlo","GM1771",2021-01-01,54,54,51,51,49,43,2020-12-01,11,0,3,5,50,"➚",40073,0,7.48633743418262,12.477229056971
"Olst-Wijhe","GM1773",2021-01-01,12,12,12,12,12,12,2020-12-01,0,0,0,0,0,"-",18353,0,0,0
"Dinkelland","GM1774",2021-01-01,26,24,24,24,24,24,2020-12-01,2,2,2,2,200,"➚",26588,7.52219046186249,7.52219046186249,7.52219046186249
"Westland","GM1783",2021-01-01,124,123,118,115,111,102,2020-12-01,22,1,6,13,-14.2857142857143,"➘",111356,0.898020762240023,5.38812457344014,11.6742699091203
"Midden-Delfland","GM1842",2021-01-01,14,14,13,13,13,12,2020-12-01,2,0,1,1,100,"➚",19374,0,5.16155672550841,5.16155672550841
"Berkelland","GM1859",2021-01-01,30,30,30,30,30,27,2020-12-01,3,0,0,0,0,"-",43831,0,0,0
"Bronckhorst","GM1876",2021-01-01,22,22,22,22,22,20,2020-12-01,2,0,0,0,0,"-",36111,0,0,0
"Sittard-Geleen","GM1883",2021-01-01,155,155,148,147,143,137,2020-12-01,18,0,7,12,40,"➚",91822,0,7.62344536167803,13.0687634771623
"Kaag en Braassem","GM1884",2021-01-01,16,16,16,16,15,12,2020-12-01,4,0,0,1,-100,"➘",27557,0,0,3.62884203650615
"Dantumadiel","GM1891",2021-01-01,3,3,3,3,3,2,2020-12-01,1,0,0,0,0,"-",18942,0,0,0
"Zuidplas","GM1892",2021-01-01,54,54,51,51,49,47,2020-12-01,7,0,3,5,50,"➚",45014,0,6.6645932376594,11.107655396099
"Peel en Maas","GM1894",2021-01-01,150,150,149,149,149,148,2020-12-01,2,0,1,1,100,"➚",43630,0,2.29200091680037,2.29200091680037
"Oldambt","GM1895",2021-01-01,18,18,14,14,11,11,2020-12-01,7,0,4,7,33.3333333333333,"➚",38288,0,10.4471374843293,18.2824905975763
"Zwartewaterland","GM1896",2021-01-01,40,40,39,39,39,38,2020-12-01,2,0,1,1,100,"➚",22794,0,4.38711941739054,4.38711941739054
"Súdwest-Fryslân","GM1900",2021-01-01,30,30,30,30,27,26,2020-12-01,4,0,0,3,-100,"➘",89958,0,0,3.33488961515374
"Bodegraven-Reeuwijk","GM1901",2021-01-01,36,36,34,32,30,27,2020-12-01,9,0,2,6,-50,"➘",35260,0,5.67214974475326,17.0164492342598
"Eijsden-Margraten","GM1903",2021-01-01,62,62,62,62,62,61,2020-12-01,1,0,0,0,0,"-",25888,0,0,0
"Stichtse Vecht","GM1904",2021-01-01,74,74,72,72,72,65,2020-12-01,9,0,2,2,200,"➚",65167,0,3.06903801003575,3.06903801003575
"Hollands Kroon","GM1911",2021-01-01,36,36,34,34,34,32,2020-12-01,4,0,2,2,200,"➚",48618,0,4.11370274383973,4.11370274383973
"Leidschendam-Voorburg","GM1916",2021-01-01,86,86,78,78,74,61,2020-12-01,25,0,8,12,100,"➚",76431,0,10.4669571247269,15.7004356870903
"Goeree-Overflakkee","GM1924",2021-01-01,81,80,80,80,78,72,2020-12-01,9,1,1,3,-50,"➘",50488,1.98066867374426,1.98066867374426,5.94200602123277
"Pijnacker-Nootdorp","GM1926",2021-01-01,41,41,41,41,41,38,2020-12-01,3,0,0,0,0,"-",55552,0,0,0
"Nissewaard","GM1930",2021-01-01,106,105,105,105,102,90,2020-12-01,16,1,1,4,-66.6666666666667,"➘",85300,1.17233294255569,1.17233294255569,4.68933177022274
"Krimpenerwaard","GM1931",2021-01-01,86,86,80,78,75,70,2020-12-01,16,0,6,11,20,"➚",56491,0,10.6211608928856,19.4721283036236
"De Fryske Marren","GM1940",2021-01-01,31,31,31,31,30,26,2020-12-01,5,0,0,1,-100,"➘",51651,0,0,1.93607093763916
"Gooise Meren","GM1942",2021-01-01,41,41,39,39,37,35,2020-12-01,6,0,2,4,0,"-",58439,0,3.42237204606513,6.84474409213025
"Berg en Dal","GM1945",2021-01-01,45,45,45,45,45,43,2020-12-01,2,0,0,0,0,"-",35017,0,0,0
"Meierijstad","GM1948",2021-01-01,231,229,229,228,226,223,2020-12-01,8,2,2,5,-33.3333333333333,"➘",81607,2.45077015452106,2.45077015452106,6.12692538630264
"Waadhoeke","GM1949",2021-01-01,20,20,19,19,18,18,2020-12-01,2,0,1,2,0,"-",46085,0,2.16990343929695,4.3398068785939
"Westerwolde","GM1950",2021-01-01,15,15,14,14,14,13,2020-12-01,2,0,1,1,100,"➚",25976,0,3.84970742223591,3.84970742223591
"Midden-Groningen","GM1952",2021-01-01,24,24,20,20,19,17,2020-12-01,7,0,4,5,300,"➚",60761,0,6.58317012557397,8.22896265696746
"Beekdaelen","GM1954",2021-01-01,65,65,60,60,57,55,2020-12-01,10,0,5,8,66.6666666666667,"➚",36073,0,13.8607823025532,22.177251684085
"Montferland","GM1955",2021-01-01,31,31,30,30,30,27,2020-12-01,4,0,1,1,100,"➚",36068,0,2.77254075634912,2.77254075634912
"Altena","GM1959",2021-01-01,61,59,59,59,56,48,2020-12-01,13,2,2,5,-33.3333333333333,"➘",56333,3.55031686578027,3.55031686578027,8.87579216445068
"West Betuwe","GM1960",2021-01-01,74,74,73,73,71,66,2020-12-01,8,0,1,3,-50,"➘",51405,0,1.94533605680381,5.83600817041144
"Vijfheerenlanden","GM1961",2021-01-01,65,65,64,64,61,56,2020-12-01,9,0,1,4,-66.6666666666667,"➘",57751,0,1.73157174767537,6.92628699070146
"Hoeksche Waard","GM1963",2021-01-01,94,94,92,92,89,88,2020-12-01,6,0,2,5,-33.3333333333333,"➘",87822,0,2.27733369770672,5.69333424426681
"Het Hogeland","GM1966",2021-01-01,16,16,14,14,13,10,2020-12-01,6,0,2,3,100,"➚",47888,0,4.17641162712997,6.26461744069495
"Westerkwartier","GM1969",2021-01-01,23,22,21,21,21,21,2020-12-01,2,1,2,2,200,"➚",63568,1.57311855021394,3.14623710042789,3.14623710042789
"Noardeast-Fryslân","GM1970",2021-01-01,18,18,16,16,15,10,2020-12-01,8,0,2,3,100,"➚",45445,0,4.40092419408076,6.60138629112113
"Molenlanden","GM1978",2021-01-01,26,26,25,25,22,20,2020-12-01,6,0,1,4,-66.6666666666667,"➘",44072,0,2.26901434017063,9.07605736068252
