"municipality","Municipality_code","date","d0","d1","d7","d8","d14","lowest_since_okt1","lowest_since_okt1_date","current","increase_1d","increase_7d","increase_14d","increase_growth","growth","population","rel_increase_1d","rel_increase_7d","rel_increase_14d"
"Netherlands","",2020-11-17,16668,16589,16064,15990,15434,12805,2020-10-01,3863,79,604,1234,-4.12698412698412,"-",17443797,0.452883050633988,3.46254889345479,7.07414790483976
"Unknown","",2020-11-17,103,101,95,95,92,74,2020-10-01,29,2,8,11,166.666666666667,"&#x279A;",NA,NA,NA,NA
"Appingedam","GM0003",2020-11-17,8,8,8,8,8,3,2020-10-01,5,0,0,0,0,"-",11529,0,0,0
"Delfzijl","GM0010",2020-11-17,9,9,8,8,8,6,2020-10-01,3,0,1,1,100,"&#x279A;",24627,0,4.06058391196654,4.06058391196654
"Groningen","GM0014",2020-11-17,33,33,32,32,32,19,2020-10-01,14,0,1,1,100,"&#x279A;",233266,0,0.428695137739748,0.428695137739748
"Loppersum","GM0024",2020-11-17,1,1,0,0,0,0,2020-10-01,1,0,1,1,100,"&#x279A;",9501,0,10.5252078728555,10.5252078728555
"Almere","GM0034",2020-11-17,175,174,173,173,171,138,2020-10-01,37,1,2,4,0,"-",214133,0.466999481630575,0.933998963261151,1.8679979265223
"Stadskanaal","GM0037",2020-11-17,9,9,9,9,8,2,2020-10-01,7,0,0,1,-100,"&#x2798;",31564,0,0,3.16816626536561
"Veendam","GM0047",2020-11-17,4,4,4,4,4,2,2020-10-01,2,0,0,0,0,"-",27440,0,0,0
"Zeewolde","GM0050",2020-11-17,14,14,13,13,13,12,2020-10-01,2,0,1,1,100,"&#x279A;",22750,0,4.3956043956044,4.3956043956044
"Achtkarspelen","GM0059",2020-11-17,0,0,0,0,0,0,2020-10-01,0,0,0,0,0,"-",27890,0,0,0
"Ameland","GM0060",2020-11-17,0,0,0,0,0,0,2020-10-01,0,0,0,0,0,"-",3766,0,0,0
"Harlingen","GM0072",2020-11-17,5,5,5,5,5,4,2020-10-01,1,0,0,0,0,"-",15827,0,0,0
"Heerenveen","GM0074",2020-11-17,17,17,16,16,16,13,2020-10-01,4,0,1,1,100,"&#x279A;",50561,0,1.9778089832084,1.9778089832084
"Leeuwarden","GM0080",2020-11-17,47,47,47,47,47,37,2020-10-01,10,0,0,0,0,"-",124338,0,0,0
"Ooststellingwerf","GM0085",2020-11-17,6,6,6,5,5,3,2020-10-01,3,0,0,1,-100,"&#x2798;",25398,0,0,3.93731789904717
"Opsterland","GM0086",2020-11-17,9,9,9,9,8,7,2020-10-01,2,0,0,1,-100,"&#x2798;",29777,0,0,3.358296671928
"Schiermonnikoog","GM0088",2020-11-17,1,1,1,1,1,0,2020-10-01,1,0,0,0,0,"-",940,0,0,0
"Smallingerland","GM0090",2020-11-17,13,13,12,12,12,9,2020-10-01,4,0,1,1,100,"&#x279A;",56109,0,1.78224527259441,1.78224527259441
"Terschelling","GM0093",2020-11-17,1,1,1,1,1,0,2020-10-01,1,0,0,0,0,"-",4893,0,0,0
"Vlieland","GM0096",2020-11-17,0,0,0,0,0,0,2020-10-01,0,0,0,0,0,"-",1208,0,0,0
"Weststellingwerf","GM0098",2020-11-17,5,5,3,3,3,3,2020-10-01,2,0,2,2,200,"&#x279A;",26044,0,7.67931193365075,7.67931193365075
"Assen","GM0106",2020-11-17,17,17,15,14,14,12,2020-10-01,5,0,2,3,100,"&#x279A;",68890,0,2.90317898098418,4.35476847147627
"Coevorden","GM0109",2020-11-17,20,20,19,19,19,13,2020-10-01,7,0,1,1,100,"&#x279A;",35274,0,2.83494925440835,2.83494925440835
"Emmen","GM0114",2020-11-17,53,53,52,52,50,23,2020-10-01,30,0,1,3,-50,"&#x2798;",107083,0,0.933855047019602,2.80156514105881
"Hoogeveen","GM0118",2020-11-17,32,32,32,31,29,20,2020-10-01,12,0,0,3,-100,"&#x2798;",55612,0,0,5.39451916852478
"Meppel","GM0119",2020-11-17,13,12,11,11,11,11,2020-10-01,2,1,2,2,200,"&#x279A;",34211,2.92303645026453,5.84607290052907,5.84607290052907
"Almelo","GM0141",2020-11-17,39,39,37,36,33,26,2020-10-01,13,0,2,6,-50,"&#x2798;",73183,0,2.73287512127133,8.198625363814
"Borne","GM0147",2020-11-17,16,16,16,16,16,14,2020-10-01,2,0,0,0,0,"-",23582,0,0,0
"Dalfsen","GM0148",2020-11-17,18,18,18,18,17,16,2020-10-01,2,0,0,1,-100,"&#x2798;",28921,0,0,3.45769510044604
"Deventer","GM0150",2020-11-17,53,53,53,53,50,48,2020-10-01,5,0,0,3,-100,"&#x2798;",101021,0,0,2.96967957157423
"Enschede","GM0153",2020-11-17,93,93,80,79,70,59,2020-10-01,34,0,13,23,30,"&#x279A;",159857,0,8.1322682147169,14.3878591491145
"Haaksbergen","GM0158",2020-11-17,20,19,19,19,18,15,2020-10-01,5,1,1,2,0,"-",24271,4.12014338098966,4.12014338098966,8.24028676197932
"Hardenberg","GM0160",2020-11-17,26,26,26,26,25,23,2020-10-01,3,0,0,1,-100,"&#x2798;",61240,0,0,1.63291966035271
"Hellendoorn","GM0163",2020-11-17,15,15,13,13,13,8,2020-10-01,7,0,2,2,200,"&#x279A;",35938,0,5.56513996327008,5.56513996327008
"Hengelo","GM0164",2020-11-17,42,42,41,41,40,26,2020-10-01,16,0,1,2,0,"-",81149,0,1.23230107579884,2.46460215159768
"Kampen","GM0166",2020-11-17,63,63,63,63,61,59,2020-10-01,4,0,0,2,-100,"&#x2798;",54429,0,0,3.67451174925132
"Losser","GM0168",2020-11-17,13,13,13,13,11,10,2020-10-01,3,0,0,2,-100,"&#x2798;",22850,0,0,8.7527352297593
"Noordoostpolder","GM0171",2020-11-17,21,21,20,20,20,17,2020-10-01,4,0,1,1,100,"&#x279A;",47514,0,2.10464284210969,2.10464284210969
"Oldenzaal","GM0173",2020-11-17,22,22,19,17,16,15,2020-10-01,7,0,3,6,0,"-",31771,0,9.44257341600831,18.8851468320166
"Ommen","GM0175",2020-11-17,9,9,9,9,9,9,2020-10-01,0,0,0,0,0,"-",18204,0,0,0
"Raalte","GM0177",2020-11-17,26,26,26,26,26,24,2020-10-01,2,0,0,0,0,"-",37817,0,0,0
"Staphorst","GM0180",2020-11-17,11,11,10,10,9,8,2020-10-01,3,0,1,2,0,"-",17235,0,5.8021467943139,11.6042935886278
"Tubbergen","GM0183",2020-11-17,13,13,12,12,12,12,2020-10-01,1,0,1,1,100,"&#x279A;",21282,0,4.6988065031482,4.6988065031482
"Urk","GM0184",2020-11-17,27,26,26,26,24,23,2020-10-01,4,1,1,3,-50,"&#x2798;",21161,4.72567459004773,4.72567459004773,14.1770237701432
"Wierden","GM0189",2020-11-17,8,8,8,8,7,7,2020-10-01,1,0,0,1,-100,"&#x2798;",24517,0,0,4.07880246359669
"Zwolle","GM0193",2020-11-17,57,56,56,56,55,53,2020-10-01,4,1,1,2,0,"-",129465,0.772409531533619,0.772409531533619,1.54481906306724
"Aalten","GM0197",2020-11-17,14,14,13,13,13,9,2020-10-01,5,0,1,1,100,"&#x279A;",27110,0,3.68867576540022,3.68867576540022
"Apeldoorn","GM0200",2020-11-17,124,124,123,123,119,101,2020-10-01,23,0,1,5,-75,"&#x2798;",164513,0,0.607854698412891,3.03927349206446
"Arnhem","GM0202",2020-11-17,109,109,108,106,100,73,2020-10-01,36,0,1,9,-87.5,"&#x2798;",162219,0,0.61645060073111,5.54805540657999
"Barneveld","GM0203",2020-11-17,30,29,26,26,25,18,2020-10-01,12,1,4,5,300,"&#x279A;",59777,1.67288421968316,6.69153687873262,8.36442109841578
"Beuningen","GM0209",2020-11-17,22,22,22,22,20,19,2020-10-01,3,0,0,2,-100,"&#x2798;",26169,0,0,7.64263059345027
"Brummen","GM0213",2020-11-17,21,21,21,21,19,18,2020-10-01,3,0,0,2,-100,"&#x2798;",20870,0,0,9.5831336847149
"Buren","GM0214",2020-11-17,24,24,23,23,23,17,2020-10-01,7,0,1,1,100,"&#x279A;",27020,0,3.70096225018505,3.70096225018505
"Culemborg","GM0216",2020-11-17,30,30,29,29,29,24,2020-10-01,6,0,1,1,100,"&#x279A;",29044,0,3.44305192122297,3.44305192122297
"Doesburg","GM0221",2020-11-17,11,11,11,11,11,9,2020-10-01,2,0,0,0,0,"-",11010,0,0,0
"Doetinchem","GM0222",2020-11-17,38,38,36,36,35,27,2020-10-01,11,0,2,3,100,"&#x279A;",58150,0,3.43938091143594,5.15907136715391
"Druten","GM0225",2020-11-17,29,29,29,29,28,25,2020-10-01,4,0,0,1,-100,"&#x2798;",18964,0,0,5.27314912465725
"Duiven","GM0226",2020-11-17,18,18,18,18,17,14,2020-10-01,4,0,0,1,-100,"&#x2798;",25102,0,0,3.98374631503466
"Ede","GM0228",2020-11-17,82,82,78,78,77,58,2020-10-01,24,0,4,5,300,"&#x279A;",118380,0,3.37894914681534,4.22368643351918
"Elburg","GM0230",2020-11-17,30,30,29,29,29,28,2020-10-01,2,0,1,1,100,"&#x279A;",23370,0,4.27899015832264,4.27899015832264
"Epe","GM0232",2020-11-17,54,54,53,53,53,49,2020-10-01,5,0,1,1,100,"&#x279A;",33168,0,3.01495417269658,3.01495417269658
"Ermelo","GM0233",2020-11-17,33,33,33,33,33,33,2020-10-01,0,0,0,0,0,"-",27010,0,0,0
"Harderwijk","GM0243",2020-11-17,51,51,50,50,47,44,2020-10-01,7,0,1,4,-66.6666666666667,"&#x2798;",48701,0,2.05334592718835,8.21338370875341
"Hattem","GM0244",2020-11-17,18,18,18,18,18,18,2020-10-01,0,0,0,0,0,"-",12214,0,0,0
"Heerde","GM0246",2020-11-17,55,55,55,55,55,55,2020-10-01,0,0,0,0,0,"-",18715,0,0,0
"Heumen","GM0252",2020-11-17,19,19,19,19,19,18,2020-10-01,1,0,0,0,0,"-",16562,0,0,0
"Lochem","GM0262",2020-11-17,19,19,19,19,19,16,2020-10-01,3,0,0,0,0,"-",33847,0,0,0
"Maasdriel","GM0263",2020-11-17,26,26,25,25,21,15,2020-10-01,11,0,1,5,-75,"&#x2798;",25444,0,3.93019965414243,19.6509982707122
"Nijkerk","GM0267",2020-11-17,32,32,31,30,28,22,2020-10-01,10,0,1,4,-66.6666666666667,"&#x2798;",43507,0,2.29848070425449,9.19392281701795
"Nijmegen","GM0268",2020-11-17,191,191,188,187,181,142,2020-10-01,49,0,3,10,-57.1428571428571,"&#x2798;",177525,0,1.68990283058724,5.6330094352908
"Oldebroek","GM0269",2020-11-17,40,40,40,40,40,40,2020-10-01,0,0,0,0,0,"-",23713,0,0,0
"Putten","GM0273",2020-11-17,12,12,12,12,12,10,2020-10-01,2,0,0,0,0,"-",24337,0,0,0
"Renkum","GM0274",2020-11-17,20,20,19,19,17,14,2020-10-01,6,0,1,3,-50,"&#x2798;",31432,0,3.1814711122423,9.5444133367269
"Rheden","GM0275",2020-11-17,38,38,38,37,35,34,2020-10-01,4,0,0,3,-100,"&#x2798;",43655,0,0,6.87206505554919
"Rozendaal","GM0277",2020-11-17,1,1,1,1,1,1,2020-10-01,0,0,0,0,0,"-",1709,0,0,0
"Scherpenzeel","GM0279",2020-11-17,5,5,5,5,5,4,2020-10-01,1,0,0,0,0,"-",10054,0,0,0
"Tiel","GM0281",2020-11-17,55,54,53,53,48,43,2020-10-01,12,1,2,7,-60,"&#x2798;",41984,2.38185975609756,4.76371951219512,16.6730182926829
"Voorst","GM0285",2020-11-17,18,18,18,18,18,17,2020-10-01,1,0,0,0,0,"-",24717,0,0,0
"Wageningen","GM0289",2020-11-17,27,27,26,26,26,21,2020-10-01,6,0,1,1,100,"&#x279A;",39600,0,2.52525252525253,2.52525252525253
"Westervoort","GM0293",2020-11-17,13,13,12,12,12,12,2020-10-01,1,0,1,1,100,"&#x279A;",15023,0,6.65646009452173,6.65646009452173
"Winterswijk","GM0294",2020-11-17,10,10,9,9,9,7,2020-10-01,3,0,1,1,100,"&#x279A;",28912,0,3.45877144438295,3.45877144438295
"Wijchen","GM0296",2020-11-17,57,57,55,55,55,44,2020-10-01,13,0,2,2,200,"&#x279A;",41213,0,4.85283769684323,4.85283769684323
"Zaltbommel","GM0297",2020-11-17,25,25,24,24,23,21,2020-10-01,4,0,1,2,0,"-",29355,0,3.40657468915006,6.81314937830012
"Zevenaar","GM0299",2020-11-17,60,60,59,59,58,48,2020-10-01,12,0,1,2,0,"-",44058,0,2.26973534885832,4.53947069771665
"Zutphen","GM0301",2020-11-17,38,38,35,35,35,31,2020-10-01,7,0,3,3,300,"&#x279A;",48159,0,6.2293652276833,6.2293652276833
"Nunspeet","GM0302",2020-11-17,61,61,61,61,62,55,2020-10-01,6,0,0,-1,0,"-",27972,0,0,-3.57500357500358
"Dronten","GM0303",2020-11-17,40,40,40,40,40,31,2020-10-01,9,0,0,0,0,"-",41837,0,0,0
"Amersfoort","GM0307",2020-11-17,112,110,108,106,102,78,2020-10-01,34,2,4,10,-33.3333333333333,"&#x2798;",157691,1.26830320056313,2.53660640112625,6.34151600281563
"Baarn","GM0308",2020-11-17,20,19,18,18,18,12,2020-10-01,8,1,2,2,200,"&#x279A;",24864,4.02187902187902,8.04375804375804,8.04375804375804
"De Bilt","GM0310",2020-11-17,37,37,36,35,35,29,2020-10-01,8,0,1,2,0,"-",43328,0,2.30797636632201,4.61595273264402
"Bunnik","GM0312",2020-11-17,12,12,12,12,12,10,2020-10-01,2,0,0,0,0,"-",15344,0,0,0
"Bunschoten","GM0313",2020-11-17,22,22,20,19,19,12,2020-10-01,10,0,2,3,100,"&#x279A;",22001,0,9.09049588655061,13.6357438298259
"Eemnes","GM0317",2020-11-17,4,4,4,3,3,2,2020-10-01,2,0,0,1,-100,"&#x2798;",9350,0,0,10.6951871657754
"Houten","GM0321",2020-11-17,40,39,37,37,35,27,2020-10-01,13,1,3,5,50,"&#x279A;",50268,1.98933715286067,5.968011458582,9.94668576430333
"Leusden","GM0327",2020-11-17,14,14,12,12,11,9,2020-10-01,5,0,2,3,100,"&#x279A;",30486,0,6.5603883749918,9.8405825624877
"Lopik","GM0331",2020-11-17,25,25,25,25,25,20,2020-10-01,5,0,0,0,0,"-",14441,0,0,0
"Montfoort","GM0335",2020-11-17,16,16,16,16,16,15,2020-10-01,1,0,0,0,0,"-",13887,0,0,0
"Renswoude","GM0339",2020-11-17,5,5,5,5,5,5,2020-10-01,0,0,0,0,0,"-",5530,0,0,0
"Rhenen","GM0340",2020-11-17,14,14,14,14,13,11,2020-10-01,3,0,0,1,-100,"&#x2798;",20129,0,0,4.96795667941775
"Soest","GM0342",2020-11-17,40,40,40,40,37,24,2020-10-01,16,0,0,3,-100,"&#x2798;",46883,0,0,6.39890791971504
"Utrecht","GM0344",2020-11-17,414,413,396,393,379,301,2020-10-01,113,1,18,35,5.88235294117647,"&#x279A;",359374,0.278261643858487,5.00870958945277,9.73915753504705
"Veenendaal","GM0345",2020-11-17,65,64,63,63,61,49,2020-10-06,16,1,2,4,0,"-",66922,1.4942769193987,2.98855383879741,5.97710767759481
"Woudenberg","GM0351",2020-11-17,11,11,10,10,9,9,2020-10-06,2,0,1,2,0,"-",13579,0,7.36431254142426,14.7286250828485
"Wijk bij Duurstede","GM0352",2020-11-17,13,13,13,12,12,10,2020-10-01,3,0,0,1,-100,"&#x2798;",23910,0,0,4.18235048097031
"IJsselstein","GM0353",2020-11-17,49,49,49,48,45,36,2020-10-01,13,0,0,4,-100,"&#x2798;",33874,0,0,11.8084666706028
"Zeist","GM0355",2020-11-17,47,47,47,47,45,38,2020-10-01,9,0,0,2,-100,"&#x2798;",64914,0,0,3.08099947623009
"Nieuwegein","GM0356",2020-11-17,61,61,61,60,56,46,2020-10-01,15,0,0,5,-100,"&#x2798;",63748,0,0,7.84338332182971
"Aalsmeer","GM0358",2020-11-17,16,16,15,15,13,10,2020-10-01,6,0,1,3,-50,"&#x2798;",31927,0,3.13214520625176,9.39643561875529
"Alkmaar","GM0361",2020-11-17,75,74,71,71,68,57,2020-10-01,18,1,4,7,33.3333333333333,"&#x279A;",109782,0.91089613962216,3.64358455848864,6.37627297735512
"Amstelveen","GM0362",2020-11-17,83,83,79,79,78,69,2020-10-01,14,0,4,5,300,"&#x279A;",91061,0,4.39265986536498,5.49082483170622
"Amsterdam","GM0363",2020-11-17,1135,1129,1088,1086,1060,766,2020-10-01,369,6,47,75,67.8571428571429,"&#x279A;",872445,0.687722435225143,5.38715907593029,8.59653044031429
"Beemster","GM0370",2020-11-17,4,4,4,4,4,4,2020-10-01,0,0,0,0,0,"-",10038,0,0,0
"Bergen (NH.)","GM0373",2020-11-17,23,23,23,23,22,20,2020-10-06,3,0,0,1,-100,"&#x2798;",29745,0,0,3.36190956463271
"Beverwijk","GM0375",2020-11-17,23,23,22,22,21,15,2020-10-01,8,0,1,2,0,"-",41773,0,2.39389079070213,4.78778158140426
"Blaricum","GM0376",2020-11-17,8,8,8,8,8,8,2020-10-01,0,0,0,0,0,"-",11863,0,0,0
"Bloemendaal","GM0377",2020-11-17,10,10,10,10,10,7,2020-10-01,3,0,0,0,0,"-",23568,0,0,0
"Castricum","GM0383",2020-11-17,18,18,18,18,18,15,2020-10-01,3,0,0,0,0,"-",36155,0,0,0
"Diemen","GM0384",2020-11-17,26,26,25,25,25,20,2020-10-01,6,0,1,1,100,"&#x279A;",31312,0,3.19366377107818,3.19366377107818
"Edam-Volendam","GM0385",2020-11-17,50,50,49,48,42,26,2020-10-01,24,0,1,8,-85.7142857142857,"&#x2798;",36220,0,2.76090557702927,22.0872446162341
"Enkhuizen","GM0388",2020-11-17,20,20,20,20,20,18,2020-10-01,2,0,0,0,0,"-",18639,0,0,0
"Haarlem","GM0392",2020-11-17,117,117,116,116,109,75,2020-10-01,42,0,1,8,-85.7142857142857,"&#x2798;",162807,0,0.614224204118987,4.9137936329519
"Haarlemmermeer","GM0394",2020-11-17,110,109,105,105,101,76,2020-10-01,34,1,5,9,25,"&#x279A;",157440,0.635162601626016,3.17581300813008,5.71646341463415
"Heemskerk","GM0396",2020-11-17,36,36,36,35,35,31,2020-10-01,5,0,0,1,-100,"&#x2798;",39266,0,0,2.54673254214842
"Heemstede","GM0397",2020-11-17,17,17,17,17,17,13,2020-10-01,4,0,0,0,0,"-",27459,0,0,0
"Heerhugowaard","GM0398",2020-11-17,33,33,32,32,30,27,2020-10-01,6,0,1,3,-50,"&#x2798;",58139,0,1.72001582414558,5.16004747243675
"Heiloo","GM0399",2020-11-17,13,13,13,13,12,11,2020-10-01,2,0,0,1,-100,"&#x2798;",24121,0,0,4.14576510094938
"Den Helder","GM0400",2020-11-17,19,19,17,17,17,13,2020-10-01,6,0,2,2,200,"&#x279A;",56432,0,3.54408846044797,3.54408846044797
"Hilversum","GM0402",2020-11-17,47,47,47,46,42,37,2020-10-01,10,0,0,5,-100,"&#x2798;",91290,0,0,5.47705115565779
"Hoorn","GM0405",2020-11-17,45,44,43,42,41,36,2020-10-01,9,1,2,4,0,"-",73507,1.36041465438666,2.72082930877331,5.44165861754663
"Huizen","GM0406",2020-11-17,34,34,33,32,31,23,2020-10-01,11,0,1,3,-50,"&#x2798;",41139,0,2.4307834415032,7.29235032450959
"Landsmeer","GM0415",2020-11-17,6,6,6,6,5,3,2020-10-01,3,0,0,1,-100,"&#x2798;",11582,0,0,8.63408737696425
"Langedijk","GM0416",2020-11-17,21,21,21,21,21,17,2020-10-01,4,0,0,0,0,"-",28288,0,0,0
"Laren","GM0417",2020-11-17,10,10,10,10,10,8,2020-10-01,2,0,0,0,0,"-",11379,0,0,0
"Medemblik","GM0420",2020-11-17,22,22,22,22,20,19,2020-10-01,3,0,0,2,-100,"&#x2798;",45105,0,0,4.43409821527547
"Oostzaan","GM0431",2020-11-17,13,13,13,13,12,12,2020-10-01,1,0,0,1,-100,"&#x2798;",9667,0,0,10.3444708803145
"Opmeer","GM0432",2020-11-17,3,3,1,1,1,1,2020-10-01,2,0,2,2,200,"&#x279A;",11987,0,16.6847418036206,16.6847418036206
"Ouder-Amstel","GM0437",2020-11-17,8,8,8,8,8,6,2020-10-01,2,0,0,0,0,"-",14116,0,0,0
"Purmerend","GM0439",2020-11-17,93,92,90,90,88,73,2020-10-01,20,1,3,5,50,"&#x279A;",81768,1.22297231190686,3.66891693572058,6.11486155953429
"Schagen","GM0441",2020-11-17,23,23,22,22,21,19,2020-10-01,4,0,1,2,0,"-",46474,0,2.15174075827344,4.30348151654689
"Texel","GM0448",2020-11-17,6,6,6,6,6,5,2020-10-01,1,0,0,0,0,"-",13637,0,0,0
"Uitgeest","GM0450",2020-11-17,7,7,7,7,7,5,2020-10-01,2,0,0,0,0,"-",13647,0,0,0
"Uithoorn","GM0451",2020-11-17,23,23,22,22,21,18,2020-10-01,5,0,1,2,0,"-",30003,0,3.33300003333,6.66600006666
"Velsen","GM0453",2020-11-17,53,53,50,50,50,34,2020-10-01,19,0,3,3,300,"&#x279A;",68757,0,4.36319211134866,4.36319211134866
"Weesp","GM0457",2020-11-17,11,11,11,11,10,9,2020-10-01,2,0,0,1,-100,"&#x2798;",20425,0,0,4.89596083231334
"Zandvoort","GM0473",2020-11-17,15,15,15,15,15,11,2020-10-01,4,0,0,0,0,"-",17105,0,0,0
"Zaanstad","GM0479",2020-11-17,182,182,178,176,165,133,2020-10-01,49,0,4,17,-69.2307692307692,"&#x2798;",157073,0,2.54658661896061,10.8229931305826
"Alblasserdam","GM0482",2020-11-17,11,11,11,11,11,11,2020-10-01,0,0,0,0,0,"-",20262,0,0,0
"Alphen aan den Rijn","GM0484",2020-11-17,100,99,93,92,89,68,2020-10-01,32,1,7,11,75,"&#x279A;",112473,0.889102273434513,6.22371591404159,9.78012500777965
"Barendrecht","GM0489",2020-11-17,60,57,56,56,51,40,2020-10-01,20,3,4,9,-20,"&#x2798;",48657,6.1656082372526,8.22081098300347,18.4968247117578
"Drechterland","GM0498",2020-11-17,7,7,7,7,6,5,2020-10-01,2,0,0,1,-100,"&#x2798;",19801,0,0,5.05024998737438
"Brielle","GM0501",2020-11-17,18,18,18,18,17,12,2020-10-01,6,0,0,1,-100,"&#x2798;",17379,0,0,5.7540710052362
"Capelle aan den IJssel","GM0502",2020-11-17,86,85,80,79,73,58,2020-10-01,28,1,6,13,-14.2857142857143,"&#x2798;",67182,1.48849394182966,8.93096365097794,19.3504212437855
"Delft","GM0503",2020-11-17,56,56,54,54,50,41,2020-10-01,15,0,2,6,-50,"&#x2798;",103688,0,1.92886351361778,5.78659054085333
"Dordrecht","GM0505",2020-11-17,99,99,98,98,97,96,2020-10-01,3,0,1,2,0,"-",119246,0,0.83860255270617,1.67720510541234
"Gorinchem","GM0512",2020-11-17,20,20,20,20,20,19,2020-10-01,1,0,0,0,0,"-",37461,0,0,0
"Gouda","GM0513",2020-11-17,85,85,79,79,75,48,2020-10-01,37,0,6,10,50,"&#x279A;",73623,0,8.14962715455768,13.5827119242628
"'s-Gravenhage","GM0518",2020-11-17,720,717,679,676,632,441,2020-10-01,279,3,41,88,-12.7659574468085,"&#x2798;",548165,0.547280472120621,7.47949978564848,16.0535605155382
"Hardinxveld-Giessendam","GM0523",2020-11-17,2,2,2,2,2,2,2020-10-01,0,0,0,0,0,"-",18404,0,0,0
"Hellevoetsluis","GM0530",2020-11-17,25,25,20,20,21,16,2020-10-01,9,0,5,4,500,"&#x279A;",40229,0,12.4288448631584,9.94307589052673
"Hendrik-Ido-Ambacht","GM0531",2020-11-17,13,13,13,13,13,12,2020-10-01,1,0,0,0,0,"-",31274,0,0,0
"Stede Broec","GM0532",2020-11-17,20,20,20,20,19,18,2020-10-01,2,0,0,1,-100,"&#x2798;",21745,0,0,4.59875833524948
"Hillegom","GM0534",2020-11-17,9,9,9,9,8,8,2020-10-01,1,0,0,1,-100,"&#x2798;",22230,0,0,4.49842555105713
"Katwijk","GM0537",2020-11-17,54,54,52,52,49,33,2020-10-01,21,0,2,5,-33.3333333333333,"&#x2798;",65988,0,3.03085409468388,7.57713523670971
"Krimpen aan den IJssel","GM0542",2020-11-17,25,24,22,22,18,12,2020-10-01,13,1,3,7,-25,"&#x2798;",29453,3.39523987369708,10.1857196210912,23.7666791158795
"Leiden","GM0546",2020-11-17,74,73,67,66,64,46,2020-10-01,28,1,7,10,133.333333333333,"&#x279A;",123823,0.807604403059205,5.65323082141444,8.07604403059205
"Leiderdorp","GM0547",2020-11-17,28,28,27,27,26,15,2020-10-01,13,0,1,2,0,"-",27339,0,3.65777826548155,7.31555653096309
"Lisse","GM0553",2020-11-17,13,13,11,11,11,8,2020-10-01,5,0,2,2,200,"&#x279A;",23000,0,8.69565217391304,8.69565217391304
"Maassluis","GM0556",2020-11-17,39,39,35,35,32,23,2020-10-01,16,0,4,7,33.3333333333333,"&#x279A;",33476,0,11.9488588839766,20.910503046959
"Nieuwkoop","GM0569",2020-11-17,16,16,16,15,14,9,2020-10-01,7,0,0,2,-100,"&#x2798;",29080,0,0,6.87757909215956
"Noordwijk","GM0575",2020-11-17,38,38,36,36,32,20,2020-10-01,18,0,2,6,-50,"&#x2798;",43864,0,4.55954769286887,13.6786430786066
"Oegstgeest","GM0579",2020-11-17,15,15,14,14,13,8,2020-10-01,7,0,1,2,0,"-",25027,0,3.99568466056659,7.99136932113318
"Oudewater","GM0589",2020-11-17,31,31,31,31,30,26,2020-10-01,5,0,0,1,-100,"&#x2798;",10169,0,0,9.83380863408398
"Papendrecht","GM0590",2020-11-17,9,9,9,9,9,9,2020-10-01,0,0,0,0,0,"-",32119,0,0,0
"Ridderkerk","GM0597",2020-11-17,50,50,50,50,47,40,2020-10-01,10,0,0,3,-100,"&#x2798;",46638,0,0,6.43252283545607
"Rotterdam","GM0599",2020-11-17,1014,1003,944,936,873,649,2020-10-01,365,11,70,141,-1.40845070422535,"-",651524,1.68834916288579,10.744040127455,21.6415665424451
"Rijswijk","GM0603",2020-11-17,68,67,64,64,62,43,2020-10-01,25,1,4,6,100,"&#x279A;",55096,1.81501379410484,7.26005517641934,10.890082764629
"Schiedam","GM0606",2020-11-17,104,102,98,92,81,63,2020-10-01,41,2,6,23,-64.7058823529412,"&#x2798;",79244,2.52385038614911,7.57155115844733,29.0242794407148
"Sliedrecht","GM0610",2020-11-17,11,10,10,10,10,9,2020-10-01,2,1,1,1,100,"&#x279A;",25472,3.92587939698492,3.92587939698492,3.92587939698492
"Albrandswaard","GM0613",2020-11-17,25,24,21,21,19,15,2020-10-01,10,1,4,6,100,"&#x279A;",25853,3.8680230534174,15.4720922136696,23.2081383205044
"Westvoorne","GM0614",2020-11-17,8,8,8,8,6,6,2020-10-01,2,0,0,2,-100,"&#x2798;",14898,0,0,13.4246207544637
"Vlaardingen","GM0622",2020-11-17,79,79,70,69,63,47,2020-10-01,32,0,9,16,28.5714285714286,"&#x279A;",73823,0,12.1913224875716,21.6734622001273
"Voorschoten","GM0626",2020-11-17,12,12,12,12,11,9,2020-10-01,3,0,0,1,-100,"&#x2798;",25603,0,0,3.90579228996602
"Waddinxveen","GM0627",2020-11-17,33,32,31,31,27,19,2020-10-01,14,1,2,6,-50,"&#x2798;",30050,3.32778702163062,6.65557404326123,19.9667221297837
"Wassenaar","GM0629",2020-11-17,13,12,11,11,11,10,2020-10-01,3,1,2,2,200,"&#x279A;",26681,3.74798545781642,7.49597091563285,7.49597091563285
"Woerden","GM0632",2020-11-17,70,68,66,66,64,53,2020-10-01,17,2,4,6,100,"&#x279A;",52644,3.79910341159486,7.59820682318973,11.3973102347846
"Zoetermeer","GM0637",2020-11-17,76,76,74,74,71,59,2020-10-01,17,0,2,5,-33.3333333333333,"&#x2798;",125395,0,1.59495992663184,3.98739981657961
"Zoeterwoude","GM0638",2020-11-17,4,4,4,4,4,3,2020-10-01,1,0,0,0,0,"-",8790,0,0,0
"Zwijndrecht","GM0642",2020-11-17,30,30,30,30,30,27,2020-10-01,3,0,0,0,0,"-",44683,0,0,0
"Borsele","GM0654",2020-11-17,6,5,5,5,5,5,2020-10-01,1,1,1,1,100,"&#x279A;",22773,4.39116497606815,4.39116497606815,4.39116497606815
"Goes","GM0664",2020-11-17,19,17,15,15,15,12,2020-10-01,7,2,4,4,400,"&#x279A;",38539,5.18954824982485,10.3790964996497,10.3790964996497
"West Maas en Waal","GM0668",2020-11-17,24,24,24,24,24,21,2020-10-01,3,0,0,0,0,"-",19490,0,0,0
"Hulst","GM0677",2020-11-17,16,16,14,14,13,9,2020-10-01,7,0,2,3,100,"&#x279A;",27596,0,7.24742716335701,10.8711407450355
"Kapelle","GM0678",2020-11-17,4,4,3,3,3,3,2020-10-01,1,0,1,1,100,"&#x279A;",12847,0,7.78391842453491,7.78391842453491
"Middelburg","GM0687",2020-11-17,24,22,22,22,21,19,2020-10-01,5,2,2,3,100,"&#x279A;",48919,4.08839101371655,4.08839101371655,6.13258652057483
"Reimerswaal","GM0703",2020-11-17,6,6,6,6,6,5,2020-10-01,1,0,0,0,0,"-",22915,0,0,0
"Terneuzen","GM0715",2020-11-17,29,29,28,28,27,25,2020-10-01,4,0,1,2,0,"-",54421,0,1.83752595505411,3.67505191010823
"Tholen","GM0716",2020-11-17,48,48,47,46,45,40,2020-10-01,8,0,1,3,-50,"&#x2798;",25962,0,3.85178337570295,11.5553501271089
"Veere","GM0717",2020-11-17,9,9,8,8,8,6,2020-10-01,3,0,1,1,100,"&#x279A;",22002,0,4.54504135987638,4.54504135987638
"Vlissingen","GM0718",2020-11-17,15,13,13,13,12,9,2020-10-01,6,2,2,3,100,"&#x279A;",44245,4.52028477794101,4.52028477794101,6.78042716691152
"De Ronde Venen","GM0736",2020-11-17,60,60,60,60,56,40,2020-10-01,20,0,0,4,-100,"&#x2798;",44619,0,0,8.96479078419507
"Tytsjerksteradiel","GM0737",2020-11-17,8,8,7,7,7,5,2020-10-01,3,0,1,1,100,"&#x279A;",32059,0,3.11924888486852,3.11924888486852
"Asten","GM0743",2020-11-17,20,20,19,19,18,18,2020-10-01,2,0,1,2,0,"-",16746,0,5.97157530156455,11.9431506031291
"Baarle-Nassau","GM0744",2020-11-17,10,10,10,10,9,9,2020-10-01,1,0,0,1,-100,"&#x2798;",6917,0,0,14.4571345959231
"Bergen op Zoom","GM0748",2020-11-17,53,53,52,52,48,30,2020-10-01,23,0,1,5,-75,"&#x2798;",67670,0,1.47775971627013,7.38879858135067
"Best","GM0753",2020-11-17,36,36,35,35,35,31,2020-10-01,5,0,1,1,100,"&#x279A;",30106,0,3.32159702384907,3.32159702384907
"Boekel","GM0755",2020-11-17,36,36,36,36,36,34,2020-10-01,2,0,0,0,0,"-",10912,0,0,0
"Boxmeer","GM0756",2020-11-17,25,25,23,23,23,20,2020-10-01,5,0,2,2,200,"&#x279A;",29549,0,6.76841855900369,6.76841855900369
"Boxtel","GM0757",2020-11-17,26,25,25,25,25,24,2020-10-01,2,1,1,1,100,"&#x279A;",30851,3.24138601666072,3.24138601666072,3.24138601666072
"Breda","GM0758",2020-11-17,197,197,191,190,186,151,2020-10-01,46,0,6,11,20,"&#x279A;",184306,0,3.25545560101136,5.96833526852083
"Deurne","GM0762",2020-11-17,61,61,59,59,58,56,2020-10-01,5,0,2,3,100,"&#x279A;",32459,0,6.16161927354509,9.24242891031763
"Pekela","GM0765",2020-11-17,7,7,7,7,6,4,2020-10-01,3,0,0,1,-100,"&#x2798;",12155,0,0,8.22706705059646
"Dongen","GM0766",2020-11-17,34,34,31,31,30,20,2020-10-01,14,0,3,4,200,"&#x279A;",26332,0,11.3929819231353,15.1906425641805
"Eersel","GM0770",2020-11-17,35,35,33,33,32,27,2020-10-01,8,0,2,3,100,"&#x279A;",19469,0,10.2727412810108,15.4091119215163
"Eindhoven","GM0772",2020-11-17,224,223,216,216,211,185,2020-10-01,39,1,8,13,60,"&#x279A;",235465,0.424691567748922,3.39753254199138,5.52099038073599
"Etten-Leur","GM0777",2020-11-17,56,56,53,53,52,43,2020-10-01,13,0,3,4,200,"&#x279A;",43936,0,6.82811361981063,9.10415149308085
"Geertruidenberg","GM0779",2020-11-17,17,17,17,17,17,12,2020-10-01,5,0,0,0,0,"-",21749,0,0,0
"Gilze en Rijen","GM0784",2020-11-17,27,27,25,25,25,20,2020-10-01,7,0,2,2,200,"&#x279A;",26800,0,7.46268656716418,7.46268656716418
"Goirle","GM0785",2020-11-17,36,36,36,35,35,32,2020-10-01,4,0,0,1,-100,"&#x2798;",23839,0,0,4.19480682914552
"Grave","GM0786",2020-11-17,28,28,27,27,26,21,2020-10-01,7,0,1,2,0,"-",12456,0,8.02825947334618,16.0565189466924
"Haaren","GM0788",2020-11-17,20,20,20,20,20,19,2020-10-01,1,0,0,0,0,"-",14333,0,0,0
"Helmond","GM0794",2020-11-17,135,135,131,130,124,118,2020-10-01,17,0,4,11,-42.8571428571429,"&#x2798;",92475,0,4.32549337658827,11.8951067856177
"'s-Hertogenbosch","GM0796",2020-11-17,157,157,156,156,153,134,2020-10-01,23,0,1,4,-66.6666666666667,"&#x2798;",155586,0,0.642731351149846,2.57092540459939
"Heusden","GM0797",2020-11-17,56,56,53,53,51,45,2020-10-01,11,0,3,5,50,"&#x279A;",44956,0,6.67319156508586,11.1219859418098
"Hilvarenbeek","GM0798",2020-11-17,16,16,16,16,15,10,2020-10-01,6,0,0,1,-100,"&#x2798;",15644,0,0,6.39222705190488
"Loon op Zand","GM0809",2020-11-17,32,32,32,32,30,27,2020-10-01,5,0,0,2,-100,"&#x2798;",23447,0,0,8.5298758903058
"Mill en Sint Hubert","GM0815",2020-11-17,14,14,13,13,12,9,2020-10-01,5,0,1,2,0,"-",10990,0,9.09918107370337,18.1983621474067
"Nuenen, Gerwen en Nederwetten","GM0820",2020-11-17,21,21,20,20,20,18,2020-10-01,3,0,1,1,100,"&#x279A;",23629,0,4.23208768885691,4.23208768885691
"Oirschot","GM0823",2020-11-17,17,17,17,17,17,13,2020-10-01,4,0,0,0,0,"-",18836,0,0,0
"Oisterwijk","GM0824",2020-11-17,29,29,29,29,28,24,2020-10-01,5,0,0,1,-100,"&#x2798;",26427,0,0,3.78400877890037
"Oosterhout","GM0826",2020-11-17,53,53,53,53,53,50,2020-10-01,3,0,0,0,0,"-",56191,0,0,0
"Oss","GM0828",2020-11-17,188,188,185,185,178,168,2020-10-01,20,0,3,10,-57.1428571428571,"&#x2798;",92356,0,3.24830005630387,10.8276668543462
"Rucphen","GM0840",2020-11-17,19,19,18,18,17,10,2020-10-01,9,0,1,2,0,"-",23043,0,4.33971271101853,8.67942542203706
"Sint-Michielsgestel","GM0845",2020-11-17,38,38,38,38,38,36,2020-10-01,2,0,0,0,0,"-",29478,0,0,0
"Someren","GM0847",2020-11-17,34,34,34,34,34,33,2020-10-01,1,0,0,0,0,"-",19325,0,0,0
"Son en Breugel","GM0848",2020-11-17,32,32,32,32,31,31,2020-10-01,1,0,0,1,-100,"&#x2798;",17504,0,0,5.71297989031079
"Steenbergen","GM0851",2020-11-17,19,19,18,18,18,13,2020-10-01,6,0,1,1,100,"&#x279A;",24353,0,4.10627027470948,4.10627027470948
"Waterland","GM0852",2020-11-17,24,24,23,23,22,16,2020-10-01,8,0,1,2,0,"-",17374,0,5.75572694831357,11.5114538966271
"Tilburg","GM0855",2020-11-17,296,293,286,286,283,257,2020-10-01,39,3,10,13,233.333333333333,"&#x279A;",220589,1.35999528534968,4.53331761783226,5.89331290318194
"Uden","GM0856",2020-11-17,117,117,116,116,116,115,2020-10-01,2,0,1,1,100,"&#x279A;",42195,0,2.36994904609551,2.36994904609551
"Valkenswaard","GM0858",2020-11-17,23,23,23,23,23,19,2020-10-01,4,0,0,0,0,"-",31253,0,0,0
"Veldhoven","GM0861",2020-11-17,40,40,40,40,39,31,2020-10-01,9,0,0,1,-100,"&#x2798;",45662,0,0,2.1900048180106
"Vught","GM0865",2020-11-17,44,44,44,43,43,43,2020-10-01,1,0,0,1,-100,"&#x2798;",26794,0,0,3.7321788460103
"Waalre","GM0866",2020-11-17,9,9,8,8,8,7,2020-10-01,2,0,1,1,100,"&#x279A;",17552,0,5.69735642661805,5.69735642661805
"Waalwijk","GM0867",2020-11-17,50,50,48,48,47,39,2020-10-01,11,0,2,3,100,"&#x279A;",48895,0,4.09039779118519,6.13559668677779
"Woensdrecht","GM0873",2020-11-17,10,10,10,10,10,6,2020-10-01,4,0,0,0,0,"-",21936,0,0,0
"Zundert","GM0879",2020-11-17,28,28,27,27,27,24,2020-10-01,4,0,1,1,100,"&#x279A;",22002,0,4.54504135987638,4.54504135987638
"Wormerland","GM0880",2020-11-17,24,24,22,22,21,20,2020-10-01,4,0,2,3,100,"&#x279A;",16245,0,12.3114804555248,18.4672206832872
"Landgraaf","GM0882",2020-11-17,55,55,55,55,55,52,2020-10-01,3,0,0,0,0,"-",37277,0,0,0
"Beek","GM0888",2020-11-17,18,18,18,18,18,16,2020-10-03,2,0,0,0,0,"-",15929,0,0,0
"Beesel","GM0889",2020-11-17,23,23,21,21,20,20,2020-10-01,3,0,2,3,100,"&#x279A;",13431,0,14.8909239818331,22.3363859727496
"Bergen (L.)","GM0893",2020-11-17,11,11,10,10,10,7,2020-10-01,4,0,1,1,100,"&#x279A;",13105,0,7.63067531476536,7.63067531476536
"Brunssum","GM0899",2020-11-17,51,51,50,50,50,46,2020-10-01,5,0,1,1,100,"&#x279A;",27698,0,3.61036897970973,3.61036897970973
"Gennep","GM0907",2020-11-17,18,18,18,18,18,17,2020-10-01,1,0,0,0,0,"-",16962,0,0,0
"Heerlen","GM0917",2020-11-17,136,134,132,132,131,126,2020-10-01,10,2,4,5,300,"&#x279A;",86825,2.30348401957961,4.60696803915923,5.75871004894904
"Kerkrade","GM0928",2020-11-17,75,75,74,74,71,64,2020-10-01,11,0,1,4,-66.6666666666667,"&#x2798;",45513,0,2.19717443367829,8.78869773471316
"Maastricht","GM0935",2020-11-17,207,207,204,204,202,192,2020-10-01,15,0,3,5,50,"&#x279A;",120332,0,2.49310241664728,4.15517069441213
"Meerssen","GM0938",2020-11-17,23,23,23,23,23,22,2020-10-01,1,0,0,0,0,"-",18717,0,0,0
"Mook en Middelaar","GM0944",2020-11-17,8,8,8,8,8,7,2020-10-01,1,0,0,0,0,"-",7896,0,0,0
"Nederweert","GM0946",2020-11-17,37,37,35,34,34,31,2020-10-01,6,0,2,3,100,"&#x279A;",17156,0,11.6577290743763,17.4865936115645
"Roermond","GM0957",2020-11-17,66,66,65,65,65,61,2020-10-01,5,0,1,1,100,"&#x279A;",58748,0,1.70218560631851,1.70218560631851
"Simpelveld","GM0965",2020-11-17,20,20,19,19,19,19,2020-10-01,1,0,1,1,100,"&#x279A;",10517,0,9.5084149472283,9.5084149472283
"Stein","GM0971",2020-11-17,49,49,49,49,49,44,2020-10-01,5,0,0,0,0,"-",24904,0,0,0
"Vaals","GM0981",2020-11-17,10,10,10,10,10,10,2020-10-01,0,0,0,0,0,"-",10017,0,0,0
"Venlo","GM0983",2020-11-17,149,149,147,147,145,134,2020-10-01,15,0,2,4,0,"-",101928,0,1.9621693744604,3.92433874892081
"Venray","GM0984",2020-11-17,43,43,43,43,42,37,2020-10-01,6,0,0,1,-100,"&#x2798;",43715,0,0,2.28754432117122
"Voerendaal","GM0986",2020-11-17,18,18,18,18,18,17,2020-10-01,1,0,0,0,0,"-",12485,0,0,0
"Weert","GM0988",2020-11-17,81,81,75,75,72,67,2020-10-01,14,0,6,9,100,"&#x279A;",50053,0,11.9872934689229,17.9809402033844
"Valkenburg aan de Geul","GM0994",2020-11-17,23,23,23,23,22,19,2020-10-01,4,0,0,1,-100,"&#x2798;",16415,0,0,6.09198903441974
"Lelystad","GM0995",2020-11-17,94,93,90,89,86,69,2020-10-01,25,1,4,8,0,"-",79573,1.2567076772272,5.0268307089088,10.0536614178176
"Horst aan de Maas","GM1507",2020-11-17,47,47,47,48,47,41,2020-10-01,6,0,0,0,0,"-",42439,0,0,0
"Oude IJsselstreek","GM1509",2020-11-17,25,25,25,25,25,21,2020-10-01,4,0,0,0,0,"-",39336,0,0,0
"Teylingen","GM1525",2020-11-17,21,21,19,19,19,15,2020-10-01,6,0,2,2,200,"&#x279A;",37699,0,5.30518050876681,5.30518050876681
"Utrechtse Heuvelrug","GM1581",2020-11-17,33,33,33,33,33,29,2020-10-01,4,0,0,0,0,"-",49928,0,0,0
"Oost Gelre","GM1586",2020-11-17,22,22,21,21,21,18,2020-10-01,4,0,1,1,100,"&#x279A;",29638,0,3.37404683177003,3.37404683177003
"Koggenland","GM1598",2020-11-17,12,12,11,10,9,7,2020-10-01,5,0,1,3,-50,"&#x2798;",22915,0,4.36395374209033,13.091861226271
"Lansingerland","GM1621",2020-11-17,57,57,55,54,52,44,2020-10-01,13,0,2,5,-33.3333333333333,"&#x2798;",63143,0,3.16741364838541,7.91853412096353
"Leudal","GM1640",2020-11-17,57,57,55,55,54,54,2020-10-01,3,0,2,3,100,"&#x279A;",35979,0,5.55879818783179,8.33819728174769
"Maasgouw","GM1641",2020-11-17,28,28,28,28,28,28,2020-10-01,0,0,0,0,0,"-",23938,0,0,0
"Gemert-Bakel","GM1652",2020-11-17,80,80,80,80,79,79,2020-10-01,1,0,0,1,-100,"&#x2798;",30724,0,0,3.2547845332639
"Halderberge","GM1655",2020-11-17,30,30,29,29,27,16,2020-10-01,14,0,1,3,-50,"&#x2798;",30419,0,3.28741904730596,9.86225714191788
"Heeze-Leende","GM1658",2020-11-17,18,18,18,18,18,16,2020-10-01,2,0,0,0,0,"-",16191,0,0,0
"Laarbeek","GM1659",2020-11-17,42,42,42,42,42,41,2020-10-01,1,0,0,0,0,"-",22731,0,0,0
"Reusel-De Mierden","GM1667",2020-11-17,15,15,15,15,15,11,2020-10-01,4,0,0,0,0,"-",13114,0,0,0
"Roerdalen","GM1669",2020-11-17,28,28,28,28,27,27,2020-10-01,1,0,0,1,-100,"&#x2798;",20557,0,0,4.86452303351656
"Roosendaal","GM1674",2020-11-17,53,52,49,49,47,34,2020-10-01,19,1,4,6,100,"&#x279A;",77288,1.293861919056,5.17544767622399,7.76317151433599
"Schouwen-Duiveland","GM1676",2020-11-17,15,15,13,13,13,12,2020-10-01,3,0,2,2,200,"&#x279A;",33979,0,5.88598840460284,5.88598840460284
"Aa en Hunze","GM1680",2020-11-17,1,1,1,1,1,1,2020-10-01,0,0,0,0,0,"-",25380,0,0,0
"Borger-Odoorn","GM1681",2020-11-17,8,8,8,8,8,4,2020-10-01,4,0,0,0,0,"-",25572,0,0,0
"Cuijk","GM1684",2020-11-17,19,19,18,18,18,12,2020-10-01,7,0,1,1,100,"&#x279A;",25325,0,3.94866732477789,3.94866732477789
"Landerd","GM1685",2020-11-17,42,42,42,42,42,41,2020-10-01,1,0,0,0,0,"-",15807,0,0,0
"De Wolden","GM1690",2020-11-17,16,16,16,16,16,11,2020-10-01,5,0,0,0,0,"-",24372,0,0,0
"Noord-Beveland","GM1695",2020-11-17,1,1,1,1,1,1,2020-10-01,0,0,0,0,0,"-",7552,0,0,0
"Wijdemeren","GM1696",2020-11-17,14,14,14,14,11,8,2020-10-01,6,0,0,3,-100,"&#x2798;",24414,0,0,12.2880314573605
"Noordenveld","GM1699",2020-11-17,7,7,7,7,6,4,2020-10-01,3,0,0,1,-100,"&#x2798;",31256,0,0,3.19938571794215
"Twenterand","GM1700",2020-11-17,14,14,13,13,12,12,2020-10-01,2,0,1,2,0,"-",33710,0,2.96647878967665,5.93295757935331
"Westerveld","GM1701",2020-11-17,9,9,9,9,9,9,2020-10-01,0,0,0,0,0,"-",19585,0,0,0
"Sint Anthonis","GM1702",2020-11-17,21,21,21,21,21,20,2020-10-01,1,0,0,0,0,"-",11683,0,0,0
"Lingewaard","GM1705",2020-11-17,42,42,42,41,38,34,2020-10-01,8,0,0,4,-100,"&#x2798;",46726,0,0,8.56054445062706
"Cranendonck","GM1706",2020-11-17,65,65,65,65,63,63,2020-10-01,2,0,0,2,-100,"&#x2798;",20983,0,0,9.53152552065958
"Steenwijkerland","GM1708",2020-11-17,18,17,16,16,16,14,2020-10-01,4,1,2,2,200,"&#x279A;",44286,2.25804994806485,4.5160998961297,4.5160998961297
"Moerdijk","GM1709",2020-11-17,24,24,24,23,22,16,2020-10-01,8,0,0,2,-100,"&#x2798;",37203,0,0,5.37591054484853
"Echt-Susteren","GM1711",2020-11-17,44,44,43,43,43,40,2020-10-01,4,0,1,1,100,"&#x279A;",31743,0,3.15030085373153,3.15030085373153
"Sluis","GM1714",2020-11-17,15,15,13,12,10,9,2020-10-01,6,0,2,5,-33.3333333333333,"&#x2798;",23166,0,8.6333419666753,21.5833549166883
"Drimmelen","GM1719",2020-11-17,23,23,22,22,21,19,2020-10-01,4,0,1,2,0,"-",27285,0,3.66501740883269,7.33003481766538
"Bernheze","GM1721",2020-11-17,100,100,98,98,98,95,2020-10-01,5,0,2,2,200,"&#x279A;",31402,0,6.36902108145978,6.36902108145978
"Alphen-Chaam","GM1723",2020-11-17,18,18,18,18,18,18,2020-10-01,0,0,0,0,0,"-",10322,0,0,0
"Bergeijk","GM1724",2020-11-17,20,20,20,20,20,19,2020-10-01,1,0,0,0,0,"-",18712,0,0,0
"Bladel","GM1728",2020-11-17,24,24,24,24,23,21,2020-10-01,3,0,0,1,-100,"&#x2798;",20558,0,0,4.86428640918377
"Gulpen-Wittem","GM1729",2020-11-17,26,26,26,26,26,22,2020-10-01,4,0,0,0,0,"-",14205,0,0,0
"Tynaarlo","GM1730",2020-11-17,12,12,11,11,11,9,2020-10-01,3,0,1,1,100,"&#x279A;",33858,0,2.95351172544155,2.95351172544155
"Midden-Drenthe","GM1731",2020-11-17,7,7,6,6,6,6,2020-10-01,1,0,1,1,100,"&#x279A;",33309,0,3.0021915998679,3.0021915998679
"Overbetuwe","GM1734",2020-11-17,62,62,63,63,62,56,2020-10-01,6,0,-1,0,-200,"&#x2798;",48085,0,-2.07965061869606,0
"Hof van Twente","GM1735",2020-11-17,21,21,21,21,20,15,2020-10-01,6,0,0,1,-100,"&#x2798;",35063,0,0,2.85200924050994
"Neder-Betuwe","GM1740",2020-11-17,44,44,44,44,44,37,2020-10-01,7,0,0,0,0,"-",24560,0,0,0
"Rijssen-Holten","GM1742",2020-11-17,31,31,30,30,30,29,2020-10-01,2,0,1,1,100,"&#x279A;",38202,0,2.61766399664939,2.61766399664939
"Geldrop-Mierlo","GM1771",2020-11-17,41,41,38,37,37,33,2020-10-01,8,0,3,4,200,"&#x279A;",40040,0,7.49250749250749,9.99000999000999
"Olst-Wijhe","GM1773",2020-11-17,12,12,12,12,12,12,2020-10-01,0,0,0,0,0,"-",18335,0,0,0
"Dinkelland","GM1774",2020-11-17,23,23,22,22,21,20,2020-10-01,3,0,1,2,0,"-",26565,0,3.76435159043855,7.52870318087709
"Westland","GM1783",2020-11-17,88,88,81,79,75,61,2020-10-01,27,0,7,13,16.6666666666667,"&#x279A;",111307,0,6.28891264700333,11.6794092015776
"Midden-Delfland","GM1842",2020-11-17,11,10,9,9,8,5,2020-10-01,6,1,2,3,100,"&#x279A;",19389,5.15756356697096,10.3151271339419,15.4726907009129
"Berkelland","GM1859",2020-11-17,24,24,22,22,20,14,2020-10-01,10,0,2,4,0,"-",43834,0,4.56266824839166,9.12533649678332
"Bronckhorst","GM1876",2020-11-17,19,19,19,19,18,17,2020-10-01,2,0,0,1,-100,"&#x2798;",36106,0,0,2.76962277737772
"Sittard-Geleen","GM1883",2020-11-17,132,132,130,130,128,119,2020-10-01,13,0,2,4,0,"-",91816,0,2.17826958264355,4.3565391652871
"Kaag en Braassem","GM1884",2020-11-17,10,10,9,9,9,8,2020-10-01,2,0,1,1,100,"&#x279A;",27555,0,3.62910542551261,3.62910542551261
"Dantumadiel","GM1891",2020-11-17,2,2,2,2,2,2,2020-10-01,0,0,0,0,0,"-",18920,0,0,0
"Zuidplas","GM1892",2020-11-17,40,40,38,38,32,26,2020-10-01,14,0,2,8,-66.6666666666667,"&#x2798;",44938,0,4.45057634963728,17.8023053985491
"Peel en Maas","GM1894",2020-11-17,147,147,146,146,146,144,2020-10-01,3,0,1,1,100,"&#x279A;",43644,0,2.29126569517001,2.29126569517001
"Oldambt","GM1895",2020-11-17,11,11,11,11,10,7,2020-10-01,4,0,0,1,-100,"&#x2798;",38258,0,0,2.61383240106644
"Zwartewaterland","GM1896",2020-11-17,36,36,35,35,35,35,2020-10-01,1,0,1,1,100,"&#x279A;",22770,0,4.3917435221783,4.3917435221783
"Súdwest-Fryslân","GM1900",2020-11-17,23,23,23,23,22,19,2020-10-01,4,0,0,1,-100,"&#x2798;",89924,0,0,1.11205017570393
"Bodegraven-Reeuwijk","GM1901",2020-11-17,23,23,17,17,16,8,2020-10-01,15,0,6,7,500,"&#x279A;",35205,0,17.0430336599915,19.8835392699901
"Eijsden-Margraten","GM1903",2020-11-17,60,60,60,60,59,54,2020-10-01,6,0,0,1,-100,"&#x2798;",25869,0,0,3.86563067764506
"Stichtse Vecht","GM1904",2020-11-17,60,59,58,56,53,39,2020-10-01,21,1,2,7,-60,"&#x2798;",65209,1.53353064760999,3.06706129521999,10.7347145332699
"Hollands Kroon","GM1911",2020-11-17,31,31,30,30,27,26,2020-10-01,5,0,1,4,-66.6666666666667,"&#x2798;",48518,0,2.0610907292139,8.2443629168556
"Leidschendam-Voorburg","GM1916",2020-11-17,52,52,48,48,42,31,2020-10-01,21,0,4,10,-33.3333333333333,"&#x2798;",76468,0,5.23094627818172,13.0773656954543
"Goeree-Overflakkee","GM1924",2020-11-17,70,69,65,64,62,56,2020-10-01,14,1,5,8,66.6666666666667,"&#x279A;",50454,1.98200340904586,9.91001704522932,15.8560272723669
"Pijnacker-Nootdorp","GM1926",2020-11-17,36,36,34,34,33,30,2020-10-01,6,0,2,3,100,"&#x279A;",55441,0,3.6074385382659,5.41115780739886
"Nissewaard","GM1930",2020-11-17,86,86,81,81,79,59,2020-10-01,27,0,5,7,150,"&#x279A;",85315,0,5.86063412061185,8.20488776885659
"Krimpenerwaard","GM1931",2020-11-17,65,65,64,64,60,47,2020-10-01,18,0,1,5,-75,"&#x2798;",56427,0,1.77220125117408,8.86100625587042
"De Fryske Marren","GM1940",2020-11-17,24,24,24,24,24,17,2020-10-01,7,0,0,0,0,"-",51662,0,0,0
"Gooise Meren","GM1942",2020-11-17,33,33,33,32,29,25,2020-10-01,8,0,0,4,-100,"&#x2798;",58378,0,0,6.85189626229059
"Berg en Dal","GM1945",2020-11-17,42,42,42,42,42,31,2020-10-01,11,0,0,0,0,"-",34987,0,0,0
"Meierijstad","GM1948",2020-11-17,223,222,220,220,218,211,2020-10-01,12,1,3,5,50,"&#x279A;",81579,1.22580566077054,3.67741698231162,6.12902830385271
"Waadhoeke","GM1949",2020-11-17,16,16,15,15,15,13,2020-10-01,3,0,1,1,100,"&#x279A;",46115,0,2.1684918139434,2.1684918139434
"Westerwolde","GM1950",2020-11-17,12,12,12,12,12,5,2020-10-01,7,0,0,0,0,"-",25595,0,0,0
"Midden-Groningen","GM1952",2020-11-17,14,14,10,10,10,7,2020-10-01,7,0,4,4,400,"&#x279A;",60723,0,6.58728982428404,6.58728982428404
"Beekdaelen","GM1954",2020-11-17,53,53,52,52,52,52,2020-10-01,1,0,1,1,100,"&#x279A;",36038,0,2.77484877074199,2.77484877074199
"Montferland","GM1955",2020-11-17,26,26,26,25,25,22,2020-10-01,4,0,0,1,-100,"&#x2798;",36043,0,0,2.77446383486391
"Altena","GM1959",2020-11-17,43,43,42,41,40,33,2020-10-01,10,0,1,3,-50,"&#x2798;",56278,0,1.77689327978962,5.33067983936885
"West Betuwe","GM1960",2020-11-17,61,60,58,58,55,44,2020-10-01,17,1,3,6,0,"-",51431,1.94435262779258,5.83305788337773,11.6661157667555
"Vijfheerenlanden","GM1961",2020-11-17,54,52,52,52,49,38,2020-10-01,16,2,2,5,-33.3333333333333,"&#x2798;",57665,3.46830833261077,3.46830833261077,8.67077083152692
"Hoeksche Waard","GM1963",2020-11-17,84,84,85,85,85,80,2020-10-01,4,0,-1,-1,-100,"&#x2798;",87781,0,-1.13919868764311,-1.13919868764311
"Het Hogeland","GM1966",2020-11-17,9,9,9,9,7,7,2020-10-01,2,0,0,2,-100,"&#x2798;",47821,0,0,4.18226302252149
"Westerkwartier","GM1969",2020-11-17,20,20,20,20,19,14,2020-10-01,6,0,0,1,-100,"&#x2798;",63533,0,0,1.57398517305967
"Noardeast-Fryslân","GM1970",2020-11-17,9,9,9,9,7,7,2020-10-01,2,0,0,2,-100,"&#x2798;",45479,0,0,4.3976340728688
"Molenlanden","GM1978",2020-11-17,20,20,20,20,20,20,2020-10-01,0,0,0,0,0,"-",44042,0,0,0
