"municipality","Municipality_code","date","d0","d1","d7","d8","d14","lowest_since_nov1","lowest_since_nov1_date","current","increase_1d","increase_7d","increase_14d","increase_growth","growth","population","rel_increase_1d","rel_increase_7d","rel_increase_14d"
"Netherlands","",2020-12-02,17736,17677,17283,17209,16772,15242,2020-11-01,2494,59,453,964,-11.3502935420744,"&#x2798;",17443797,0.338229113764624,2.59691167009109,5.52631975710334
"Unknown","",2020-12-02,107,108,101,103,102,91,2020-11-01,16,-1,6,5,600,"&#x279A;",NA,NA,NA,NA
"Appingedam","GM0003",2020-12-02,8,8,8,8,8,8,2020-11-01,0,0,0,0,0,"-",11529,0,0,0
"Delfzijl","GM0010",2020-12-02,9,9,9,9,9,8,2020-11-01,1,0,0,0,0,"-",24627,0,0,0
"Groningen","GM0014",2020-12-02,37,36,35,34,33,32,2020-11-01,5,1,2,4,0,"-",233266,0.428695137739748,0.857390275479496,1.71478055095899
"Loppersum","GM0024",2020-12-02,1,1,1,1,1,0,2020-11-01,1,0,0,0,0,"-",9501,0,0,0
"Almere","GM0034",2020-12-02,183,182,179,179,175,170,2020-11-01,13,1,4,8,0,"-",214133,0.466999481630575,1.8679979265223,3.7359958530446
"Stadskanaal","GM0037",2020-12-02,9,9,9,9,9,8,2020-11-01,1,0,0,0,0,"-",31564,0,0,0
"Veendam","GM0047",2020-12-02,4,4,4,4,4,4,2020-11-01,0,0,0,0,0,"-",27440,0,0,0
"Zeewolde","GM0050",2020-12-02,16,15,14,14,14,13,2020-11-01,3,1,2,2,200,"&#x279A;",22750,4.3956043956044,8.79120879120879,8.79120879120879
"Achtkarspelen","GM0059",2020-12-02,0,0,0,0,0,0,2020-11-01,0,0,0,0,0,"-",27890,0,0,0
"Ameland","GM0060",2020-12-02,0,0,0,0,0,0,2020-11-01,0,0,0,0,0,"-",3766,0,0,0
"Harlingen","GM0072",2020-12-02,5,5,5,5,5,4,2020-11-01,1,0,0,0,0,"-",15827,0,0,0
"Heerenveen","GM0074",2020-12-02,17,17,17,17,17,16,2020-11-01,1,0,0,0,0,"-",50561,0,0,0
"Leeuwarden","GM0080",2020-12-02,52,52,49,49,47,47,2020-11-01,5,0,3,5,50,"&#x279A;",124338,0,2.41277807267288,4.02129678778813
"Ooststellingwerf","GM0085",2020-12-02,7,7,7,7,6,5,2020-11-01,2,0,0,1,-100,"&#x2798;",25398,0,0,3.93731789904717
"Opsterland","GM0086",2020-12-02,11,11,11,11,11,8,2020-11-01,3,0,0,0,0,"-",29777,0,0,0
"Schiermonnikoog","GM0088",2020-12-02,1,1,1,1,1,1,2020-11-01,0,0,0,0,0,"-",940,0,0,0
"Smallingerland","GM0090",2020-12-02,14,14,13,13,13,12,2020-11-01,2,0,1,1,100,"&#x279A;",56109,0,1.78224527259441,1.78224527259441
"Terschelling","GM0093",2020-12-02,1,1,1,1,1,1,2020-11-01,0,0,0,0,0,"-",4893,0,0,0
"Vlieland","GM0096",2020-12-02,0,0,0,0,0,0,2020-11-01,0,0,0,0,0,"-",1208,0,0,0
"Weststellingwerf","GM0098",2020-12-02,5,5,5,5,5,3,2020-11-01,2,0,0,0,0,"-",26044,0,0,0
"Assen","GM0106",2020-12-02,22,22,20,20,17,14,2020-11-01,8,0,2,5,-33.3333333333333,"&#x2798;",68890,0,2.90317898098418,7.25794745246044
"Coevorden","GM0109",2020-12-02,22,21,21,21,20,19,2020-11-01,3,1,1,2,0,"-",35274,2.83494925440835,2.83494925440835,5.66989850881669
"Emmen","GM0114",2020-12-02,56,56,54,54,53,49,2020-11-01,7,0,2,3,100,"&#x279A;",107083,0,1.8677100940392,2.80156514105881
"Hoogeveen","GM0118",2020-12-02,33,33,32,32,32,29,2020-11-01,4,0,1,1,100,"&#x279A;",55612,0,1.79817305617493,1.79817305617493
"Meppel","GM0119",2020-12-02,13,13,13,13,13,11,2020-11-01,2,0,0,0,0,"-",34211,0,0,0
"Almelo","GM0141",2020-12-02,42,42,40,40,39,32,2020-11-01,10,0,2,3,100,"&#x279A;",73183,0,2.73287512127133,4.099312681907
"Borne","GM0147",2020-12-02,17,16,16,16,16,16,2020-11-01,1,1,1,1,100,"&#x279A;",23582,4.24052243236367,4.24052243236367,4.24052243236367
"Dalfsen","GM0148",2020-12-02,18,18,18,18,18,17,2020-11-01,1,0,0,0,0,"-",28921,0,0,0
"Deventer","GM0150",2020-12-02,55,55,54,54,54,50,2020-11-01,5,0,1,1,100,"&#x279A;",101021,0,0.989893190524742,0.989893190524742
"Enschede","GM0153",2020-12-02,99,99,93,93,93,70,2020-11-01,29,0,6,6,600,"&#x279A;",159857,0,3.75335456063857,3.75335456063857
"Haaksbergen","GM0158",2020-12-02,22,22,21,21,21,18,2020-11-01,4,0,1,1,100,"&#x279A;",24271,0,4.12014338098966,4.12014338098966
"Hardenberg","GM0160",2020-12-02,31,30,28,28,26,24,2020-11-01,7,1,3,5,50,"&#x279A;",61240,1.63291966035271,4.89875898105813,8.16459830176355
"Hellendoorn","GM0163",2020-12-02,15,15,15,15,15,13,2020-11-01,2,0,0,0,0,"-",35938,0,0,0
"Hengelo","GM0164",2020-12-02,45,45,43,43,42,39,2020-11-01,6,0,2,3,100,"&#x279A;",81149,0,2.46460215159768,3.69690322739652
"Kampen","GM0166",2020-12-02,66,66,65,64,63,61,2020-11-01,5,0,1,3,-50,"&#x2798;",54429,0,1.83725587462566,5.51176762387698
"Losser","GM0168",2020-12-02,14,14,13,13,13,11,2020-11-01,3,0,1,1,100,"&#x279A;",22850,0,4.37636761487965,4.37636761487965
"Noordoostpolder","GM0171",2020-12-02,23,23,22,21,21,20,2020-11-01,3,0,1,2,0,"-",47514,0,2.10464284210969,4.20928568421939
"Oldenzaal","GM0173",2020-12-02,25,25,23,23,22,16,2020-11-01,9,0,2,3,100,"&#x279A;",31771,0,6.29504894400554,9.44257341600831
"Ommen","GM0175",2020-12-02,9,9,9,9,9,9,2020-11-01,0,0,0,0,0,"-",18204,0,0,0
"Raalte","GM0177",2020-12-02,27,27,27,27,26,25,2020-11-01,2,0,0,1,-100,"&#x2798;",37817,0,0,2.64431340402464
"Staphorst","GM0180",2020-12-02,11,11,11,11,11,8,2020-11-01,3,0,0,0,0,"-",17235,0,0,0
"Tubbergen","GM0183",2020-12-02,14,13,13,13,13,12,2020-11-01,2,1,1,1,100,"&#x279A;",21282,4.6988065031482,4.6988065031482,4.6988065031482
"Urk","GM0184",2020-12-02,33,32,29,29,28,24,2020-11-01,9,1,4,5,300,"&#x279A;",21161,4.72567459004773,18.9026983601909,23.6283729502386
"Wierden","GM0189",2020-12-02,9,9,8,8,8,7,2020-11-01,2,0,1,1,100,"&#x279A;",24517,0,4.07880246359669,4.07880246359669
"Zwolle","GM0193",2020-12-02,62,62,61,61,57,54,2020-11-01,8,0,1,5,-75,"&#x2798;",129465,0,0.772409531533619,3.8620476576681
"Aalten","GM0197",2020-12-02,14,14,14,14,14,13,2020-11-01,1,0,0,0,0,"-",27110,0,0,0
"Apeldoorn","GM0200",2020-12-02,133,133,129,129,124,117,2020-11-01,16,0,4,9,-20,"&#x2798;",164513,0,2.43141879365157,5.47069228571602
"Arnhem","GM0202",2020-12-02,114,114,111,110,109,99,2020-11-01,15,0,3,5,50,"&#x279A;",162219,0,1.84935180219333,3.08225300365555
"Barneveld","GM0203",2020-12-02,31,31,30,30,30,25,2020-11-01,6,0,1,1,100,"&#x279A;",59777,0,1.67288421968316,1.67288421968316
"Beuningen","GM0209",2020-12-02,24,24,23,23,22,20,2020-11-01,4,0,1,2,0,"-",26169,0,3.82131529672513,7.64263059345027
"Brummen","GM0213",2020-12-02,22,22,22,22,22,19,2020-11-01,3,0,0,0,0,"-",20870,0,0,0
"Buren","GM0214",2020-12-02,27,27,26,26,24,23,2020-11-01,4,0,1,3,-50,"&#x2798;",27020,0,3.70096225018505,11.1028867505551
"Culemborg","GM0216",2020-12-02,33,33,31,31,30,28,2020-11-01,5,0,2,3,100,"&#x279A;",29044,0,6.88610384244594,10.3291557636689
"Doesburg","GM0221",2020-12-02,11,11,11,11,11,11,2020-11-01,0,0,0,0,0,"-",11010,0,0,0
"Doetinchem","GM0222",2020-12-02,40,40,39,39,38,34,2020-11-01,6,0,1,2,0,"-",58150,0,1.71969045571797,3.43938091143594
"Druten","GM0225",2020-12-02,29,29,29,29,29,28,2020-11-01,1,0,0,0,0,"-",18964,0,0,0
"Duiven","GM0226",2020-12-02,18,18,18,18,18,17,2020-11-01,1,0,0,0,0,"-",25102,0,0,0
"Ede","GM0228",2020-12-02,86,86,85,85,82,75,2020-11-01,11,0,1,4,-66.6666666666667,"&#x2798;",118380,0,0.844737286703835,3.37894914681534
"Elburg","GM0230",2020-12-02,31,31,30,30,30,29,2020-11-01,2,0,1,1,100,"&#x279A;",23370,0,4.27899015832264,4.27899015832264
"Epe","GM0232",2020-12-02,54,54,54,54,54,53,2020-11-01,1,0,0,0,0,"-",33168,0,0,0
"Ermelo","GM0233",2020-12-02,33,33,33,33,33,33,2020-11-01,0,0,0,0,0,"-",27010,0,0,0
"Harderwijk","GM0243",2020-12-02,54,54,54,54,51,47,2020-11-01,7,0,0,3,-100,"&#x2798;",48701,0,0,6.16003778156506
"Hattem","GM0244",2020-12-02,18,18,18,18,18,18,2020-11-01,0,0,0,0,0,"-",12214,0,0,0
"Heerde","GM0246",2020-12-02,55,55,55,55,55,55,2020-11-01,0,0,0,0,0,"-",18715,0,0,0
"Heumen","GM0252",2020-12-02,20,20,20,20,19,19,2020-11-01,1,0,0,1,-100,"&#x2798;",16562,0,0,6.03791812583021
"Lochem","GM0262",2020-12-02,22,22,22,22,21,18,2020-11-01,4,0,0,1,-100,"&#x2798;",33847,0,0,2.95447159275564
"Maasdriel","GM0263",2020-12-02,26,26,26,26,26,20,2020-11-01,6,0,0,0,0,"-",25444,0,0,0
"Nijkerk","GM0267",2020-12-02,33,33,32,32,32,27,2020-11-01,6,0,1,1,100,"&#x279A;",43507,0,2.29848070425449,2.29848070425449
"Nijmegen","GM0268",2020-12-02,197,197,196,194,193,180,2020-11-01,17,0,1,4,-66.6666666666667,"&#x2798;",177525,0,0.56330094352908,2.25320377411632
"Oldebroek","GM0269",2020-12-02,40,40,40,40,40,40,2020-11-01,0,0,0,0,0,"-",23713,0,0,0
"Putten","GM0273",2020-12-02,13,13,13,13,12,12,2020-11-01,1,0,0,1,-100,"&#x2798;",24337,0,0,4.10896988125077
"Renkum","GM0274",2020-12-02,20,20,20,20,20,17,2020-11-01,3,0,0,0,0,"-",31432,0,0,0
"Rheden","GM0275",2020-12-02,39,39,39,39,38,35,2020-11-01,4,0,0,1,-100,"&#x2798;",43655,0,0,2.29068835184973
"Rozendaal","GM0277",2020-12-02,1,1,1,1,1,1,2020-11-01,0,0,0,0,0,"-",1709,0,0,0
"Scherpenzeel","GM0279",2020-12-02,5,5,5,5,5,5,2020-11-01,0,0,0,0,0,"-",10054,0,0,0
"Tiel","GM0281",2020-12-02,59,58,58,58,56,48,2020-11-01,11,1,1,3,-50,"&#x2798;",41984,2.38185975609756,2.38185975609756,7.14557926829268
"Voorst","GM0285",2020-12-02,18,18,18,18,18,18,2020-11-01,0,0,0,0,0,"-",24717,0,0,0
"Wageningen","GM0289",2020-12-02,30,30,30,30,28,26,2020-11-01,4,0,0,2,-100,"&#x2798;",39600,0,0,5.05050505050505
"Westervoort","GM0293",2020-12-02,13,13,13,13,13,12,2020-11-01,1,0,0,0,0,"-",15023,0,0,0
"Winterswijk","GM0294",2020-12-02,13,12,11,11,10,9,2020-11-01,4,1,2,3,100,"&#x279A;",28912,3.45877144438295,6.91754288876591,10.3763143331489
"Wijchen","GM0296",2020-12-02,59,59,57,57,57,54,2020-11-01,5,0,2,2,200,"&#x279A;",41213,0,4.85283769684323,4.85283769684323
"Zaltbommel","GM0297",2020-12-02,26,26,25,25,25,23,2020-11-01,3,0,1,1,100,"&#x279A;",29355,0,3.40657468915006,3.40657468915006
"Zevenaar","GM0299",2020-12-02,60,60,60,60,60,58,2020-11-01,2,0,0,0,0,"-",44058,0,0,0
"Zutphen","GM0301",2020-12-02,38,38,38,38,38,34,2020-11-01,4,0,0,0,0,"-",48159,0,0,0
"Nunspeet","GM0302",2020-12-02,65,65,64,64,63,61,2020-11-05,4,0,1,2,0,"-",27972,0,3.57500357500358,7.15000715000715
"Dronten","GM0303",2020-12-02,43,43,43,43,41,40,2020-11-01,3,0,0,2,-100,"&#x2798;",41837,0,0,4.78045748978177
"Amersfoort","GM0307",2020-12-02,123,123,120,118,112,99,2020-11-01,24,0,3,11,-62.5,"&#x2798;",157691,0,1.90245480084469,6.9756676030972
"Baarn","GM0308",2020-12-02,23,23,23,23,20,17,2020-11-01,6,0,0,3,-100,"&#x2798;",24864,0,0,12.0656370656371
"De Bilt","GM0310",2020-12-02,38,38,38,38,37,35,2020-11-01,3,0,0,1,-100,"&#x2798;",43328,0,0,2.30797636632201
"Bunnik","GM0312",2020-12-02,15,15,15,15,13,12,2020-11-01,3,0,0,2,-100,"&#x2798;",15344,0,0,13.0344108446298
"Bunschoten","GM0313",2020-12-02,29,28,25,25,22,17,2020-11-01,12,1,4,7,33.3333333333333,"&#x279A;",22001,4.54524794327531,18.1809917731012,31.8167356029271
"Eemnes","GM0317",2020-12-02,5,5,4,4,4,3,2020-11-01,2,0,1,1,100,"&#x279A;",9350,0,10.6951871657754,10.6951871657754
"Houten","GM0321",2020-12-02,43,43,41,41,40,34,2020-11-01,9,0,2,3,100,"&#x279A;",50268,0,3.97867430572133,5.968011458582
"Leusden","GM0327",2020-12-02,16,16,16,16,15,11,2020-11-01,5,0,0,1,-100,"&#x2798;",30486,0,0,3.2801941874959
"Lopik","GM0331",2020-12-02,25,25,25,25,25,25,2020-11-01,0,0,0,0,0,"-",14441,0,0,0
"Montfoort","GM0335",2020-12-02,16,16,16,16,16,16,2020-11-01,0,0,0,0,0,"-",13887,0,0,0
"Renswoude","GM0339",2020-12-02,5,5,5,5,5,5,2020-11-01,0,0,0,0,0,"-",5530,0,0,0
"Rhenen","GM0340",2020-12-02,14,14,14,14,14,13,2020-11-01,1,0,0,0,0,"-",20129,0,0,0
"Soest","GM0342",2020-12-02,43,43,43,43,40,37,2020-11-01,6,0,0,3,-100,"&#x2798;",46883,0,0,6.39890791971504
"Utrecht","GM0344",2020-12-02,446,442,428,426,417,368,2020-11-01,78,4,18,29,63.6363636363636,"&#x279A;",359374,1.11304657543395,5.00870958945277,8.06958767189613
"Veenendaal","GM0345",2020-12-02,71,71,68,68,65,59,2020-11-01,12,0,3,6,0,"-",66922,0,4.48283075819611,8.96566151639222
"Woudenberg","GM0351",2020-12-02,11,11,11,11,11,9,2020-11-01,2,0,0,0,0,"-",13579,0,0,0
"Wijk bij Duurstede","GM0352",2020-12-02,14,14,14,14,14,12,2020-11-01,2,0,0,0,0,"-",23910,0,0,0
"IJsselstein","GM0353",2020-12-02,51,51,50,50,49,44,2020-11-01,7,0,1,2,0,"-",33874,0,2.95211666765071,5.90423333530141
"Zeist","GM0355",2020-12-02,50,50,49,48,47,45,2020-11-02,5,0,1,3,-50,"&#x2798;",64914,0,1.54049973811504,4.62149921434513
"Nieuwegein","GM0356",2020-12-02,65,65,64,64,62,54,2020-11-01,11,0,1,3,-50,"&#x2798;",63748,0,1.56867666436594,4.70602999309782
"Aalsmeer","GM0358",2020-12-02,17,17,17,17,17,12,2020-11-01,5,0,0,0,0,"-",31927,0,0,0
"Alkmaar","GM0361",2020-12-02,80,80,78,77,75,68,2020-11-01,12,0,2,5,-33.3333333333333,"&#x2798;",109782,0,1.82179227924432,4.5544806981108
"Amstelveen","GM0362",2020-12-02,86,86,84,84,83,76,2020-11-01,10,0,2,3,100,"&#x279A;",91061,0,2.19632993268249,3.29449489902373
"Amsterdam","GM0363",2020-12-02,1191,1190,1165,1159,1141,1049,2020-11-01,142,1,26,50,8.33333333333333,"&#x279A;",872445,0.114620405870857,2.98013055264229,5.73102029354286
"Beemster","GM0370",2020-12-02,4,4,4,4,4,4,2020-11-01,0,0,0,0,0,"-",10038,0,0,0
"Bergen (NH.)","GM0373",2020-12-02,25,25,25,24,23,22,2020-11-01,3,0,0,2,-100,"&#x2798;",29745,0,0,6.72381912926542
"Beverwijk","GM0375",2020-12-02,23,23,23,23,23,20,2020-11-01,3,0,0,0,0,"-",41773,0,0,0
"Blaricum","GM0376",2020-12-02,8,8,8,8,8,8,2020-11-01,0,0,0,0,0,"-",11863,0,0,0
"Bloemendaal","GM0377",2020-12-02,10,10,10,10,10,10,2020-11-01,0,0,0,0,0,"-",23568,0,0,0
"Castricum","GM0383",2020-12-02,18,18,18,18,18,18,2020-11-01,0,0,0,0,0,"-",36155,0,0,0
"Diemen","GM0384",2020-12-02,28,28,27,27,26,24,2020-11-01,4,0,1,2,0,"-",31312,0,3.19366377107818,6.38732754215636
"Edam-Volendam","GM0385",2020-12-02,54,54,54,54,50,42,2020-11-01,12,0,0,4,-100,"&#x2798;",36220,0,0,11.0436223081171
"Enkhuizen","GM0388",2020-12-02,20,20,20,20,20,20,2020-11-01,0,0,0,0,0,"-",18639,0,0,0
"Haarlem","GM0392",2020-12-02,128,126,121,120,117,107,2020-11-01,21,2,7,11,75,"&#x279A;",162807,1.22844840823797,4.29956942883291,6.75646624530886
"Haarlemmermeer","GM0394",2020-12-02,114,114,113,113,110,100,2020-11-01,14,0,1,4,-66.6666666666667,"&#x2798;",157440,0,0.635162601626016,2.54065040650406
"Heemskerk","GM0396",2020-12-02,40,40,39,39,36,35,2020-11-01,5,0,1,4,-66.6666666666667,"&#x2798;",39266,0,2.54673254214842,10.1869301685937
"Heemstede","GM0397",2020-12-02,18,18,18,18,17,17,2020-11-01,1,0,0,1,-100,"&#x2798;",27459,0,0,3.64179321898103
"Heerhugowaard","GM0398",2020-12-02,33,33,33,33,33,30,2020-11-01,3,0,0,0,0,"-",58139,0,0,0
"Heiloo","GM0399",2020-12-02,14,14,14,14,13,12,2020-11-01,2,0,0,1,-100,"&#x2798;",24121,0,0,4.14576510094938
"Den Helder","GM0400",2020-12-02,19,19,19,19,19,17,2020-11-01,2,0,0,0,0,"-",56432,0,0,0
"Hilversum","GM0402",2020-12-02,49,48,48,48,48,42,2020-11-01,7,1,1,1,100,"&#x279A;",91290,1.09541023113156,1.09541023113156,1.09541023113156
"Hoorn","GM0405",2020-12-02,48,48,47,47,46,40,2020-11-01,8,0,1,2,0,"-",73507,0,1.36041465438666,2.72082930877331
"Huizen","GM0406",2020-12-02,37,37,36,36,34,31,2020-11-01,6,0,1,3,-50,"&#x2798;",41139,0,2.4307834415032,7.29235032450959
"Landsmeer","GM0415",2020-12-02,6,6,6,6,6,5,2020-11-01,1,0,0,0,0,"-",11582,0,0,0
"Langedijk","GM0416",2020-12-02,22,22,21,21,21,21,2020-11-01,1,0,1,1,100,"&#x279A;",28288,0,3.53506787330317,3.53506787330317
"Laren","GM0417",2020-12-02,10,10,10,10,10,10,2020-11-01,0,0,0,0,0,"-",11379,0,0,0
"Medemblik","GM0420",2020-12-02,22,22,22,22,22,20,2020-11-01,2,0,0,0,0,"-",45105,0,0,0
"Oostzaan","GM0431",2020-12-02,13,13,13,13,13,12,2020-11-01,1,0,0,0,0,"-",9667,0,0,0
"Opmeer","GM0432",2020-12-02,3,3,3,3,3,1,2020-11-01,2,0,0,0,0,"-",11987,0,0,0
"Ouder-Amstel","GM0437",2020-12-02,8,8,8,8,8,8,2020-11-01,0,0,0,0,0,"-",14116,0,0,0
"Purmerend","GM0439",2020-12-02,96,95,94,94,93,88,2020-11-01,8,1,2,3,100,"&#x279A;",81768,1.22297231190686,2.44594462381372,3.66891693572058
"Schagen","GM0441",2020-12-02,24,24,23,23,23,21,2020-11-01,3,0,1,1,100,"&#x279A;",46474,0,2.15174075827344,2.15174075827344
"Texel","GM0448",2020-12-02,6,6,6,6,6,6,2020-11-01,0,0,0,0,0,"-",13637,0,0,0
"Uitgeest","GM0450",2020-12-02,7,7,7,7,7,7,2020-11-01,0,0,0,0,0,"-",13647,0,0,0
"Uithoorn","GM0451",2020-12-02,26,26,23,23,23,21,2020-11-01,5,0,3,3,300,"&#x279A;",30003,0,9.99900009999,9.99900009999
"Velsen","GM0453",2020-12-02,56,55,54,54,53,50,2020-11-01,6,1,2,3,100,"&#x279A;",68757,1.45439737044955,2.90879474089911,4.36319211134866
"Weesp","GM0457",2020-12-02,11,11,11,11,11,10,2020-11-01,1,0,0,0,0,"-",20425,0,0,0
"Zandvoort","GM0473",2020-12-02,15,15,15,15,15,15,2020-11-01,0,0,0,0,0,"-",17105,0,0,0
"Zaanstad","GM0479",2020-12-02,195,193,190,188,182,161,2020-11-01,34,2,5,13,-37.5,"&#x2798;",157073,1.27329330948031,3.18323327370076,8.27640651162199
"Alblasserdam","GM0482",2020-12-02,15,15,14,13,11,11,2020-11-01,4,0,1,4,-66.6666666666667,"&#x2798;",20262,0,4.93534695489093,19.7413878195637
"Alphen aan den Rijn","GM0484",2020-12-02,107,107,104,104,101,89,2020-11-01,18,0,3,6,0,"-",112473,0,2.66730682030354,5.33461364060708
"Barendrecht","GM0489",2020-12-02,69,69,67,67,61,51,2020-11-01,18,0,2,8,-66.6666666666667,"&#x2798;",48657,0,4.11040549150174,16.4416219660069
"Drechterland","GM0498",2020-12-02,7,7,7,7,7,6,2020-11-01,1,0,0,0,0,"-",19801,0,0,0
"Brielle","GM0501",2020-12-02,23,22,19,19,19,17,2020-11-01,6,1,4,4,400,"&#x279A;",17379,5.7540710052362,23.0162840209448,23.0162840209448
"Capelle aan den IJssel","GM0502",2020-12-02,96,95,93,92,89,73,2020-11-01,23,1,3,7,-25,"&#x2798;",67182,1.48849394182966,4.46548182548897,10.4194575928076
"Delft","GM0503",2020-12-02,62,62,60,60,58,48,2020-11-01,14,0,2,4,0,"-",103688,0,1.92886351361778,3.85772702723555
"Dordrecht","GM0505",2020-12-02,106,105,100,99,99,97,2020-11-01,9,1,6,7,500,"&#x279A;",119246,0.83860255270617,5.03161531623702,5.87021786894319
"Gorinchem","GM0512",2020-12-02,20,20,20,20,20,20,2020-11-01,0,0,0,0,0,"-",37461,0,0,0
"Gouda","GM0513",2020-12-02,97,97,94,94,86,73,2020-11-01,24,0,3,11,-62.5,"&#x2798;",73623,0,4.07481357727884,14.9409831166891
"'s-Gravenhage","GM0518",2020-12-02,787,786,759,754,727,617,2020-11-01,170,1,28,60,-12.5,"&#x2798;",548165,0.182426824040207,5.10795107312579,10.9456094424124
"Hardinxveld-Giessendam","GM0523",2020-12-02,2,2,2,2,2,2,2020-11-01,0,0,0,0,0,"-",18404,0,0,0
"Hellevoetsluis","GM0530",2020-12-02,32,31,27,27,25,20,2020-11-04,12,1,5,7,150,"&#x279A;",40229,2.48576897263168,12.4288448631584,17.4003828084218
"Hendrik-Ido-Ambacht","GM0531",2020-12-02,13,13,13,13,13,13,2020-11-01,0,0,0,0,0,"-",31274,0,0,0
"Stede Broec","GM0532",2020-12-02,20,20,20,20,20,19,2020-11-01,1,0,0,0,0,"-",21745,0,0,0
"Hillegom","GM0534",2020-12-02,9,9,9,9,9,8,2020-11-01,1,0,0,0,0,"-",22230,0,0,0
"Katwijk","GM0537",2020-12-02,56,57,57,57,54,46,2020-11-01,10,-1,-1,2,-133.333333333333,"&#x2798;",65988,-1.51542704734194,-1.51542704734194,3.03085409468388
"Krimpen aan den IJssel","GM0542",2020-12-02,26,26,26,26,25,18,2020-11-01,8,0,0,1,-100,"&#x2798;",29453,0,0,3.39523987369708
"Leiden","GM0546",2020-12-02,81,81,79,78,75,64,2020-11-01,17,0,2,6,-50,"&#x2798;",123823,0,1.61520880611841,4.84562641835523
"Leiderdorp","GM0547",2020-12-02,29,29,28,28,28,25,2020-11-01,4,0,1,1,100,"&#x279A;",27339,0,3.65777826548155,3.65777826548155
"Lisse","GM0553",2020-12-02,14,14,13,13,13,11,2020-11-01,3,0,1,1,100,"&#x279A;",23000,0,4.34782608695652,4.34782608695652
"Maassluis","GM0556",2020-12-02,44,44,44,44,39,32,2020-11-01,12,0,0,5,-100,"&#x2798;",33476,0,0,14.9360736049707
"Nieuwkoop","GM0569",2020-12-02,16,16,16,16,16,14,2020-11-01,2,0,0,0,0,"-",29080,0,0,0
"Noordwijk","GM0575",2020-12-02,40,40,39,38,38,32,2020-11-01,8,0,1,2,0,"-",43864,0,2.27977384643443,4.55954769286887
"Oegstgeest","GM0579",2020-12-02,17,17,16,16,15,11,2020-11-01,6,0,1,2,0,"-",25027,0,3.99568466056659,7.99136932113318
"Oudewater","GM0589",2020-12-02,32,32,32,32,31,30,2020-11-01,2,0,0,1,-100,"&#x2798;",10169,0,0,9.83380863408398
"Papendrecht","GM0590",2020-12-02,11,11,10,10,10,9,2020-11-01,2,0,1,1,100,"&#x279A;",32119,0,3.11342196207852,3.11342196207852
"Ridderkerk","GM0597",2020-12-02,52,52,52,52,50,47,2020-11-01,5,0,0,2,-100,"&#x2798;",46638,0,0,4.28834855697071
"Rotterdam","GM0599",2020-12-02,1121,1116,1087,1076,1028,850,2020-11-01,271,5,34,93,-42.3728813559322,"&#x2798;",651524,0.767431437675358,5.21853377619243,14.2742247407617
"Rijswijk","GM0603",2020-12-02,78,77,73,73,70,62,2020-11-01,16,1,5,8,66.6666666666667,"&#x279A;",55096,1.81501379410484,9.07506897052417,14.5201103528387
"Schiedam","GM0606",2020-12-02,127,125,120,117,104,79,2020-11-01,48,2,7,23,-56.25,"&#x2798;",79244,2.52385038614911,8.83347635152188,29.0242794407148
"Sliedrecht","GM0610",2020-12-02,11,11,11,11,11,10,2020-11-01,1,0,0,0,0,"-",25472,0,0,0
"Albrandswaard","GM0613",2020-12-02,30,30,28,28,25,18,2020-11-01,12,0,2,5,-33.3333333333333,"&#x2798;",25853,0,7.7360461068348,19.340115267087
"Westvoorne","GM0614",2020-12-02,9,9,9,9,8,6,2020-11-01,3,0,0,1,-100,"&#x2798;",14898,0,0,6.71231037723184
"Vlaardingen","GM0622",2020-12-02,90,89,84,84,82,62,2020-11-01,28,1,6,8,200,"&#x279A;",73823,1.35459138750796,8.12754832504775,10.8367311000637
"Voorschoten","GM0626",2020-12-02,12,12,12,12,12,11,2020-11-01,1,0,0,0,0,"-",25603,0,0,0
"Waddinxveen","GM0627",2020-12-02,40,40,35,34,34,27,2020-11-01,13,0,5,6,400,"&#x279A;",30050,0,16.6389351081531,19.9667221297837
"Wassenaar","GM0629",2020-12-02,18,18,16,16,15,11,2020-11-01,7,0,2,3,100,"&#x279A;",26681,0,7.49597091563285,11.2439563734493
"Woerden","GM0632",2020-12-02,74,73,73,72,70,64,2020-11-01,10,1,1,4,-66.6666666666667,"&#x2798;",52644,1.89955170579743,1.89955170579743,7.59820682318973
"Zoetermeer","GM0637",2020-12-02,82,82,78,78,76,70,2020-11-01,12,0,4,6,100,"&#x279A;",125395,0,3.18991985326369,4.78487977989553
"Zoeterwoude","GM0638",2020-12-02,4,4,4,4,4,4,2020-11-01,0,0,0,0,0,"-",8790,0,0,0
"Zwijndrecht","GM0642",2020-12-02,31,31,31,30,30,30,2020-11-01,1,0,0,1,-100,"&#x2798;",44683,0,0,2.23798760154869
"Borsele","GM0654",2020-12-02,7,7,6,6,6,5,2020-11-01,2,0,1,1,100,"&#x279A;",22773,0,4.39116497606815,4.39116497606815
"Goes","GM0664",2020-12-02,24,23,22,22,19,15,2020-11-01,9,1,2,5,-33.3333333333333,"&#x2798;",38539,2.59477412491243,5.18954824982485,12.9738706245621
"West Maas en Waal","GM0668",2020-12-02,24,24,24,24,24,24,2020-11-01,0,0,0,0,0,"-",19490,0,0,0
"Hulst","GM0677",2020-12-02,21,21,19,19,16,13,2020-11-01,8,0,2,5,-33.3333333333333,"&#x2798;",27596,0,7.24742716335701,18.1185679083925
"Kapelle","GM0678",2020-12-02,4,4,4,4,4,3,2020-11-01,1,0,0,0,0,"-",12847,0,0,0
"Middelburg","GM0687",2020-12-02,28,28,27,27,24,21,2020-11-01,7,0,1,4,-66.6666666666667,"&#x2798;",48919,0,2.04419550685828,8.1767820274331
"Reimerswaal","GM0703",2020-12-02,9,9,9,8,6,6,2020-11-01,3,0,0,3,-100,"&#x2798;",22915,0,0,13.091861226271
"Terneuzen","GM0715",2020-12-02,39,36,34,33,30,25,2020-11-01,14,3,5,9,25,"&#x279A;",54421,5.51257786516235,9.18762977527057,16.537733595487
"Tholen","GM0716",2020-12-02,50,50,49,49,48,45,2020-11-01,5,0,1,2,0,"-",25962,0,3.85178337570295,7.7035667514059
"Veere","GM0717",2020-12-02,10,10,10,10,9,8,2020-11-01,2,0,0,1,-100,"&#x2798;",22002,0,0,4.54504135987638
"Vlissingen","GM0718",2020-12-02,16,16,16,16,15,12,2020-11-01,4,0,0,1,-100,"&#x2798;",44245,0,0,2.26014238897051
"De Ronde Venen","GM0736",2020-12-02,69,70,67,67,62,53,2020-11-01,16,-1,2,7,-60,"&#x2798;",44619,-2.24119769604877,4.48239539209754,15.6883838723414
"Tytsjerksteradiel","GM0737",2020-12-02,8,8,8,8,8,7,2020-11-01,1,0,0,0,0,"-",32059,0,0,0
"Asten","GM0743",2020-12-02,21,21,20,20,20,18,2020-11-01,3,0,1,1,100,"&#x279A;",16746,0,5.97157530156455,5.97157530156455
"Baarle-Nassau","GM0744",2020-12-02,11,11,10,10,10,9,2020-11-01,2,0,1,1,100,"&#x279A;",6917,0,14.4571345959231,14.4571345959231
"Bergen op Zoom","GM0748",2020-12-02,59,57,56,55,53,47,2020-11-01,12,2,3,6,0,"-",67670,2.95551943254027,4.4332791488104,8.86655829762081
"Best","GM0753",2020-12-02,37,37,37,36,36,35,2020-11-01,2,0,0,1,-100,"&#x2798;",30106,0,0,3.32159702384907
"Boekel","GM0755",2020-12-02,36,36,36,36,36,36,2020-11-01,0,0,0,0,0,"-",10912,0,0,0
"Boxmeer","GM0756",2020-12-02,25,25,25,25,25,23,2020-11-01,2,0,0,0,0,"-",29549,0,0,0
"Boxtel","GM0757",2020-12-02,30,30,29,29,27,24,2020-11-01,6,0,1,3,-50,"&#x2798;",30851,0,3.24138601666072,9.72415804998217
"Breda","GM0758",2020-12-02,202,202,199,199,197,184,2020-11-01,18,0,3,5,50,"&#x279A;",184306,0,1.62772780050568,2.71287966750947
"Deurne","GM0762",2020-12-02,63,63,61,61,61,58,2020-11-01,5,0,2,2,200,"&#x279A;",32459,0,6.16161927354509,6.16161927354509
"Pekela","GM0765",2020-12-02,7,7,7,7,7,6,2020-11-01,1,0,0,0,0,"-",12155,0,0,0
"Dongen","GM0766",2020-12-02,36,36,36,36,34,30,2020-11-01,6,0,0,2,-100,"&#x2798;",26332,0,0,7.59532128209023
"Eersel","GM0770",2020-12-02,36,36,36,36,35,32,2020-11-01,4,0,0,1,-100,"&#x2798;",19469,0,0,5.13637064050542
"Eindhoven","GM0772",2020-12-02,246,246,237,236,226,210,2020-11-01,36,0,9,20,-18.1818181818182,"&#x2798;",235465,0,3.8222241097403,8.49383135497845
"Etten-Leur","GM0777",2020-12-02,57,57,56,56,56,51,2020-11-01,6,0,1,1,100,"&#x279A;",43936,0,2.27603787327021,2.27603787327021
"Geertruidenberg","GM0779",2020-12-02,18,18,18,18,18,17,2020-11-01,1,0,0,0,0,"-",21749,0,0,0
"Gilze en Rijen","GM0784",2020-12-02,28,28,28,27,27,24,2020-11-01,4,0,0,1,-100,"&#x2798;",26800,0,0,3.73134328358209
"Goirle","GM0785",2020-12-02,37,37,37,37,36,35,2020-11-01,2,0,0,1,-100,"&#x2798;",23839,0,0,4.19480682914552
"Grave","GM0786",2020-12-02,28,28,28,28,28,24,2020-11-01,4,0,0,0,0,"-",12456,0,0,0
"Haaren","GM0788",2020-12-02,22,22,20,20,20,20,2020-11-01,2,0,2,2,200,"&#x279A;",14333,0,13.9538128793693,13.9538128793693
"Helmond","GM0794",2020-12-02,139,139,138,138,135,124,2020-11-01,15,0,1,4,-66.6666666666667,"&#x2798;",92475,0,1.08137334414707,4.32549337658827
"'s-Hertogenbosch","GM0796",2020-12-02,168,167,159,159,157,153,2020-11-01,15,1,9,11,350,"&#x279A;",155586,0.642731351149846,5.78458216034862,7.07004486264831
"Heusden","GM0797",2020-12-02,60,60,57,57,56,50,2020-11-01,10,0,3,4,200,"&#x279A;",44956,0,6.67319156508586,8.89758875344782
"Hilvarenbeek","GM0798",2020-12-02,17,17,17,17,17,15,2020-11-01,2,0,0,0,0,"-",15644,0,0,0
"Loon op Zand","GM0809",2020-12-02,36,36,35,35,32,30,2020-11-01,6,0,1,4,-66.6666666666667,"&#x2798;",23447,0,4.2649379451529,17.0597517806116
"Mill en Sint Hubert","GM0815",2020-12-02,14,14,14,14,14,9,2020-11-01,5,0,0,0,0,"-",10990,0,0,0
"Nuenen, Gerwen en Nederwetten","GM0820",2020-12-02,22,22,22,22,21,20,2020-11-01,2,0,0,1,-100,"&#x2798;",23629,0,0,4.23208768885691
"Oirschot","GM0823",2020-12-02,20,19,18,18,18,17,2020-11-01,3,1,2,2,200,"&#x279A;",18836,5.30898279889573,10.6179655977915,10.6179655977915
"Oisterwijk","GM0824",2020-12-02,29,29,29,29,29,27,2020-11-01,2,0,0,0,0,"-",26427,0,0,0
"Oosterhout","GM0826",2020-12-02,55,55,55,55,54,52,2020-11-01,3,0,0,1,-100,"&#x2798;",56191,0,0,1.77964442704348
"Oss","GM0828",2020-12-02,192,191,192,192,189,177,2020-11-01,15,1,0,3,-100,"&#x2798;",92356,1.08276668543462,0,3.24830005630387
"Rucphen","GM0840",2020-12-02,22,21,20,20,19,16,2020-11-01,6,1,2,3,100,"&#x279A;",23043,4.33971271101853,8.67942542203706,13.0191381330556
"Sint-Michielsgestel","GM0845",2020-12-02,39,39,39,39,39,37,2020-11-01,2,0,0,0,0,"-",29478,0,0,0
"Someren","GM0847",2020-12-02,36,36,36,36,35,34,2020-11-01,2,0,0,1,-100,"&#x2798;",19325,0,0,5.17464424320828
"Son en Breugel","GM0848",2020-12-02,32,32,32,32,32,31,2020-11-01,1,0,0,0,0,"-",17504,0,0,0
"Steenbergen","GM0851",2020-12-02,20,20,20,20,19,18,2020-11-01,2,0,0,1,-100,"&#x2798;",24353,0,0,4.10627027470948
"Waterland","GM0852",2020-12-02,24,24,24,24,24,21,2020-11-01,3,0,0,0,0,"-",17374,0,0,0
"Tilburg","GM0855",2020-12-02,312,312,305,303,299,278,2020-11-01,34,0,7,13,16.6666666666667,"&#x279A;",220589,0,3.17332233248258,5.89331290318194
"Uden","GM0856",2020-12-02,120,120,118,117,117,116,2020-11-01,4,0,2,3,100,"&#x279A;",42195,0,4.73989809219102,7.10984713828653
"Valkenswaard","GM0858",2020-12-02,25,25,24,24,23,23,2020-11-01,2,0,1,2,0,"-",31253,0,3.19969282948837,6.39938565897674
"Veldhoven","GM0861",2020-12-02,42,42,41,41,40,38,2020-11-01,4,0,1,2,0,"-",45662,0,2.1900048180106,4.3800096360212
"Vught","GM0865",2020-12-02,45,45,45,45,44,43,2020-11-01,2,0,0,1,-100,"&#x2798;",26794,0,0,3.7321788460103
"Waalre","GM0866",2020-12-02,9,9,9,9,9,8,2020-11-01,1,0,0,0,0,"-",17552,0,0,0
"Waalwijk","GM0867",2020-12-02,57,56,56,54,49,45,2020-11-01,12,1,1,8,-85.7142857142857,"&#x2798;",48895,2.0451988955926,2.0451988955926,16.3615911647408
"Woensdrecht","GM0873",2020-12-02,11,11,11,11,10,10,2020-11-01,1,0,0,1,-100,"&#x2798;",21936,0,0,4.55871626549964
"Zundert","GM0879",2020-12-02,30,30,29,29,28,27,2020-11-01,3,0,1,2,0,"-",22002,0,4.54504135987638,9.09008271975275
"Wormerland","GM0880",2020-12-02,24,24,24,24,24,21,2020-11-01,3,0,0,0,0,"-",16245,0,0,0
"Landgraaf","GM0882",2020-12-02,56,56,56,56,55,55,2020-11-01,1,0,0,1,-100,"&#x2798;",37277,0,0,2.68261930949379
"Beek","GM0888",2020-12-02,18,18,18,18,18,18,2020-11-01,0,0,0,0,0,"-",15929,0,0,0
"Beesel","GM0889",2020-12-02,23,23,23,23,23,20,2020-11-01,3,0,0,0,0,"-",13431,0,0,0
"Bergen (L.)","GM0893",2020-12-02,12,12,12,12,12,10,2020-11-01,2,0,0,0,0,"-",13105,0,0,0
"Brunssum","GM0899",2020-12-02,52,52,51,51,51,50,2020-11-01,2,0,1,1,100,"&#x279A;",27698,0,3.61036897970973,3.61036897970973
"Gennep","GM0907",2020-12-02,18,18,18,18,18,17,2020-11-01,1,0,0,0,0,"-",16962,0,0,0
"Heerlen","GM0917",2020-12-02,137,137,137,137,136,131,2020-11-01,6,0,0,1,-100,"&#x2798;",86825,0,0,1.15174200978981
"Kerkrade","GM0928",2020-12-02,77,77,77,77,75,70,2020-11-01,7,0,0,2,-100,"&#x2798;",45513,0,0,4.39434886735658
"Maastricht","GM0935",2020-12-02,213,212,209,207,207,200,2020-11-01,13,1,4,6,100,"&#x279A;",120332,0.831034138882425,3.3241365555297,4.98620483329455
"Meerssen","GM0938",2020-12-02,24,24,24,24,23,23,2020-11-01,1,0,0,1,-100,"&#x2798;",18717,0,0,5.34273654966074
"Mook en Middelaar","GM0944",2020-12-02,9,9,8,8,8,8,2020-11-01,1,0,1,1,100,"&#x279A;",7896,0,12.6646403242148,12.6646403242148
"Nederweert","GM0946",2020-12-02,37,37,37,37,37,34,2020-11-01,3,0,0,0,0,"-",17156,0,0,0
"Roermond","GM0957",2020-12-02,66,66,66,66,66,65,2020-11-01,1,0,0,0,0,"-",58748,0,0,0
"Simpelveld","GM0965",2020-12-02,20,20,20,20,20,19,2020-11-01,1,0,0,0,0,"-",10517,0,0,0
"Stein","GM0971",2020-12-02,51,51,49,49,49,49,2020-11-01,2,0,2,2,200,"&#x279A;",24904,0,8.030838419531,8.030838419531
"Vaals","GM0981",2020-12-02,11,11,10,10,10,10,2020-11-01,1,0,1,1,100,"&#x279A;",10017,0,9.98302885095338,9.98302885095338
"Venlo","GM0983",2020-12-02,153,153,151,151,149,144,2020-11-01,9,0,2,4,0,"-",101928,0,1.9621693744604,3.92433874892081
"Venray","GM0984",2020-12-02,45,44,43,43,43,42,2020-11-01,3,1,2,2,200,"&#x279A;",43715,2.28754432117122,4.57508864234245,4.57508864234245
"Voerendaal","GM0986",2020-12-02,18,18,18,18,18,17,2020-11-01,1,0,0,0,0,"-",12485,0,0,0
"Weert","GM0988",2020-12-02,84,84,84,84,82,72,2020-11-01,12,0,0,2,-100,"&#x2798;",50053,0,0,3.99576448964098
"Valkenburg aan de Geul","GM0994",2020-12-02,23,23,23,23,23,20,2020-11-01,3,0,0,0,0,"-",16415,0,0,0
"Lelystad","GM0995",2020-12-02,95,95,95,95,95,85,2020-11-01,10,0,0,0,0,"-",79573,0,0,0
"Horst aan de Maas","GM1507",2020-12-02,49,49,47,47,47,44,2020-11-01,5,0,2,2,200,"&#x279A;",42439,0,4.71264638657838,4.71264638657838
"Oude IJsselstreek","GM1509",2020-12-02,27,27,27,25,25,25,2020-11-01,2,0,0,2,-100,"&#x2798;",39336,0,0,5.08440105755542
"Teylingen","GM1525",2020-12-02,24,24,24,24,21,19,2020-11-01,5,0,0,3,-100,"&#x2798;",37699,0,0,7.95777076315022
"Utrechtse Heuvelrug","GM1581",2020-12-02,36,36,34,33,33,33,2020-11-01,3,0,2,3,100,"&#x279A;",49928,0,4.00576830636116,6.00865245954174
"Oost Gelre","GM1586",2020-12-02,23,23,22,22,22,21,2020-11-01,2,0,1,1,100,"&#x279A;",29638,0,3.37404683177003,3.37404683177003
"Koggenland","GM1598",2020-12-02,12,12,12,12,12,9,2020-11-01,3,0,0,0,0,"-",22915,0,0,0
"Lansingerland","GM1621",2020-12-02,59,58,57,57,57,51,2020-11-01,8,1,2,2,200,"&#x279A;",63143,1.58370682419271,3.16741364838541,3.16741364838541
"Leudal","GM1640",2020-12-02,57,57,57,57,57,54,2020-11-01,3,0,0,0,0,"-",35979,0,0,0
"Maasgouw","GM1641",2020-12-02,28,28,28,28,28,28,2020-11-01,0,0,0,0,0,"-",23938,0,0,0
"Gemert-Bakel","GM1652",2020-12-02,80,80,80,80,80,79,2020-11-01,1,0,0,0,0,"-",30724,0,0,0
"Halderberge","GM1655",2020-12-02,32,32,32,32,30,26,2020-11-01,6,0,0,2,-100,"&#x2798;",30419,0,0,6.57483809461192
"Heeze-Leende","GM1658",2020-12-02,19,19,19,19,18,18,2020-11-01,1,0,0,1,-100,"&#x2798;",16191,0,0,6.17627076771046
"Laarbeek","GM1659",2020-12-02,42,42,42,42,42,42,2020-11-01,0,0,0,0,0,"-",22731,0,0,0
"Reusel-De Mierden","GM1667",2020-12-02,17,17,15,15,15,15,2020-11-01,2,0,2,2,200,"&#x279A;",13114,0,15.2508769254232,15.2508769254232
"Roerdalen","GM1669",2020-12-02,28,28,28,28,28,27,2020-11-01,1,0,0,0,0,"-",20557,0,0,0
"Roosendaal","GM1674",2020-12-02,60,59,57,57,53,46,2020-11-01,14,1,3,7,-25,"&#x2798;",77288,1.293861919056,3.88158575716799,9.05703343339199
"Schouwen-Duiveland","GM1676",2020-12-02,16,16,16,16,15,13,2020-11-01,3,0,0,1,-100,"&#x2798;",33979,0,0,2.94299420230142
"Aa en Hunze","GM1680",2020-12-02,1,1,1,1,1,1,2020-11-01,0,0,0,0,0,"-",25380,0,0,0
"Borger-Odoorn","GM1681",2020-12-02,9,9,9,9,8,8,2020-11-01,1,0,0,1,-100,"&#x2798;",25572,0,0,3.91052713905835
"Cuijk","GM1684",2020-12-02,20,20,19,19,19,18,2020-11-01,2,0,1,1,100,"&#x279A;",25325,0,3.94866732477789,3.94866732477789
"Landerd","GM1685",2020-12-02,44,44,43,43,42,42,2020-11-01,2,0,1,2,0,"-",15807,0,6.32631112798127,12.6526222559625
"De Wolden","GM1690",2020-12-02,16,16,16,16,16,16,2020-11-01,0,0,0,0,0,"-",24372,0,0,0
"Noord-Beveland","GM1695",2020-12-02,3,3,2,2,1,1,2020-11-01,2,0,1,2,0,"-",7552,0,13.2415254237288,26.4830508474576
"Wijdemeren","GM1696",2020-12-02,14,14,14,14,14,11,2020-11-01,3,0,0,0,0,"-",24414,0,0,0
"Noordenveld","GM1699",2020-12-02,7,7,7,7,7,6,2020-11-01,1,0,0,0,0,"-",31256,0,0,0
"Twenterand","GM1700",2020-12-02,16,16,16,16,14,12,2020-11-01,4,0,0,2,-100,"&#x2798;",33710,0,0,5.93295757935331
"Westerveld","GM1701",2020-12-02,10,10,10,10,10,9,2020-11-01,1,0,0,0,0,"-",19585,0,0,0
"Sint Anthonis","GM1702",2020-12-02,21,21,21,21,21,21,2020-11-01,0,0,0,0,0,"-",11683,0,0,0
"Lingewaard","GM1705",2020-12-02,46,46,45,45,43,38,2020-11-01,8,0,1,3,-50,"&#x2798;",46726,0,2.14013611265676,6.42040833797029
"Cranendonck","GM1706",2020-12-02,65,65,65,65,65,63,2020-11-01,2,0,0,0,0,"-",20983,0,0,0
"Steenwijkerland","GM1708",2020-12-02,18,18,18,18,18,15,2020-11-01,3,0,0,0,0,"-",44286,0,0,0
"Moerdijk","GM1709",2020-12-02,25,25,24,24,24,20,2020-11-01,5,0,1,1,100,"&#x279A;",37203,0,2.68795527242427,2.68795527242427
"Echt-Susteren","GM1711",2020-12-02,44,44,44,44,44,43,2020-11-01,1,0,0,0,0,"-",31743,0,0,0
"Sluis","GM1714",2020-12-02,16,16,15,15,15,10,2020-11-01,6,0,1,1,100,"&#x279A;",23166,0,4.31667098333765,4.31667098333765
"Drimmelen","GM1719",2020-12-02,28,28,26,26,24,21,2020-11-01,7,0,2,4,0,"-",27285,0,7.33003481766538,14.6600696353308
"Bernheze","GM1721",2020-12-02,101,101,101,101,101,98,2020-11-01,3,0,0,0,0,"-",31402,0,0,0
"Alphen-Chaam","GM1723",2020-12-02,20,20,20,20,18,18,2020-11-01,2,0,0,2,-100,"&#x2798;",10322,0,0,19.3760899050572
"Bergeijk","GM1724",2020-12-02,22,22,21,21,20,20,2020-11-01,2,0,1,2,0,"-",18712,0,5.34416417272339,10.6883283454468
"Bladel","GM1728",2020-12-02,25,25,25,25,24,23,2020-11-01,2,0,0,1,-100,"&#x2798;",20558,0,0,4.86428640918377
"Gulpen-Wittem","GM1729",2020-12-02,26,26,26,26,26,24,2020-11-01,2,0,0,0,0,"-",14205,0,0,0
"Tynaarlo","GM1730",2020-12-02,12,12,12,12,12,11,2020-11-01,1,0,0,0,0,"-",33858,0,0,0
"Midden-Drenthe","GM1731",2020-12-02,8,8,8,8,7,6,2020-11-01,2,0,0,1,-100,"&#x2798;",33309,0,0,3.0021915998679
"Overbetuwe","GM1734",2020-12-02,62,62,62,62,62,62,2020-11-01,0,0,0,0,0,"-",48085,0,0,0
"Hof van Twente","GM1735",2020-12-02,24,24,23,23,21,20,2020-11-01,4,0,1,3,-50,"&#x2798;",35063,0,2.85200924050994,8.55602772152982
"Neder-Betuwe","GM1740",2020-12-02,46,46,46,46,44,44,2020-11-01,2,0,0,2,-100,"&#x2798;",24560,0,0,8.14332247557003
"Rijssen-Holten","GM1742",2020-12-02,32,32,32,32,31,30,2020-11-01,2,0,0,1,-100,"&#x2798;",38202,0,0,2.61766399664939
"Geldrop-Mierlo","GM1771",2020-12-02,43,43,42,42,42,37,2020-11-01,6,0,1,1,100,"&#x279A;",40040,0,2.4975024975025,2.4975024975025
"Olst-Wijhe","GM1773",2020-12-02,12,12,12,12,12,12,2020-11-01,0,0,0,0,0,"-",18335,0,0,0
"Dinkelland","GM1774",2020-12-02,24,24,23,23,23,21,2020-11-01,3,0,1,1,100,"&#x279A;",26565,0,3.76435159043855,3.76435159043855
"Westland","GM1783",2020-12-02,102,102,98,97,89,75,2020-11-01,27,0,4,13,-55.5555555555556,"&#x2798;",111307,0,3.59366436971619,11.6794092015776
"Midden-Delfland","GM1842",2020-12-02,13,12,12,12,11,8,2020-11-01,5,1,1,2,0,"-",19389,5.15756356697096,5.15756356697096,10.3151271339419
"Berkelland","GM1859",2020-12-02,27,27,25,25,24,19,2020-11-01,8,0,2,3,100,"&#x279A;",43834,0,4.56266824839166,6.84400237258749
"Bronckhorst","GM1876",2020-12-02,20,20,20,20,19,18,2020-11-01,2,0,0,1,-100,"&#x2798;",36106,0,0,2.76962277737772
"Sittard-Geleen","GM1883",2020-12-02,137,137,135,134,132,128,2020-11-01,9,0,2,5,-33.3333333333333,"&#x2798;",91816,0,2.17826958264355,5.44567395660887
"Kaag en Braassem","GM1884",2020-12-02,12,12,10,10,10,9,2020-11-01,3,0,2,2,200,"&#x279A;",27555,0,7.25821085102522,7.25821085102522
"Dantumadiel","GM1891",2020-12-02,2,2,2,2,2,2,2020-11-01,0,0,0,0,0,"-",18920,0,0,0
"Zuidplas","GM1892",2020-12-02,47,47,43,42,41,32,2020-11-01,15,0,4,6,100,"&#x279A;",44938,0,8.90115269927456,13.3517290489118
"Peel en Maas","GM1894",2020-12-02,148,148,148,148,147,146,2020-11-01,2,0,0,1,-100,"&#x2798;",43644,0,0,2.29126569517001
"Oldambt","GM1895",2020-12-02,11,11,11,11,11,10,2020-11-01,1,0,0,0,0,"-",38258,0,0,0
"Zwartewaterland","GM1896",2020-12-02,38,38,36,36,36,35,2020-11-01,3,0,2,2,200,"&#x279A;",22770,0,8.78348704435661,8.78348704435661
"Súdwest-Fryslân","GM1900",2020-12-02,26,26,26,25,24,22,2020-11-01,4,0,0,2,-100,"&#x2798;",89924,0,0,2.22410035140786
"Bodegraven-Reeuwijk","GM1901",2020-12-02,27,27,26,24,23,15,2020-11-01,12,0,1,4,-66.6666666666667,"&#x2798;",35205,0,2.84050560999858,11.3620224399943
"Eijsden-Margraten","GM1903",2020-12-02,61,61,61,61,61,59,2020-11-01,2,0,0,0,0,"-",25869,0,0,0
"Stichtse Vecht","GM1904",2020-12-02,66,65,62,62,61,51,2020-11-02,15,1,4,5,300,"&#x279A;",65209,1.53353064760999,6.13412259043997,7.66765323804996
"Hollands Kroon","GM1911",2020-12-02,32,32,32,32,31,26,2020-11-01,6,0,0,1,-100,"&#x2798;",48518,0,0,2.0610907292139
"Leidschendam-Voorburg","GM1916",2020-12-02,64,61,54,53,52,41,2020-11-01,23,3,10,12,400,"&#x279A;",76468,3.92320970863629,13.0773656954543,15.6928388345452
"Goeree-Overflakkee","GM1924",2020-12-02,72,72,70,70,70,61,2020-11-01,11,0,2,2,200,"&#x279A;",50454,0,3.96400681809173,3.96400681809173
"Pijnacker-Nootdorp","GM1926",2020-12-02,39,38,37,37,37,32,2020-11-01,7,1,2,2,200,"&#x279A;",55441,1.80371926913295,3.6074385382659,3.6074385382659
"Nissewaard","GM1930",2020-12-02,90,90,88,88,86,74,2020-11-01,16,0,2,4,0,"-",85315,0,2.34425364824474,4.68850729648948
"Krimpenerwaard","GM1931",2020-12-02,70,70,70,69,67,58,2020-11-01,12,0,0,3,-100,"&#x2798;",56427,0,0,5.31660375352225
"De Fryske Marren","GM1940",2020-12-02,26,26,26,26,25,24,2020-11-01,2,0,0,1,-100,"&#x2798;",51662,0,0,1.93565870465719
"Gooise Meren","GM1942",2020-12-02,36,35,34,34,33,29,2020-11-01,7,1,2,3,100,"&#x279A;",58378,1.71297406557265,3.42594813114529,5.13892219671794
"Berg en Dal","GM1945",2020-12-02,43,43,43,43,42,41,2020-11-01,2,0,0,1,-100,"&#x2798;",34987,0,0,2.85820447594821
"Meierijstad","GM1948",2020-12-02,223,223,223,223,223,217,2020-11-01,6,0,0,0,0,"-",81579,0,0,0
"Waadhoeke","GM1949",2020-12-02,18,18,18,17,16,15,2020-11-01,3,0,0,2,-100,"&#x2798;",46115,0,0,4.3369836278868
"Westerwolde","GM1950",2020-12-02,14,13,12,12,12,12,2020-11-01,2,1,2,2,200,"&#x279A;",25595,3.90701308849385,7.81402617698769,7.81402617698769
"Midden-Groningen","GM1952",2020-12-02,17,17,17,16,14,10,2020-11-01,7,0,0,3,-100,"&#x2798;",60723,0,0,4.94046736821303
"Beekdaelen","GM1954",2020-12-02,55,55,54,54,53,52,2020-11-01,3,0,1,2,0,"-",36038,0,2.77484877074199,5.54969754148399
"Montferland","GM1955",2020-12-02,27,27,27,27,26,25,2020-11-01,2,0,0,1,-100,"&#x2798;",36043,0,0,2.77446383486391
"Altena","GM1959",2020-12-02,48,48,46,45,43,40,2020-11-01,8,0,2,5,-33.3333333333333,"&#x2798;",56278,0,3.55378655957923,8.88446639894808
"West Betuwe","GM1960",2020-12-02,66,66,65,65,61,54,2020-11-01,12,0,1,5,-75,"&#x2798;",51431,0,1.94435262779258,9.72176313896288
"Vijfheerenlanden","GM1961",2020-12-02,57,56,56,56,56,48,2020-11-01,9,1,1,1,100,"&#x279A;",57665,1.73415416630538,1.73415416630538,1.73415416630538
"Hoeksche Waard","GM1963",2020-12-02,88,88,85,85,84,84,2020-11-15,4,0,3,4,200,"&#x279A;",87781,0,3.41759606292934,4.55679475057245
"Het Hogeland","GM1966",2020-12-02,10,10,10,10,9,7,2020-11-01,3,0,0,1,-100,"&#x2798;",47821,0,0,2.09113151126074
"Westerkwartier","GM1969",2020-12-02,21,21,20,20,20,19,2020-11-01,2,0,1,1,100,"&#x279A;",63533,0,1.57398517305967,1.57398517305967
"Noardeast-Fryslân","GM1970",2020-12-02,10,10,10,10,9,7,2020-11-01,3,0,0,1,-100,"&#x2798;",45479,0,0,2.1988170364344
"Molenlanden","GM1978",2020-12-02,20,20,19,19,20,19,2020-11-23,1,0,1,0,100,"&#x279A;",44042,0,2.27055992007629,0
