"municipality","Municipality_code","date","d0","d1","d7","d8","d14","jan","lowest_since_jan1","lowest_since_jan1_date","current","increase_1d","increase_7d","increase_14d","increase_growth","growth","population","rel_increase_1d","rel_increase_7d","rel_increase_14d"
"Netherlands","",2021-02-03,41790,41753,40721,40552,39395,35330,35330,2021-01-01,6460,37,1069,2395,-19.3815987933635,"&#x2798;",17443797,0.212109783208323,6.1282529256675,13.7298089401063
"Unknown","",2021-02-03,1179,1178,1149,1142,1108,1021,1021,2021-01-01,158,1,30,71,-26.8292682926829,"&#x2798;",NA,NA,NA,NA
"Groningen","GM0014",2021-02-03,162,162,155,153,141,122,122,2021-01-01,40,0,7,21,-50,"&#x2798;",233456,0,2.99842368583373,8.9952710575012
"Almere","GM0034",2021-02-03,157,157,154,154,148,131,131,2021-01-01,26,0,3,9,-50,"&#x2798;",214551,0,1.39826894304851,4.19480682914552
"Stadskanaal","GM0037",2021-02-03,45,45,45,45,41,36,36,2021-01-01,9,0,0,4,-100,"&#x2798;",31702,0,0,12.6175004731563
"Veendam","GM0047",2021-02-03,37,37,34,33,30,26,26,2021-01-01,11,0,3,7,-25,"&#x2798;",27416,0,10.9425153195214,25.53253574555
"Zeewolde","GM0050",2021-02-03,44,44,43,43,42,35,35,2021-01-01,9,0,1,2,0,"-",22836,0,4.37905062182519,8.75810124365038
"Achtkarspelen","GM0059",2021-02-03,40,40,33,32,25,17,17,2021-01-01,23,0,7,15,-12.5,"&#x2798;",27881,0,25.1067034898318,53.8000789067824
"Ameland","GM0060",2021-02-03,3,3,3,3,3,3,3,2021-01-01,0,0,0,0,0,"-",3747,0,0,0
"Harlingen","GM0072",2021-02-03,10,10,10,10,10,9,9,2021-01-01,1,0,0,0,0,"-",15835,0,0,0
"Heerenveen","GM0074",2021-02-03,57,57,52,51,51,42,42,2021-01-01,15,0,5,6,400,"&#x279A;",50626,0,9.87634812151859,11.8516177458223
"Leeuwarden","GM0080",2021-02-03,127,127,118,117,113,90,90,2021-01-01,37,0,9,14,80,"&#x279A;",124517,0,7.22792871656079,11.2434446702057
"Ooststellingwerf","GM0085",2021-02-03,26,26,24,23,23,21,21,2021-01-01,5,0,2,3,100,"&#x279A;",25437,0,7.86256240908912,11.7938436136337
"Opsterland","GM0086",2021-02-03,38,38,35,35,34,23,23,2021-01-01,15,0,3,4,200,"&#x279A;",29812,0,10.0630618542869,13.4174158057158
"Schiermonnikoog","GM0088",2021-02-03,1,1,1,1,1,1,1,2021-01-01,0,0,0,0,0,"-",936,0,0,0
"Smallingerland","GM0090",2021-02-03,71,71,67,66,59,42,42,2021-01-01,29,0,4,12,-50,"&#x2798;",56060,0,7.13521227256511,21.4056368176953
"Terschelling","GM0093",2021-02-03,2,2,2,2,2,1,1,2021-01-01,1,0,0,0,0,"-",4883,0,0,0
"Vlieland","GM0096",2021-02-03,0,0,0,0,0,0,0,2021-01-01,0,0,0,0,0,"-",1200,0,0,0
"Weststellingwerf","GM0098",2021-02-03,21,20,18,18,17,15,15,2021-01-01,6,1,3,4,200,"&#x279A;",26112,3.8296568627451,11.4889705882353,15.3186274509804
"Assen","GM0106",2021-02-03,75,73,72,71,66,56,56,2021-01-01,19,2,3,9,-50,"&#x2798;",68812,2.90646980177876,4.35970470266814,13.0791141080044
"Coevorden","GM0109",2021-02-03,79,79,75,75,69,48,48,2021-01-01,31,0,4,10,-33.3333333333333,"&#x2798;",35309,0,11.3285564586933,28.3213911467331
"Emmen","GM0114",2021-02-03,191,191,185,184,173,150,150,2021-01-01,41,0,6,18,-50,"&#x2798;",106984,0,5.60831526209527,16.8249457862858
"Hoogeveen","GM0118",2021-02-03,107,107,106,105,103,87,87,2021-01-01,20,0,1,4,-66.6666666666667,"&#x2798;",55604,0,1.79843176749874,7.19372706999496
"Meppel","GM0119",2021-02-03,32,32,30,30,28,21,21,2021-01-01,11,0,2,4,0,"-",34324,0,5.82682671017364,11.6536534203473
"Almelo","GM0141",2021-02-03,258,258,254,251,244,219,219,2021-01-01,39,0,4,14,-60,"&#x2798;",73180,0,5.46597430992074,19.1309100847226
"Borne","GM0147",2021-02-03,63,63,60,59,58,53,53,2021-01-01,10,0,3,5,50,"&#x279A;",23637,0,12.6919659855312,21.1532766425519
"Dalfsen","GM0148",2021-02-03,31,31,29,29,28,26,26,2021-01-01,5,0,2,3,100,"&#x279A;",28919,0,6.91586846018189,10.3738026902728
"Deventer","GM0150",2021-02-03,211,211,205,204,199,180,180,2021-01-01,31,0,6,12,0,"-",101100,0,5.93471810089021,11.8694362017804
"Enschede","GM0153",2021-02-03,385,385,377,377,368,331,331,2021-01-01,54,0,8,17,-11.1111111111111,"&#x2798;",159872,0,5.00400320256205,10.6335068054444
"Haaksbergen","GM0158",2021-02-03,80,79,76,75,73,60,60,2021-01-01,20,1,4,7,33.3333333333333,"&#x279A;",24237,4.12592317531048,16.5036927012419,28.8814622271733
"Hardenberg","GM0160",2021-02-03,101,101,100,100,96,77,77,2021-01-01,24,0,1,5,-75,"&#x2798;",61327,0,1.63060316010892,8.15301580054462
"Hellendoorn","GM0163",2021-02-03,84,84,79,79,74,57,57,2021-01-01,27,0,5,10,0,"-",35903,0,13.9264128345821,27.8528256691641
"Hengelo","GM0164",2021-02-03,200,200,195,194,186,162,162,2021-01-01,38,0,5,14,-44.4444444444444,"&#x2798;",81099,0,6.16530413445295,17.2628515764683
"Kampen","GM0166",2021-02-03,53,53,51,51,51,47,47,2021-01-01,6,0,2,2,200,"&#x279A;",54438,0,3.67390425805503,3.67390425805503
"Losser","GM0168",2021-02-03,79,79,78,78,75,65,65,2021-01-01,14,0,1,4,-66.6666666666667,"&#x2798;",22867,0,4.37311409454673,17.4924563781869
"Noordoostpolder","GM0171",2021-02-03,56,55,55,55,52,42,42,2021-01-01,14,1,1,4,-66.6666666666667,"&#x2798;",47597,2.10097275038343,2.10097275038343,8.40389100153371
"Oldenzaal","GM0173",2021-02-03,98,98,96,96,93,82,82,2021-01-01,16,0,2,5,-33.3333333333333,"&#x2798;",31734,0,6.3023886052814,15.7559715132035
"Ommen","GM0175",2021-02-03,37,37,37,36,34,29,29,2021-01-01,8,0,0,3,-100,"&#x2798;",18272,0,0,16.4185639229422
"Raalte","GM0177",2021-02-03,66,66,63,63,58,50,50,2021-01-01,16,0,3,8,-40,"&#x2798;",37920,0,7.91139240506329,21.0970464135021
"Staphorst","GM0180",2021-02-03,33,33,33,32,31,24,24,2021-01-01,9,0,0,2,-100,"&#x2798;",17276,0,0,11.5767538782125
"Tubbergen","GM0183",2021-02-03,56,56,56,55,53,47,47,2021-01-01,9,0,0,3,-100,"&#x2798;",21322,0,0,14.0699746740456
"Urk","GM0184",2021-02-03,71,71,69,69,69,64,64,2021-01-01,7,0,2,2,200,"&#x279A;",21208,0,9.43040362127499,9.43040362127499
"Wierden","GM0189",2021-02-03,68,68,66,65,64,59,59,2021-01-01,9,0,2,4,0,"-",24532,0,8.15261699005381,16.3052339801076
"Zwolle","GM0193",2021-02-03,82,81,81,81,79,70,70,2021-01-01,12,1,1,3,-50,"&#x2798;",129697,0.771027857236482,0.771027857236482,2.31308357170945
"Aalten","GM0197",2021-02-03,45,45,44,43,42,37,37,2021-01-01,8,0,1,3,-50,"&#x2798;",27133,0,3.68554896251797,11.0566468875539
"Apeldoorn","GM0200",2021-02-03,337,337,334,334,327,289,289,2021-01-01,48,0,3,10,-57.1428571428571,"&#x2798;",164717,0,1.82130563329832,6.07101877766108
"Arnhem","GM0202",2021-02-03,131,131,131,130,128,116,116,2021-01-01,15,0,0,3,-100,"&#x2798;",162353,0,0,1.84782541745456
"Barneveld","GM0203",2021-02-03,128,128,122,122,114,92,92,2021-01-01,36,0,6,14,-25,"&#x2798;",59938,0,10.0103440221562,23.3574693850312
"Beuningen","GM0209",2021-02-03,59,59,55,55,53,47,47,2021-01-01,12,0,4,6,100,"&#x279A;",26159,0,15.2911044000153,22.9366566000229
"Brummen","GM0213",2021-02-03,42,42,42,42,42,33,33,2021-01-01,9,0,0,0,0,"-",20867,0,0,0
"Buren","GM0214",2021-02-03,86,86,84,84,77,68,68,2021-01-01,18,0,2,9,-71.4285714285714,"&#x2798;",26997,0,7.40823054413453,33.3370374486054
"Culemborg","GM0216",2021-02-03,90,90,87,84,81,71,71,2021-01-01,19,0,3,9,-50,"&#x2798;",29132,0,10.2979541397776,30.8938624193327
"Doesburg","GM0221",2021-02-03,19,19,19,19,19,16,16,2021-01-01,3,0,0,0,0,"-",11061,0,0,0
"Doetinchem","GM0222",2021-02-03,100,100,98,98,94,84,84,2021-01-01,16,0,2,6,-50,"&#x2798;",58227,0,3.43483263777972,10.3044979133392
"Druten","GM0225",2021-02-03,72,72,71,71,66,60,60,2021-01-01,12,0,1,6,-80,"&#x2798;",18980,0,5.26870389884089,31.6122233930453
"Duiven","GM0226",2021-02-03,22,22,22,22,22,19,19,2021-01-01,3,0,0,0,0,"-",25072,0,0,0
"Ede","GM0228",2021-02-03,280,279,275,275,266,225,225,2021-01-01,55,1,5,14,-44.4444444444444,"&#x2798;",118538,0.843611331387403,4.21805665693702,11.8105586394236
"Elburg","GM0230",2021-02-03,46,46,45,45,44,37,37,2021-01-01,9,0,1,2,0,"-",23443,0,4.26566565712579,8.53133131425159
"Epe","GM0232",2021-02-03,80,80,76,76,76,68,68,2021-01-01,12,0,4,4,400,"&#x279A;",33198,0,12.0489186095548,12.0489186095548
"Ermelo","GM0233",2021-02-03,86,86,86,85,82,73,73,2021-01-01,13,0,0,4,-100,"&#x2798;",27044,0,0,14.7907114332199
"Harderwijk","GM0243",2021-02-03,150,150,145,145,142,120,120,2021-01-01,30,0,5,8,66.6666666666667,"&#x279A;",48657,0,10.2760137287543,16.4416219660069
"Hattem","GM0244",2021-02-03,13,13,12,12,12,10,10,2021-01-01,3,0,1,1,100,"&#x279A;",12235,0,8.1732733959951,8.1732733959951
"Heerde","GM0246",2021-02-03,25,25,25,25,24,22,22,2021-01-01,3,0,0,1,-100,"&#x2798;",18744,0,0,5.33504054630815
"Heumen","GM0252",2021-02-03,48,48,48,48,43,40,40,2021-01-01,8,0,0,5,-100,"&#x2798;",16579,0,0,30.1586344170336
"Lochem","GM0262",2021-02-03,55,55,55,55,55,47,47,2021-01-01,8,0,0,0,0,"-",33907,0,0,0
"Maasdriel","GM0263",2021-02-03,58,58,55,55,55,49,49,2021-01-01,9,0,3,3,300,"&#x279A;",25441,0,11.7919893085964,11.7919893085964
"Nijkerk","GM0267",2021-02-03,97,97,95,95,93,75,75,2021-01-01,22,0,2,4,0,"-",43577,0,4.58957707047296,9.17915414094591
"Nijmegen","GM0268",2021-02-03,424,424,418,417,404,360,360,2021-01-01,64,0,6,20,-57.1428571428571,"&#x2798;",177463,0,3.38098645914923,11.2699548638308
"Oldebroek","GM0269",2021-02-03,38,38,34,34,34,28,28,2021-01-01,10,0,4,4,400,"&#x279A;",23749,0,16.842814434292,16.842814434292
"Putten","GM0273",2021-02-03,47,47,45,45,44,38,38,2021-01-01,9,0,2,3,100,"&#x279A;",24384,0,8.20209973753281,12.3031496062992
"Renkum","GM0274",2021-02-03,38,38,38,38,37,33,33,2021-01-01,5,0,0,1,-100,"&#x2798;",31413,0,0,3.18339540954382
"Rheden","GM0275",2021-02-03,34,34,33,33,33,26,26,2021-01-01,8,0,1,1,100,"&#x279A;",43565,0,2.29542063583152,2.29542063583152
"Rozendaal","GM0277",2021-02-03,1,1,1,1,1,0,0,2021-01-01,1,0,0,0,0,"-",1718,0,0,0
"Scherpenzeel","GM0279",2021-02-03,20,20,19,19,19,11,11,2021-01-01,9,0,1,1,100,"&#x279A;",10110,0,9.89119683481701,9.89119683481701
"Tiel","GM0281",2021-02-03,149,149,144,143,140,128,128,2021-01-01,21,0,5,9,25,"&#x279A;",41899,0,11.9334590324351,21.4802262583833
"Voorst","GM0285",2021-02-03,63,63,60,59,58,53,53,2021-01-01,10,0,3,5,50,"&#x279A;",24762,0,12.1153380179307,20.1922300298845
"Wageningen","GM0289",2021-02-03,68,68,65,64,63,54,54,2021-01-01,14,0,3,5,50,"&#x279A;",39719,0,7.55306024824391,12.5884337470732
"Westervoort","GM0293",2021-02-03,18,18,18,18,18,16,16,2021-01-01,2,0,0,0,0,"-",15017,0,0,0
"Winterswijk","GM0294",2021-02-03,43,43,40,40,40,34,34,2021-01-01,9,0,3,3,300,"&#x279A;",29007,0,10.3423311614438,10.3423311614438
"Wijchen","GM0296",2021-02-03,132,132,129,129,126,117,117,2021-01-01,15,0,3,6,0,"-",41259,0,7.27114084199811,14.5422816839962
"Zaltbommel","GM0297",2021-02-03,79,79,76,76,72,56,56,2021-01-01,23,0,3,7,-25,"&#x2798;",29436,0,10.1916021198532,23.7804049463242
"Zevenaar","GM0299",2021-02-03,48,48,48,47,42,42,42,2021-01-01,6,0,0,6,-100,"&#x2798;",44085,0,0,13.6100714528751
"Zutphen","GM0301",2021-02-03,82,82,81,81,81,77,77,2021-01-01,5,0,1,1,100,"&#x279A;",48105,0,2.07878598898243,2.07878598898243
"Nunspeet","GM0302",2021-02-03,118,118,118,117,111,104,104,2021-01-01,14,0,0,7,-100,"&#x2798;",28017,0,0,24.9848306385409
"Dronten","GM0303",2021-02-03,89,89,88,88,86,78,78,2021-01-01,11,0,1,3,-50,"&#x2798;",41936,0,2.38458603586417,7.15375810759252
"Amersfoort","GM0307",2021-02-03,306,306,300,299,286,263,263,2021-01-01,43,0,6,20,-57.1428571428571,"&#x2798;",157547,0,3.80838733838156,12.6946244612719
"Baarn","GM0308",2021-02-03,30,30,30,30,30,27,27,2021-01-01,3,0,0,0,0,"-",24844,0,0,0
"De Bilt","GM0310",2021-02-03,87,87,85,85,82,80,80,2021-01-01,7,0,2,5,-33.3333333333333,"&#x2798;",43371,0,4.61137626524636,11.5284406631159
"Bunnik","GM0312",2021-02-03,28,28,28,28,27,27,27,2021-01-01,1,0,0,1,-100,"&#x2798;",15345,0,0,6.5167807103291
"Bunschoten","GM0313",2021-02-03,88,88,88,88,87,75,75,2021-01-01,13,0,0,1,-100,"&#x2798;",22036,0,0,4.53802868034126
"Eemnes","GM0317",2021-02-03,12,12,10,10,10,5,5,2021-01-01,7,0,2,2,200,"&#x279A;",9361,0,21.3652387565431,21.3652387565431
"Houten","GM0321",2021-02-03,78,78,77,77,75,72,72,2021-01-01,6,0,1,3,-50,"&#x2798;",50206,0,1.99179380950484,5.97538142851452
"Leusden","GM0327",2021-02-03,39,39,37,36,35,34,34,2021-01-01,5,0,2,4,0,"-",30522,0,6.55265054714632,13.1053010942926
"Lopik","GM0331",2021-02-03,36,36,35,34,33,33,33,2021-01-01,3,0,1,3,-50,"&#x2798;",14455,0,6.91802144586648,20.7540643375994
"Montfoort","GM0335",2021-02-03,30,30,30,30,30,28,28,2021-01-01,2,0,0,0,0,"-",13878,0,0,0
"Renswoude","GM0339",2021-02-03,7,7,7,7,7,6,6,2021-01-01,1,0,0,0,0,"-",5547,0,0,0
"Rhenen","GM0340",2021-02-03,45,45,45,45,43,38,38,2021-01-01,7,0,0,2,-100,"&#x2798;",20193,0,0,9.90442232456792
"Soest","GM0342",2021-02-03,105,105,103,102,99,85,85,2021-01-01,20,0,2,6,-50,"&#x2798;",46906,0,4.26384684262141,12.7915405278642
"Utrecht","GM0344",2021-02-03,829,829,821,819,804,729,729,2021-01-01,100,0,8,25,-52.9411764705882,"&#x2798;",359548,0,2.22501585323795,6.95317454136861
"Veenendaal","GM0345",2021-02-03,188,188,187,187,185,172,172,2021-01-01,16,0,1,3,-50,"&#x2798;",66945,0,1.49376353723206,4.48129061169617
"Woudenberg","GM0351",2021-02-03,30,30,29,29,28,24,24,2021-01-01,6,0,1,2,0,"-",13625,0,7.3394495412844,14.6788990825688
"Wijk bij Duurstede","GM0352",2021-02-03,52,52,50,50,46,40,40,2021-01-01,12,0,2,6,-50,"&#x2798;",23917,0,8.36225279090187,25.0867583727056
"IJsselstein","GM0353",2021-02-03,101,101,98,98,97,92,92,2021-01-01,9,0,3,4,200,"&#x279A;",33855,0,8.86132033673017,11.8150937823069
"Zeist","GM0355",2021-02-03,120,120,117,116,115,108,108,2021-01-01,12,0,3,5,50,"&#x279A;",65005,0,4.61502961310668,7.69171602184447
"Nieuwegein","GM0356",2021-02-03,127,127,125,124,123,112,112,2021-01-01,15,0,2,4,0,"-",63811,0,3.13425584930498,6.26851169860996
"Aalsmeer","GM0358",2021-02-03,46,46,44,44,43,38,38,2021-01-01,8,0,2,3,100,"&#x279A;",31957,0,6.25840973808555,9.38761460712833
"Alkmaar","GM0361",2021-02-03,254,254,245,243,233,210,210,2021-01-01,44,0,9,21,-25,"&#x2798;",109841,0,8.19366174743493,19.1185440773482
"Amstelveen","GM0362",2021-02-03,177,177,174,173,168,157,157,2021-01-01,20,0,3,9,-50,"&#x2798;",90956,0,3.29829807819165,9.89489423457496
"Amsterdam","GM0363",2021-02-03,2575,2574,2513,2503,2427,2236,2236,2021-01-01,339,1,62,148,-27.9069767441861,"&#x2798;",873289,0.114509629687309,7.09959704061313,16.9474251937217
"Beemster","GM0370",2021-02-03,13,13,13,13,12,11,11,2021-01-01,2,0,0,1,-100,"&#x2798;",10073,0,0,9.92752903802243
"Bergen (NH.)","GM0373",2021-02-03,70,70,68,68,68,63,63,2021-01-01,7,0,2,2,200,"&#x279A;",29706,0,6.73264660337979,6.73264660337979
"Beverwijk","GM0375",2021-02-03,56,56,53,53,52,48,48,2021-01-01,8,0,3,4,200,"&#x279A;",41830,0,7.1718862060722,9.5625149414296
"Blaricum","GM0376",2021-02-03,8,8,8,8,8,5,5,2021-01-01,3,0,0,0,0,"-",11919,0,0,0
"Bloemendaal","GM0377",2021-02-03,12,12,12,12,11,7,7,2021-01-01,5,0,0,1,-100,"&#x2798;",23529,0,0,4.25007437630159
"Castricum","GM0383",2021-02-03,52,52,51,51,50,47,47,2021-01-01,5,0,1,2,0,"-",36164,0,2.76518084282712,5.53036168565424
"Diemen","GM0384",2021-02-03,73,73,73,73,71,66,66,2021-01-01,7,0,0,2,-100,"&#x2798;",31304,0,0,6.38895987733197
"Edam-Volendam","GM0385",2021-02-03,113,112,106,106,100,93,93,2021-01-01,20,1,7,13,16.6666666666667,"&#x279A;",36247,2.75884900819378,19.3119430573565,35.8650371065192
"Enkhuizen","GM0388",2021-02-03,62,62,61,61,61,50,50,2021-01-01,12,0,1,1,100,"&#x279A;",18666,0,5.3573341905068,5.3573341905068
"Haarlem","GM0392",2021-02-03,150,150,146,144,140,116,116,2021-01-01,34,0,4,10,-33.3333333333333,"&#x2798;",162754,0,2.45769689224228,6.1442422306057
"Haarlemmermeer","GM0394",2021-02-03,198,198,195,194,187,158,158,2021-01-01,40,0,3,11,-62.5,"&#x2798;",157730,0,1.90198440372789,6.97394281366893
"Heemskerk","GM0396",2021-02-03,68,68,66,66,65,61,61,2021-01-01,7,0,2,3,100,"&#x279A;",39233,0,5.09774934366477,7.64662401549716
"Heemstede","GM0397",2021-02-03,18,18,18,18,18,14,14,2021-01-01,4,0,0,0,0,"-",27494,0,0,0
"Heerhugowaard","GM0398",2021-02-03,108,108,104,104,102,83,83,2021-01-01,25,0,4,6,100,"&#x279A;",58303,0,6.86071042656467,10.291065639847
"Heiloo","GM0399",2021-02-03,36,36,35,35,33,25,25,2021-01-01,11,0,1,3,-50,"&#x2798;",24119,0,4.14610887681911,12.4383266304573
"Den Helder","GM0400",2021-02-03,88,88,85,85,80,65,65,2021-01-01,23,0,3,8,-40,"&#x2798;",56531,0,5.30682280518653,14.1515274804974
"Hilversum","GM0402",2021-02-03,60,60,58,57,53,35,35,2021-01-01,25,0,2,7,-60,"&#x2798;",91247,0,2.1918528828345,7.67148508992076
"Hoorn","GM0405",2021-02-03,165,164,153,152,148,117,117,2021-01-01,48,1,12,17,140,"&#x279A;",73579,1.35908343413202,16.3090012095843,23.1044183802444
"Huizen","GM0406",2021-02-03,50,50,47,47,43,32,32,2021-01-01,18,0,3,7,-25,"&#x2798;",41130,0,7.29394602479942,17.0192073911986
"Landsmeer","GM0415",2021-02-03,25,25,24,24,23,20,20,2021-01-01,5,0,1,2,0,"-",11564,0,8.6475268073331,17.2950536146662
"Langedijk","GM0416",2021-02-03,55,55,53,53,53,46,46,2021-01-01,9,0,2,2,200,"&#x279A;",28332,0,7.05915572497529,7.05915572497529
"Laren","GM0417",2021-02-03,14,14,14,14,14,11,11,2021-01-01,3,0,0,0,0,"-",11401,0,0,0
"Medemblik","GM0420",2021-02-03,106,105,94,94,88,71,71,2021-01-01,35,1,12,18,100,"&#x279A;",45194,2.21268309952649,26.5521971943178,39.8282957914767
"Oostzaan","GM0431",2021-02-03,27,27,27,27,27,24,24,2021-01-01,3,0,0,0,0,"-",9685,0,0,0
"Opmeer","GM0432",2021-02-03,13,13,11,11,10,8,8,2021-01-01,5,0,2,3,100,"&#x279A;",11988,0,16.6833500166834,25.025025025025
"Ouder-Amstel","GM0437",2021-02-03,23,23,22,22,21,19,19,2021-01-01,4,0,1,2,0,"-",14120,0,7.08215297450425,14.1643059490085
"Purmerend","GM0439",2021-02-03,252,252,246,245,238,192,192,2021-01-01,60,0,6,14,-25,"&#x2798;",81708,0,7.34322220590395,17.1341851471092
"Schagen","GM0441",2021-02-03,88,88,85,84,81,69,69,2021-01-01,19,0,3,7,-25,"&#x2798;",46546,0,6.44523696987926,15.0388862630516
"Texel","GM0448",2021-02-03,13,13,13,13,13,13,13,2021-01-01,0,0,0,0,0,"-",13658,0,0,0
"Uitgeest","GM0450",2021-02-03,18,18,18,18,18,17,17,2021-01-01,1,0,0,0,0,"-",13644,0,0,0
"Uithoorn","GM0451",2021-02-03,51,50,49,49,49,44,44,2021-01-01,7,1,2,2,200,"&#x279A;",30138,3.31807021036565,6.6361404207313,6.6361404207313
"Velsen","GM0453",2021-02-03,100,100,96,96,90,79,79,2021-01-01,21,0,4,10,-33.3333333333333,"&#x2798;",68683,0,5.82385743197007,14.5596435799252
"Weesp","GM0457",2021-02-03,28,28,27,27,24,18,18,2021-01-01,10,0,1,4,-66.6666666666667,"&#x2798;",20459,0,4.8878244293465,19.551297717386
"Zandvoort","GM0473",2021-02-03,17,17,17,17,17,14,14,2021-01-01,3,0,0,0,0,"-",17168,0,0,0
"Zaanstad","GM0479",2021-02-03,445,445,432,432,428,403,403,2021-01-01,42,0,13,17,225,"&#x279A;",157106,0,8.27466805850827,10.8207197688185
"Alblasserdam","GM0482",2021-02-03,78,78,76,76,75,68,68,2021-01-01,10,0,2,3,100,"&#x279A;",20193,0,9.90442232456792,14.8566334868519
"Alphen aan den Rijn","GM0484",2021-02-03,257,257,250,249,233,219,219,2021-01-01,38,0,7,24,-58.8235294117647,"&#x2798;",112552,0,6.21934750159926,21.3234771483403
"Barendrecht","GM0489",2021-02-03,129,129,128,127,122,112,112,2021-01-01,17,0,1,7,-83.3333333333333,"&#x2798;",48635,0,2.05613241492752,14.3929269044927
"Drechterland","GM0498",2021-02-03,39,39,35,35,34,28,28,2021-01-01,11,0,4,5,300,"&#x279A;",19834,0,20.167389331451,25.2092366643138
"Brielle","GM0501",2021-02-03,50,50,49,48,48,44,44,2021-01-01,6,0,1,2,0,"-",17408,0,5.74448529411765,11.4889705882353
"Capelle aan den IJssel","GM0502",2021-02-03,252,252,246,245,242,218,218,2021-01-01,34,0,6,10,50,"&#x279A;",67204,0,8.92803999761919,14.8800666626986
"Delft","GM0503",2021-02-03,212,212,207,206,202,178,178,2021-01-01,34,0,5,10,0,"-",103880,0,4.81324605313824,9.62649210627647
"Dordrecht","GM0505",2021-02-03,445,445,434,432,416,383,383,2021-01-01,62,0,11,29,-38.8888888888889,"&#x2798;",119184,0,9.22942676869378,24.3321251174654
"Gorinchem","GM0512",2021-02-03,88,88,86,85,83,60,60,2021-01-01,28,0,2,5,-33.3333333333333,"&#x2798;",37405,0,5.34687875952413,13.3671968988103
"Gouda","GM0513",2021-02-03,227,226,221,220,211,199,199,2021-01-01,28,1,6,16,-40,"&#x2798;",73754,1.35585866529273,8.13515199175638,21.6937386446837
"'s-Gravenhage","GM0518",2021-02-03,1576,1575,1533,1530,1492,1371,1371,2021-01-01,205,1,43,84,4.87804878048781,"-",548076,0.182456447645947,7.84562724877572,15.3263416022595
"Hardinxveld-Giessendam","GM0523",2021-02-03,33,33,32,32,30,25,25,2021-01-01,8,0,1,3,-50,"&#x2798;",18399,0,5.4350779933692,16.3052339801076
"Hellevoetsluis","GM0530",2021-02-03,98,98,96,96,95,73,73,2021-01-01,25,0,2,3,100,"&#x279A;",40235,0,4.97079657015037,7.45619485522555
"Hendrik-Ido-Ambacht","GM0531",2021-02-03,100,100,98,98,94,81,81,2021-01-01,19,0,2,6,-50,"&#x2798;",31255,0,6.39897616381379,19.1969284914414
"Stede Broec","GM0532",2021-02-03,73,73,69,68,65,48,48,2021-01-01,25,0,4,8,0,"-",21768,0,18.3755972069092,36.7511944138185
"Hillegom","GM0534",2021-02-03,20,20,20,20,19,16,16,2021-01-01,4,0,0,1,-100,"&#x2798;",22217,0,0,4.50105774857091
"Katwijk","GM0537",2021-02-03,183,183,180,179,174,149,149,2021-01-01,34,0,3,9,-50,"&#x2798;",66005,0,4.54511021892281,13.6353306567684
"Krimpen aan den IJssel","GM0542",2021-02-03,96,96,94,93,89,76,76,2021-01-01,20,0,2,7,-60,"&#x2798;",29443,0,6.792786061203,23.7747512142105
"Leiden","GM0546",2021-02-03,190,190,187,187,182,169,169,2021-01-01,21,0,3,8,-40,"&#x2798;",124121,0,2.41699631810894,6.44532351495718
"Leiderdorp","GM0547",2021-02-03,70,70,69,69,68,62,62,2021-01-01,8,0,1,2,0,"-",27374,0,3.6531014831592,7.3062029663184
"Lisse","GM0553",2021-02-03,45,45,44,44,42,39,39,2021-01-01,6,0,1,3,-50,"&#x2798;",22999,0,4.34801513109266,13.044045393278
"Maassluis","GM0556",2021-02-03,100,100,100,100,98,91,91,2021-01-01,9,0,0,2,-100,"&#x2798;",33557,0,0,5.96000834401168
"Nieuwkoop","GM0569",2021-02-03,48,48,46,45,45,39,39,2021-01-01,9,0,2,3,100,"&#x279A;",29146,0,6.86200507788376,10.2930076168256
"Noordwijk","GM0575",2021-02-03,97,97,96,95,92,86,86,2021-01-01,11,0,1,5,-75,"&#x2798;",43998,0,2.27283058320833,11.3641529160416
"Oegstgeest","GM0579",2021-02-03,39,39,39,39,39,35,35,2021-01-01,4,0,0,0,0,"-",25061,0,0,0
"Oudewater","GM0589",2021-02-03,40,40,40,40,38,36,36,2021-01-01,4,0,0,2,-100,"&#x2798;",10156,0,0,19.6927924379677
"Papendrecht","GM0590",2021-02-03,100,100,99,97,93,88,88,2021-01-01,12,0,1,7,-83.3333333333333,"&#x2798;",32142,0,3.11119407628648,21.7783585340054
"Ridderkerk","GM0597",2021-02-03,163,162,155,155,152,135,135,2021-01-01,28,1,8,11,166.666666666667,"&#x279A;",46633,2.14440417729934,17.1552334183947,23.5884459502927
"Rotterdam","GM0599",2021-02-03,2538,2536,2495,2487,2436,2261,2261,2021-01-01,277,2,43,102,-27.1186440677966,"&#x2798;",652742,0.30639977203857,6.58759509882925,15.626388373967
"Rijswijk","GM0603",2021-02-03,150,150,147,147,145,136,136,2021-01-01,14,0,3,5,50,"&#x279A;",55236,0,5.43124049532913,9.05206749221522
"Schiedam","GM0606",2021-02-03,252,252,250,249,243,226,226,2021-01-01,26,0,2,9,-71.4285714285714,"&#x2798;",79316,0,2.52155933229109,11.3470169953099
"Sliedrecht","GM0610",2021-02-03,123,123,120,119,113,95,95,2021-01-01,28,0,3,10,-57.1428571428571,"&#x2798;",25570,0,11.7324990222917,39.1083300743058
"Albrandswaard","GM0613",2021-02-03,74,74,74,73,70,62,62,2021-01-01,12,0,0,4,-100,"&#x2798;",25806,0,0,15.500271254747
"Westvoorne","GM0614",2021-02-03,30,29,27,27,25,20,20,2021-01-01,10,1,3,5,50,"&#x279A;",14893,6.7145638890754,20.1436916672262,33.572819445377
"Vlaardingen","GM0622",2021-02-03,195,195,195,195,190,178,178,2021-01-01,17,0,0,5,-100,"&#x2798;",73950,0,0,6.76132521974307
"Voorschoten","GM0626",2021-02-03,33,33,33,33,33,30,30,2021-01-01,3,0,0,0,0,"-",25643,0,0,0
"Waddinxveen","GM0627",2021-02-03,79,79,77,77,74,70,70,2021-01-01,9,0,2,5,-33.3333333333333,"&#x2798;",30320,0,6.59630606860158,16.490765171504
"Wassenaar","GM0629",2021-02-03,42,42,42,42,42,33,33,2021-01-01,9,0,0,0,0,"-",26845,0,0,0
"Woerden","GM0632",2021-02-03,135,135,133,133,131,119,119,2021-01-01,16,0,2,4,0,"-",52671,0,3.79715593020827,7.59431186041655
"Zoetermeer","GM0637",2021-02-03,278,277,266,266,264,239,239,2021-01-01,39,1,12,14,500,"&#x279A;",125284,0.798186520226047,9.57823824271256,11.1746112831646
"Zoeterwoude","GM0638",2021-02-03,16,16,16,16,16,14,14,2021-01-01,2,0,0,0,0,"-",8813,0,0,0
"Zwijndrecht","GM0642",2021-02-03,172,172,167,167,158,146,146,2021-01-01,26,0,5,14,-44.4444444444444,"&#x2798;",44763,0,11.1699394589281,31.2758304849988
"Borsele","GM0654",2021-02-03,25,25,25,25,23,15,15,2021-01-01,10,0,0,2,-100,"&#x2798;",22779,0,0,8.78001668203169
"Goes","GM0664",2021-02-03,56,56,55,55,52,44,44,2021-01-01,12,0,1,4,-66.6666666666667,"&#x2798;",38571,0,2.59262139949703,10.3704855979881
"West Maas en Waal","GM0668",2021-02-03,50,49,43,43,41,38,38,2021-01-01,12,1,7,9,250,"&#x279A;",19560,5.11247443762781,35.7873210633947,46.0122699386503
"Hulst","GM0677",2021-02-03,41,41,40,40,39,34,34,2021-01-01,7,0,1,2,0,"-",27563,0,3.62805209882814,7.25610419765628
"Kapelle","GM0678",2021-02-03,11,11,10,10,10,10,10,2021-01-01,1,0,1,1,100,"&#x279A;",12842,0,7.78694907335306,7.78694907335306
"Middelburg","GM0687",2021-02-03,55,55,48,47,46,41,41,2021-01-01,14,0,7,9,250,"&#x279A;",48973,0,14.2935903457007,18.3774733016152
"Reimerswaal","GM0703",2021-02-03,35,35,34,34,32,18,18,2021-01-01,17,0,1,3,-50,"&#x2798;",22931,0,4.36090881339671,13.0827264401901
"Terneuzen","GM0715",2021-02-03,102,102,102,98,95,82,82,2021-01-01,20,0,0,7,-100,"&#x2798;",54486,0,0,12.8473369305877
"Tholen","GM0716",2021-02-03,73,73,73,73,72,65,65,2021-01-01,8,0,0,1,-100,"&#x2798;",26050,0,0,3.83877159309021
"Veere","GM0717",2021-02-03,22,22,21,20,19,15,15,2021-01-01,7,0,1,3,-50,"&#x2798;",21981,0,4.54938355852782,13.6481506755835
"Vlissingen","GM0718",2021-02-03,54,54,51,51,47,37,37,2021-01-01,17,0,3,7,-25,"&#x2798;",44330,0,6.76742612226483,15.7906609519513
"De Ronde Venen","GM0736",2021-02-03,127,127,126,126,124,114,114,2021-01-01,13,0,1,3,-50,"&#x2798;",44696,0,2.23733667442277,6.7120100232683
"Tytsjerksteradiel","GM0737",2021-02-03,25,25,22,22,22,14,14,2021-01-01,11,0,3,3,300,"&#x279A;",32039,0,9.36358812697025,9.36358812697025
"Asten","GM0743",2021-02-03,46,46,46,46,45,42,42,2021-01-01,4,0,0,1,-100,"&#x2798;",16802,0,0,5.95167241995001
"Baarle-Nassau","GM0744",2021-02-03,19,19,19,19,19,19,19,2021-01-01,0,0,0,0,0,"-",6901,0,0,0
"Bergen op Zoom","GM0748",2021-02-03,195,195,188,185,182,159,159,2021-01-01,36,0,7,13,16.6666666666667,"&#x279A;",67501,0,10.3702167375298,19.2589739411268
"Best","GM0753",2021-02-03,110,110,102,100,100,79,79,2021-01-01,31,0,8,10,300,"&#x279A;",30196,0,26.4935753079878,33.1169691349848
"Boekel","GM0755",2021-02-03,41,41,41,41,40,38,38,2021-01-01,3,0,0,1,-100,"&#x2798;",10922,0,0,9.1558322651529
"Boxmeer","GM0756",2021-02-03,91,91,90,90,89,78,78,2021-01-01,13,0,1,2,0,"-",29592,0,3.37929170045958,6.75858340091917
"Boxtel","GM0757",2021-02-03,94,94,92,92,91,82,82,2021-01-01,12,0,2,3,100,"&#x279A;",32675,0,6.12088752869166,9.18133129303749
"Breda","GM0758",2021-02-03,473,473,469,465,454,432,432,2021-01-01,41,0,4,19,-73.3333333333333,"&#x2798;",184151,0,2.17213047987793,10.3176197794202
"Deurne","GM0762",2021-02-03,128,127,124,123,119,108,108,2021-01-01,20,1,4,9,-20,"&#x2798;",32482,3.07862816329044,12.3145126531617,27.7076534696139
"Pekela","GM0765",2021-02-03,27,27,27,27,26,18,18,2021-01-01,9,0,0,1,-100,"&#x2798;",12163,0,0,8.22165584148648
"Dongen","GM0766",2021-02-03,106,106,105,105,105,90,90,2021-01-01,16,0,1,1,100,"&#x279A;",26358,0,3.79391456104408,3.79391456104408
"Eersel","GM0770",2021-02-03,86,86,85,84,84,82,82,2021-01-01,4,0,1,2,0,"-",19494,0,5.12978352313532,10.2595670462706
"Eindhoven","GM0772",2021-02-03,735,734,697,690,655,587,587,2021-01-01,148,1,38,80,-9.52380952380952,"&#x2798;",235728,0.424217742482862,16.1202742143487,33.9374193986289
"Etten-Leur","GM0777",2021-02-03,120,120,119,119,118,112,112,2021-01-01,8,0,1,2,0,"-",43881,0,2.27889063603838,4.55778127207675
"Geertruidenberg","GM0779",2021-02-03,53,53,53,53,51,38,38,2021-01-01,15,0,0,2,-100,"&#x2798;",21792,0,0,9.1776798825257
"Gilze en Rijen","GM0784",2021-02-03,62,62,61,61,61,58,58,2021-01-01,4,0,1,1,100,"&#x279A;",26806,0,3.73050809520257,3.73050809520257
"Goirle","GM0785",2021-02-03,88,88,87,87,84,79,79,2021-01-01,9,0,1,4,-66.6666666666667,"&#x2798;",23939,0,4.17728392998872,16.7091357199549
"Grave","GM0786",2021-02-03,56,56,55,55,55,51,51,2021-01-01,5,0,1,1,100,"&#x279A;",12429,0,8.04569957357792,8.04569957357792
"Helmond","GM0794",2021-02-03,340,340,330,329,312,284,284,2021-01-01,56,0,10,28,-44.4444444444444,"&#x2798;",92614,0,10.7975036171637,30.2330101280584
"'s-Hertogenbosch","GM0796",2021-02-03,399,399,396,395,384,351,351,2021-01-01,48,0,3,15,-75,"&#x2798;",155491,0,1.9293721180004,9.64686059000199
"Heusden","GM0797",2021-02-03,142,142,142,141,140,128,128,2021-01-01,14,0,0,2,-100,"&#x2798;",45008,0,0,4.44365446142908
"Hilvarenbeek","GM0798",2021-02-03,39,39,39,39,38,38,38,2021-01-01,1,0,0,1,-100,"&#x2798;",15683,0,0,6.37633105910859
"Loon op Zand","GM0809",2021-02-03,104,104,101,101,97,86,86,2021-01-01,18,0,3,7,-25,"&#x2798;",23497,0,12.7675873515768,29.7910371536792
"Mill en Sint Hubert","GM0815",2021-02-03,32,32,32,32,30,26,26,2021-01-01,6,0,0,2,-100,"&#x2798;",11003,0,0,18.1768608561301
"Nuenen, Gerwen en Nederwetten","GM0820",2021-02-03,62,62,59,58,55,46,46,2021-01-01,16,0,3,7,-25,"&#x2798;",23657,0,12.6812359978019,29.5895506615378
"Oirschot","GM0823",2021-02-03,55,55,53,53,53,49,49,2021-01-01,6,0,2,2,200,"&#x279A;",18838,0,10.6168383055526,10.6168383055526
"Oisterwijk","GM0824",2021-02-03,76,76,73,73,71,66,66,2021-01-01,10,0,3,5,50,"&#x279A;",30700,0,9.77198697068404,16.2866449511401
"Oosterhout","GM0826",2021-02-03,163,163,161,160,157,152,152,2021-01-01,11,0,2,6,-50,"&#x2798;",56184,0,3.55973230813043,10.6791969243913
"Oss","GM0828",2021-02-03,331,331,316,316,305,295,295,2021-01-01,36,0,15,26,36.3636363636364,"&#x279A;",92442,0,16.2263906016746,28.1257437095692
"Rucphen","GM0840",2021-02-03,84,84,82,82,76,60,60,2021-01-01,24,0,2,8,-66.6666666666667,"&#x2798;",23089,0,8.66213348347698,34.6485339339079
"Sint-Michielsgestel","GM0845",2021-02-03,87,87,84,84,83,80,80,2021-01-01,7,0,3,4,200,"&#x279A;",29510,0,10.1660454083362,13.5547272111149
"Someren","GM0847",2021-02-03,56,56,56,56,55,46,46,2021-01-01,10,0,0,1,-100,"&#x2798;",19395,0,0,5.15596803299819
"Son en Breugel","GM0848",2021-02-03,54,54,53,53,52,51,51,2021-01-01,3,0,1,2,0,"-",17526,0,5.7058085130663,11.4116170261326
"Steenbergen","GM0851",2021-02-03,75,75,73,72,71,66,66,2021-01-01,9,0,2,4,0,"-",24315,0,8.22537528274728,16.4507505654946
"Waterland","GM0852",2021-02-03,51,51,50,49,48,41,41,2021-01-01,10,0,1,3,-50,"&#x2798;",17325,0,5.77200577200577,17.3160173160173
"Tilburg","GM0855",2021-02-03,809,809,795,795,784,749,749,2021-01-01,60,0,14,25,27.2727272727273,"&#x279A;",221358,0,6.32459635522547,11.2939220629026
"Uden","GM0856",2021-02-03,152,152,152,152,152,145,145,2021-01-01,7,0,0,0,0,"-",42244,0,0,0
"Valkenswaard","GM0858",2021-02-03,81,81,80,80,78,66,66,2021-01-01,15,0,1,3,-50,"&#x2798;",31253,0,3.19969282948837,9.59907848846511
"Veldhoven","GM0861",2021-02-03,153,153,150,149,143,128,128,2021-01-01,25,0,3,10,-57.1428571428571,"&#x2798;",45562,0,6.58443439708529,21.948114656951
"Vught","GM0865",2021-02-03,96,96,95,95,95,92,92,2021-01-01,4,0,1,1,100,"&#x279A;",30756,0,3.25139810118351,3.25139810118351
"Waalre","GM0866",2021-02-03,42,42,41,41,40,33,33,2021-01-01,9,0,1,2,0,"-",17519,0,5.70808836120783,11.4161767224157
"Waalwijk","GM0867",2021-02-03,181,181,179,179,179,172,172,2021-01-01,9,0,2,2,200,"&#x279A;",48826,0,4.09617826567812,4.09617826567812
"Woensdrecht","GM0873",2021-02-03,53,53,51,50,48,42,42,2021-01-01,11,0,2,5,-33.3333333333333,"&#x2798;",22002,0,9.09008271975275,22.7252067993819
"Zundert","GM0879",2021-02-03,60,60,60,60,59,55,55,2021-01-01,5,0,0,1,-100,"&#x2798;",21995,0,0,4.54648783814503
"Wormerland","GM0880",2021-02-03,46,46,45,45,44,41,41,2021-01-01,5,0,1,2,0,"-",16295,0,6.13685179502915,12.2737035900583
"Landgraaf","GM0882",2021-02-03,115,115,113,113,109,98,98,2021-01-01,17,0,2,6,-50,"&#x2798;",37325,0,5.35833891493637,16.0750167448091
"Beek","GM0888",2021-02-03,33,33,33,33,33,31,31,2021-01-01,2,0,0,0,0,"-",15872,0,0,0
"Beesel","GM0889",2021-02-03,11,11,11,11,11,10,10,2021-01-01,1,0,0,0,0,"-",13464,0,0,0
"Bergen (L.)","GM0893",2021-02-03,29,29,29,29,29,19,19,2021-01-01,10,0,0,0,0,"-",13111,0,0,0
"Brunssum","GM0899",2021-02-03,88,88,87,87,86,75,75,2021-01-01,13,0,1,2,0,"-",27655,0,3.61598264328331,7.23196528656662
"Gennep","GM0907",2021-02-03,46,46,45,44,44,40,40,2021-01-01,6,0,1,2,0,"-",17019,0,5.8757858863623,11.7515717727246
"Heerlen","GM0917",2021-02-03,232,231,229,229,228,210,210,2021-01-01,22,1,3,4,200,"&#x279A;",86829,1.15168895184789,3.45506685554366,4.60675580739154
"Kerkrade","GM0928",2021-02-03,139,139,136,133,130,119,119,2021-01-01,20,0,3,9,-50,"&#x2798;",45499,0,6.59355150662652,19.7806545198796
"Maastricht","GM0935",2021-02-03,375,375,366,366,357,322,322,2021-01-01,53,0,9,18,0,"-",120379,0,7.47638707748029,14.9527741549606
"Meerssen","GM0938",2021-02-03,45,45,42,42,42,38,38,2021-01-01,7,0,3,3,300,"&#x279A;",18710,0,16.0342063067878,16.0342063067878
"Mook en Middelaar","GM0944",2021-02-03,23,23,22,22,22,20,20,2021-01-01,3,0,1,1,100,"&#x279A;",7901,0,12.6566257435768,12.6566257435768
"Nederweert","GM0946",2021-02-03,49,49,46,46,45,35,35,2021-01-01,14,0,3,4,200,"&#x279A;",17171,0,17.4713179197484,23.2950905596646
"Roermond","GM0957",2021-02-03,172,170,161,160,157,144,144,2021-01-01,28,2,11,15,175,"&#x279A;",58784,3.40228633641807,18.7125748502994,25.5171475231355
"Simpelveld","GM0965",2021-02-03,30,30,30,30,29,26,26,2021-01-01,4,0,0,1,-100,"&#x2798;",10495,0,0,9.52834683182468
"Stein","GM0971",2021-02-03,80,80,77,76,74,73,73,2021-01-01,7,0,3,6,0,"-",24876,0,12.0598166907863,24.1196333815726
"Vaals","GM0981",2021-02-03,23,23,23,23,23,19,19,2021-01-01,4,0,0,0,0,"-",10113,0,0,0
"Venlo","GM0983",2021-02-03,30,30,30,30,30,29,29,2021-01-01,1,0,0,0,0,"-",101967,0,0,0
"Venray","GM0984",2021-02-03,40,40,40,40,40,36,36,2021-01-01,4,0,0,0,0,"-",43704,0,0,0
"Voerendaal","GM0986",2021-02-03,28,28,28,28,28,26,26,2021-01-01,2,0,0,0,0,"-",12478,0,0,0
"Weert","GM0988",2021-02-03,147,147,144,142,138,123,123,2021-01-01,24,0,3,9,-50,"&#x2798;",50008,0,5.99904015357543,17.9971204607263
"Valkenburg aan de Geul","GM0994",2021-02-03,31,31,31,31,31,27,27,2021-01-01,4,0,0,0,0,"-",16399,0,0,0
"Lelystad","GM0995",2021-02-03,209,209,207,207,204,193,193,2021-01-01,16,0,2,5,-33.3333333333333,"&#x2798;",79703,0,2.50931583503758,6.27328958759394
"Horst aan de Maas","GM1507",2021-02-03,16,16,16,16,14,13,13,2021-01-01,3,0,0,2,-100,"&#x2798;",42464,0,0,4.70987189148455
"Oude IJsselstreek","GM1509",2021-02-03,78,78,71,70,70,57,57,2021-01-01,21,0,7,8,600,"&#x279A;",39348,0,17.7899766188879,20.3314018501576
"Teylingen","GM1525",2021-02-03,66,66,65,65,65,53,53,2021-01-01,13,0,1,1,100,"&#x279A;",37761,0,2.64823495140489,2.64823495140489
"Utrechtse Heuvelrug","GM1581",2021-02-03,88,88,83,83,81,73,73,2021-01-01,15,0,5,7,150,"&#x279A;",49962,0,10.0076057803931,14.0106480925503
"Oost Gelre","GM1586",2021-02-03,66,66,66,66,65,61,61,2021-01-01,5,0,0,1,-100,"&#x2798;",29574,0,0,3.38134848177453
"Koggenland","GM1598",2021-02-03,32,31,31,31,29,25,25,2021-01-01,7,1,1,3,-50,"&#x2798;",22932,4.36071864643293,4.36071864643293,13.0821559392988
"Lansingerland","GM1621",2021-02-03,129,129,128,128,127,116,116,2021-01-01,13,0,1,2,0,"-",63295,0,1.57990362587882,3.15980725175764
"Leudal","GM1640",2021-02-03,94,93,93,93,91,82,82,2021-01-01,12,1,1,3,-50,"&#x2798;",36027,2.77569600577345,2.77569600577345,8.32708801732034
"Maasgouw","GM1641",2021-02-03,68,68,65,65,62,55,55,2021-01-01,13,0,3,6,0,"-",23976,0,12.5125125125125,25.025025025025
"Gemert-Bakel","GM1652",2021-02-03,120,120,116,116,115,107,107,2021-01-01,13,0,4,5,300,"&#x279A;",30751,0,13.0077070664369,16.2596338330461
"Halderberge","GM1655",2021-02-03,102,101,96,96,91,82,82,2021-01-01,20,1,6,11,20,"&#x279A;",30461,3.28288631364696,19.6973178818818,36.1117494501165
"Heeze-Leende","GM1658",2021-02-03,41,41,41,41,39,38,38,2021-01-01,3,0,0,2,-100,"&#x2798;",16222,0,0,12.3289360128221
"Laarbeek","GM1659",2021-02-03,89,89,87,86,81,74,74,2021-01-01,15,0,2,8,-66.6666666666667,"&#x2798;",22787,0,8.77693421687805,35.1077368675122
"Reusel-De Mierden","GM1667",2021-02-03,43,43,42,42,41,38,38,2021-01-01,5,0,1,2,0,"-",13123,0,7.62020879372095,15.2404175874419
"Roerdalen","GM1669",2021-02-03,54,53,51,51,48,44,44,2021-01-01,10,1,3,6,0,"-",20612,4.85154279060741,14.5546283718222,29.1092567436445
"Roosendaal","GM1674",2021-02-03,229,229,217,217,206,181,181,2021-01-01,48,0,12,23,9.09090909090908,"&#x279A;",77256,0,15.5327741534638,29.7711504608056
"Schouwen-Duiveland","GM1676",2021-02-03,38,38,35,35,34,29,29,2021-01-01,9,0,3,4,200,"&#x279A;",33990,0,8.8261253309797,11.7681671079729
"Aa en Hunze","GM1680",2021-02-03,14,14,13,13,12,8,8,2021-01-01,6,0,1,2,0,"-",25366,0,3.94228494835607,7.88456989671213
"Borger-Odoorn","GM1681",2021-02-03,31,31,31,31,31,23,23,2021-01-01,8,0,0,0,0,"-",25587,0,0,0
"Cuijk","GM1684",2021-02-03,53,53,52,52,52,44,44,2021-01-01,9,0,1,1,100,"&#x279A;",25373,0,3.9411973357506,3.9411973357506
"Landerd","GM1685",2021-02-03,54,54,54,54,54,51,51,2021-01-01,3,0,0,0,0,"-",15838,0,0,0
"De Wolden","GM1690",2021-02-03,36,36,34,34,33,26,26,2021-01-01,10,0,2,3,100,"&#x279A;",24374,0,8.20546483958316,12.3081972593747
"Noord-Beveland","GM1695",2021-02-03,7,7,5,5,5,4,4,2021-01-01,3,0,2,2,200,"&#x279A;",7570,0,26.4200792602378,26.4200792602378
"Wijdemeren","GM1696",2021-02-03,23,23,21,21,19,14,14,2021-01-01,9,0,2,4,0,"-",24440,0,8.18330605564648,16.366612111293
"Noordenveld","GM1699",2021-02-03,20,20,17,17,15,12,12,2021-01-01,8,0,3,5,50,"&#x279A;",31216,0,9.61045617631984,16.0174269605331
"Twenterand","GM1700",2021-02-03,128,128,124,123,120,99,99,2021-01-01,29,0,4,8,0,"-",33696,0,11.8708452041785,23.7416904083571
"Westerveld","GM1701",2021-02-03,16,16,16,16,15,14,14,2021-01-01,2,0,0,1,-100,"&#x2798;",19638,0,0,5.09216824523882
"Sint Anthonis","GM1702",2021-02-03,27,27,27,27,26,25,25,2021-01-01,2,0,0,1,-100,"&#x2798;",11687,0,0,8.55651578677163
"Lingewaard","GM1705",2021-02-03,75,75,75,74,73,66,66,2021-01-01,9,0,0,2,-100,"&#x2798;",46781,0,0,4.27523994784207
"Cranendonck","GM1706",2021-02-03,77,77,74,74,71,66,66,2021-01-01,11,0,3,6,0,"-",21007,0,14.280953967725,28.5619079354501
"Steenwijkerland","GM1708",2021-02-03,47,46,44,44,43,33,33,2021-01-01,14,1,3,4,200,"&#x279A;",44301,2.25728538859168,6.77185616577504,9.02914155436672
"Moerdijk","GM1709",2021-02-03,92,92,89,89,85,76,76,2021-01-01,16,0,3,7,-25,"&#x2798;",37193,0,8.06603393111607,18.8207458392708
"Echt-Susteren","GM1711",2021-02-03,82,82,82,82,79,67,67,2021-01-01,15,0,0,3,-100,"&#x2798;",31751,0,0,9.44852130641555
"Sluis","GM1714",2021-02-03,42,42,42,42,41,40,40,2021-01-01,2,0,0,1,-100,"&#x2798;",23143,0,0,4.32096098172233
"Drimmelen","GM1719",2021-02-03,72,72,70,70,67,61,61,2021-01-01,11,0,2,5,-33.3333333333333,"&#x2798;",27334,0,7.31689470988513,18.2922367747128
"Bernheze","GM1721",2021-02-03,127,127,126,126,126,121,121,2021-01-01,6,0,1,1,100,"&#x279A;",31398,0,3.18491623670297,3.18491623670297
"Alphen-Chaam","GM1723",2021-02-03,40,40,40,40,40,40,40,2021-01-01,0,0,0,0,0,"-",10362,0,0,0
"Bergeijk","GM1724",2021-02-03,67,67,66,66,63,60,60,2021-01-01,7,0,1,4,-66.6666666666667,"&#x2798;",18745,0,5.33475593491598,21.3390237396639
"Bladel","GM1728",2021-02-03,78,78,73,71,67,61,61,2021-01-01,17,0,5,11,-16.6666666666667,"&#x2798;",20552,0,24.3285325029194,53.5227715064227
"Gulpen-Wittem","GM1729",2021-02-03,37,37,37,37,36,33,33,2021-01-01,4,0,0,1,-100,"&#x2798;",14184,0,0,7.05019740552736
"Tynaarlo","GM1730",2021-02-03,25,25,25,25,21,17,17,2021-01-01,8,0,0,4,-100,"&#x2798;",33927,0,0,11.7900197482831
"Midden-Drenthe","GM1731",2021-02-03,41,41,39,38,36,25,25,2021-01-01,16,0,2,5,-33.3333333333333,"&#x2798;",33357,0,5.99574302245406,14.9893575561351
"Overbetuwe","GM1734",2021-02-03,69,69,68,68,67,61,61,2021-01-01,8,0,1,2,0,"-",48147,0,2.07697260473134,4.15394520946269
"Hof van Twente","GM1735",2021-02-03,92,92,86,86,83,74,74,2021-01-01,18,0,6,9,100,"&#x279A;",35037,0,17.1247538316637,25.6871307474955
"Neder-Betuwe","GM1740",2021-02-03,92,92,91,90,89,80,80,2021-01-01,12,0,1,3,-50,"&#x2798;",24634,0,4.05943005602013,12.1782901680604
"Rijssen-Holten","GM1742",2021-02-03,113,113,106,106,101,86,86,2021-01-01,27,0,7,12,40,"&#x279A;",38182,0,18.3332460321618,31.4284217694201
"Geldrop-Mierlo","GM1771",2021-02-03,137,137,135,133,128,111,111,2021-01-01,26,0,2,9,-71.4285714285714,"&#x2798;",40097,0,4.98790433199491,22.4455694939771
"Olst-Wijhe","GM1773",2021-02-03,18,18,17,17,17,16,16,2021-01-01,2,0,1,1,100,"&#x279A;",18348,0,5.45018530630041,5.45018530630041
"Dinkelland","GM1774",2021-02-03,73,73,70,69,68,60,60,2021-01-01,13,0,3,5,50,"&#x279A;",26616,0,11.2714156898106,18.7856928163511
"Westland","GM1783",2021-02-03,280,280,275,274,267,235,235,2021-01-01,45,0,5,13,-37.5,"&#x2798;",111342,0,4.49066839108333,11.6757378168167
"Midden-Delfland","GM1842",2021-02-03,46,46,45,45,45,41,41,2021-01-01,5,0,1,1,100,"&#x279A;",19378,0,5.16049127876974,5.16049127876974
"Berkelland","GM1859",2021-02-03,85,85,82,82,79,70,70,2021-01-01,15,0,3,6,0,"-",43821,0,6.84603272403642,13.6920654480728
"Bronckhorst","GM1876",2021-02-03,71,71,68,67,67,63,63,2021-01-01,8,0,3,4,200,"&#x279A;",36103,0,8.30955876242971,11.0794116832396
"Sittard-Geleen","GM1883",2021-02-03,233,233,228,228,223,210,210,2021-01-01,23,0,5,10,0,"-",91781,0,5.44775062376745,10.8955012475349
"Kaag en Braassem","GM1884",2021-02-03,47,47,47,47,47,38,38,2021-01-01,9,0,0,0,0,"-",27547,0,0,0
"Dantumadiel","GM1891",2021-02-03,23,23,19,19,18,9,9,2021-01-01,14,0,4,5,300,"&#x279A;",18927,0,21.1338299783378,26.4172874729223
"Zuidplas","GM1892",2021-02-03,133,133,127,126,111,80,80,2021-01-01,53,0,6,22,-62.5,"&#x2798;",45015,0,13.3288903698767,48.8725980228813
"Peel en Maas","GM1894",2021-02-03,39,39,39,39,38,36,36,2021-01-01,3,0,0,1,-100,"&#x2798;",43695,0,0,2.28859137201053
"Oldambt","GM1895",2021-02-03,74,74,72,71,65,46,46,2021-01-01,28,0,2,9,-71.4285714285714,"&#x2798;",38281,0,5.22452391525822,23.510357618662
"Zwartewaterland","GM1896",2021-02-03,30,30,29,29,29,26,26,2021-01-01,4,0,1,1,100,"&#x279A;",22797,0,4.38654208887134,4.38654208887134
"Súdwest-Fryslân","GM1900",2021-02-03,102,99,89,89,84,72,72,2021-01-01,30,3,13,18,160,"&#x279A;",89930,3.33592794395641,14.4556877571444,20.0155676637385
"Bodegraven-Reeuwijk","GM1901",2021-02-03,86,86,83,82,79,68,68,2021-01-01,18,0,3,7,-25,"&#x2798;",35288,0,8.50147358875538,19.8367717070959
"Eijsden-Margraten","GM1903",2021-02-03,84,84,82,82,81,73,73,2021-01-01,11,0,2,3,100,"&#x279A;",25903,0,7.72111338455005,11.5816700768251
"Stichtse Vecht","GM1904",2021-02-03,155,155,154,153,150,140,140,2021-01-01,15,0,1,5,-75,"&#x2798;",65142,0,1.53510791808664,7.67553959043321
"Hollands Kroon","GM1911",2021-02-03,87,87,84,82,76,69,69,2021-01-01,18,0,3,11,-62.5,"&#x2798;",48532,0,6.18148850243139,22.6654578422484
"Leidschendam-Voorburg","GM1916",2021-02-03,162,162,156,156,151,133,133,2021-01-01,29,0,6,11,20,"&#x279A;",76451,0,7.84816418359472,14.388301003257
"Goeree-Overflakkee","GM1924",2021-02-03,162,162,161,160,156,136,136,2021-01-01,26,0,1,6,-80,"&#x2798;",50567,0,1.9775743073546,11.8654458441276
"Pijnacker-Nootdorp","GM1926",2021-02-03,86,86,85,85,84,77,77,2021-01-01,9,0,1,2,0,"-",55592,0,1.79881997409699,3.59763994819398
"Nissewaard","GM1930",2021-02-03,258,258,251,250,243,222,222,2021-01-01,36,0,7,15,-12.5,"&#x2798;",85302,0,8.20613819136714,17.5845818386439
"Krimpenerwaard","GM1931",2021-02-03,165,165,164,163,158,139,139,2021-01-01,26,0,1,7,-83.3333333333333,"&#x2798;",56559,0,1.76806520624481,12.3764564437136
"De Fryske Marren","GM1940",2021-02-03,56,56,54,54,52,42,42,2021-01-01,14,0,2,4,0,"-",51735,0,3.86585483715087,7.73170967430173
"Gooise Meren","GM1942",2021-02-03,53,53,51,51,48,34,34,2021-01-01,19,0,2,5,-33.3333333333333,"&#x2798;",58466,0,3.42079157116957,8.55197892792392
"Berg en Dal","GM1945",2021-02-03,101,101,99,99,99,94,94,2021-01-01,7,0,2,2,200,"&#x279A;",35015,0,5.71183778380694,5.71183778380694
"Meierijstad","GM1948",2021-02-03,340,340,338,337,335,320,320,2021-01-01,20,0,2,5,-33.3333333333333,"&#x2798;",81653,0,2.4493894896697,6.12347372417425
"Waadhoeke","GM1949",2021-02-03,36,36,35,35,34,29,29,2021-01-01,7,0,1,2,0,"-",46082,0,2.17004470292088,4.34008940584176
"Westerwolde","GM1950",2021-02-03,47,47,41,40,38,28,28,2021-01-01,19,0,6,9,100,"&#x279A;",26284,0,22.8275757114594,34.2413635671892
"Midden-Groningen","GM1952",2021-02-03,93,93,89,89,85,67,67,2021-01-01,26,0,4,8,0,"-",60745,0,6.58490410733394,13.1698082146679
"Beekdaelen","GM1954",2021-02-03,93,93,92,92,91,87,87,2021-01-01,6,0,1,2,0,"-",36073,0,2.77215646051063,5.54431292102126
"Montferland","GM1955",2021-02-03,61,61,60,60,58,51,51,2021-01-01,10,0,1,3,-50,"&#x2798;",36062,0,2.77300205202152,8.31900615606456
"Altena","GM1959",2021-02-03,177,176,168,168,162,149,149,2021-01-01,28,1,9,15,50,"&#x279A;",56308,1.77594657952689,15.983519215742,26.6391986929033
"West Betuwe","GM1960",2021-02-03,157,157,155,155,152,140,140,2021-01-01,17,0,2,5,-33.3333333333333,"&#x2798;",51489,0,3.88432480724038,9.71081201810095
"Vijfheerenlanden","GM1961",2021-02-03,134,134,130,130,124,110,110,2021-01-01,24,0,4,10,-33.3333333333333,"&#x2798;",57786,0,6.92209185615893,17.3052296403973
"Hoeksche Waard","GM1963",2021-02-03,220,219,212,210,207,182,182,2021-01-01,38,1,8,13,60,"&#x279A;",87963,1.136841626593,9.09473301274399,14.778941145709
"Het Hogeland","GM1966",2021-02-03,34,34,33,33,32,23,23,2021-01-01,11,0,1,2,0,"-",47859,0,2.08947115485071,4.17894230970141
"Westerkwartier","GM1969",2021-02-03,72,72,70,70,68,58,58,2021-01-01,14,0,2,4,0,"-",63603,0,3.14450576230681,6.28901152461362
"Noardeast-Fryslân","GM1970",2021-02-03,63,63,61,61,58,32,32,2021-01-01,31,0,2,5,-33.3333333333333,"&#x2798;",45479,0,4.3976340728688,10.994085182172
"Molenlanden","GM1978",2021-02-03,93,93,91,89,85,77,77,2021-01-01,16,0,2,8,-66.6666666666667,"&#x2798;",44105,0,4.53463326153497,18.1385330461399
"Eemsdelta","GM1979",2021-02-03,84,83,81,80,75,56,56,2021-01-01,28,1,3,9,-50,"&#x2798;",45606,2.19269394377933,6.57808183133798,19.7342454940139
