"municipality","Municipality_code","date","d0","d1","d7","d8","d14","dec1","lowest_since_dec1","lowest_since_dec1_date","current","increase_1d","increase_7d","increase_14d","increase_growth","growth","population","rel_increase_1d","rel_increase_7d","rel_increase_14d"
"Netherlands","",2021-01-04,35174,34941,33284,33013,31280,27847,27847,2020-12-01,7327,233,1890,3894,-5.68862275449101,"&#x2798;",17443797,1.33571836452809,10.8347970341549,22.3231215084652
"Unknown","",2021-01-04,996,990,953,947,891,787,787,2020-12-01,209,6,43,105,-30.6451612903226,"&#x2798;",NA,NA,NA,NA
"Appingedam","GM0003",2021-01-04,14,14,13,13,13,10,10,2020-12-01,4,0,1,1,100,"&#x279A;",11524,0,8.67754251995835,8.67754251995835
"Delfzijl","GM0010",2021-01-04,39,38,31,30,24,12,12,2020-12-01,27,1,8,15,14.2857142857143,"&#x279A;",24590,4.06669377795852,32.5335502236682,61.0004066693778
"Groningen","GM0014",2021-01-04,122,121,109,108,98,76,76,2020-12-01,46,1,13,24,18.1818181818182,"&#x279A;",233441,0.428373764677156,5.56885894080303,10.2809703522517
"Loppersum","GM0024",2021-01-04,4,4,4,4,4,3,3,2020-12-01,1,0,0,0,0,"-",9476,0,0,0
"Almere","GM0034",2021-01-04,125,125,106,105,102,86,86,2020-12-01,39,0,19,23,375,"&#x279A;",214339,0,8.86446237035724,10.730664974643
"Stadskanaal","GM0037",2021-01-04,35,34,33,32,28,21,21,2020-12-01,14,1,2,7,-60,"&#x2798;",31679,3.15666529877837,6.31333059755674,22.0966570914486
"Veendam","GM0047",2021-01-04,26,26,22,21,17,13,13,2020-12-01,13,0,4,9,-20,"&#x2798;",27395,0,14.6012045993794,32.8527103486038
"Zeewolde","GM0050",2021-01-04,33,33,30,30,25,20,20,2020-12-01,13,0,3,8,-40,"&#x2798;",22767,0,13.1769666622743,35.1385777660649
"Achtkarspelen","GM0059",2021-01-04,17,17,15,14,12,10,10,2020-12-01,7,0,2,5,-33.3333333333333,"&#x2798;",27880,0,7.17360114777618,17.9340028694405
"Ameland","GM0060",2021-01-04,3,3,3,0,0,0,0,2020-12-01,3,0,0,3,-100,"&#x2798;",3759,0,0,79.8084596967279
"Harlingen","GM0072",2021-01-04,9,9,8,7,7,7,7,2020-12-01,2,0,1,2,0,"-",15830,0,6.31711939355654,12.6342387871131
"Heerenveen","GM0074",2021-01-04,42,42,38,38,37,32,32,2020-12-01,10,0,4,5,300,"&#x279A;",50603,0,7.9046696836156,9.88083710451949
"Leeuwarden","GM0080",2021-01-04,92,91,86,73,71,65,65,2020-12-01,27,1,6,21,-60,"&#x2798;",124427,0.803684087858745,4.82210452715247,16.8773658450336
"Ooststellingwerf","GM0085",2021-01-04,21,21,20,20,20,16,16,2020-12-01,5,0,1,1,100,"&#x279A;",25398,0,3.93731789904717,3.93731789904717
"Opsterland","GM0086",2021-01-04,23,23,21,21,19,16,16,2020-12-01,7,0,2,4,0,"-",29815,0,6.70803286936106,13.4160657387221
"Schiermonnikoog","GM0088",2021-01-04,1,1,1,1,1,1,1,2020-12-01,0,0,0,0,0,"-",938,0,0,0
"Smallingerland","GM0090",2021-01-04,43,41,39,39,34,29,29,2020-12-01,14,2,4,9,-20,"&#x2798;",56069,3.56703347660918,7.13406695321836,16.0516506447413
"Terschelling","GM0093",2021-01-04,1,1,1,1,1,1,1,2020-12-01,0,0,0,0,0,"-",4887,0,0,0
"Vlieland","GM0096",2021-01-04,0,0,0,0,0,0,0,2020-12-01,0,0,0,0,0,"-",1199,0,0,0
"Weststellingwerf","GM0098",2021-01-04,15,15,15,15,13,10,10,2020-12-01,5,0,0,2,-100,"&#x2798;",26094,0,0,7.6645972254158
"Assen","GM0106",2021-01-04,55,55,47,46,45,35,35,2020-12-01,20,0,8,10,300,"&#x279A;",68808,0,11.6265550517382,14.5331938146727
"Coevorden","GM0109",2021-01-04,48,48,43,42,38,28,28,2020-12-01,20,0,5,10,0,"-",35306,0,14.1618988273948,28.3237976547896
"Emmen","GM0114",2021-01-04,153,148,142,142,133,117,117,2020-12-01,36,5,11,20,22.2222222222222,"&#x279A;",107019,4.67206757678543,10.2785486689279,18.6882703071417
"Hoogeveen","GM0118",2021-01-04,91,87,77,76,63,55,55,2020-12-01,36,4,14,28,0,"-",55562,7.19916489687196,25.1970771390519,50.3941542781037
"Meppel","GM0119",2021-01-04,22,21,15,15,12,11,11,2020-12-01,11,1,7,10,133.333333333333,"&#x279A;",34291,2.91621708319967,20.4135195823977,29.1621708319967
"Almelo","GM0141",2021-01-04,223,220,212,210,197,166,166,2020-12-01,57,3,11,26,-26.6666666666667,"&#x2798;",73184,4.09925666812418,15.030607783122,35.5268911237429
"Borne","GM0147",2021-01-04,54,53,49,48,45,38,38,2020-12-01,16,1,5,9,25,"&#x279A;",23592,4.23872499152255,21.1936249576128,38.148524923703
"Dalfsen","GM0148",2021-01-04,27,26,22,22,20,13,13,2020-12-01,14,1,5,7,150,"&#x279A;",28925,3.45721694036301,17.286084701815,24.2005185825411
"Deventer","GM0150",2021-01-04,182,181,172,171,162,132,132,2020-12-01,50,1,10,20,0,"-",101081,0.989305606394871,9.89305606394871,19.7861121278974
"Enschede","GM0153",2021-01-04,332,332,313,309,283,238,238,2020-12-01,94,0,19,49,-36.6666666666667,"&#x2798;",159916,0,11.8812376497661,30.6410865704495
"Haaksbergen","GM0158",2021-01-04,61,59,58,58,55,47,47,2020-12-01,14,2,3,6,0,"-",24265,8.2423243354626,12.3634865031939,24.7269730063878
"Hardenberg","GM0160",2021-01-04,77,76,62,62,55,47,47,2020-12-01,30,1,15,22,114.285714285714,"&#x279A;",61249,1.63267971721987,24.4901957582981,35.9189537788372
"Hellendoorn","GM0163",2021-01-04,60,57,54,52,48,37,37,2020-12-01,23,3,6,12,0,"-",35930,8.34956860562204,16.6991372112441,33.3982744224882
"Hengelo","GM0164",2021-01-04,163,162,151,151,141,127,127,2020-12-01,36,1,12,22,20,"&#x279A;",81138,1.23246814069856,14.7896176883828,27.1142990953684
"Kampen","GM0166",2021-01-04,48,48,46,45,42,40,40,2020-12-01,8,0,2,6,-50,"&#x2798;",54423,0,3.67491685500616,11.0247505650185
"Losser","GM0168",2021-01-04,65,64,62,62,57,41,41,2020-12-01,24,1,3,8,-40,"&#x2798;",22852,4.37598459653422,13.1279537896027,35.0078767722738
"Noordoostpolder","GM0171",2021-01-04,43,43,36,35,33,26,26,2020-12-01,17,0,7,10,133.333333333333,"&#x279A;",47537,0,14.7253718156383,21.0362454509119
"Oldenzaal","GM0173",2021-01-04,82,82,79,79,71,58,58,2020-12-01,24,0,3,11,-62.5,"&#x2798;",31728,0,9.4553706505295,34.6696923852748
"Ommen","GM0175",2021-01-04,30,29,26,26,20,19,19,2020-12-01,11,1,4,10,-33.3333333333333,"&#x2798;",18264,5.47525186158563,21.9010074463425,54.7525186158563
"Raalte","GM0177",2021-01-04,49,49,47,47,43,36,36,2020-12-01,13,0,2,6,-50,"&#x2798;",37859,0,5.28275971367442,15.8482791410233
"Staphorst","GM0180",2021-01-04,25,25,20,20,17,15,15,2020-12-01,10,0,5,8,66.6666666666667,"&#x279A;",17259,0,28.9703922591112,46.3526276145779
"Tubbergen","GM0183",2021-01-04,48,47,44,44,42,39,39,2020-12-01,9,1,4,6,100,"&#x279A;",21323,4.68977160812268,18.7590864324907,28.1386296487361
"Urk","GM0184",2021-01-04,63,63,60,60,56,45,45,2020-12-01,18,0,3,7,-25,"&#x2798;",21184,0,14.1616314199396,33.0438066465257
"Wierden","GM0189",2021-01-04,59,59,58,57,53,38,38,2020-12-01,21,0,1,6,-80,"&#x2798;",24540,0,4.07497962510187,24.4498777506112
"Zwolle","GM0193",2021-01-04,70,70,58,57,52,45,45,2020-12-01,25,0,12,18,100,"&#x279A;",129561,0,9.26204644916294,13.8930696737444
"Aalten","GM0197",2021-01-04,37,37,33,32,29,24,24,2020-12-01,13,0,4,8,0,"-",27128,0,14.7449130050133,29.4898260100265
"Apeldoorn","GM0200",2021-01-04,285,285,271,271,250,224,224,2020-12-01,61,0,14,35,-33.3333333333333,"&#x2798;",164609,0,8.5050027641259,21.2625069103147
"Arnhem","GM0202",2021-01-04,116,116,109,107,102,67,67,2020-12-01,49,0,7,14,0,"-",162299,0,4.3130271905557,8.62605438111141
"Barneveld","GM0203",2021-01-04,87,87,81,80,72,64,64,2020-12-01,23,0,6,15,-33.3333333333333,"&#x2798;",59846,0,10.0257327139658,25.0643317849146
"Beuningen","GM0209",2021-01-04,47,47,42,42,40,37,37,2020-12-01,10,0,5,7,150,"&#x279A;",26156,0,19.1160727940052,26.7625019116073
"Brummen","GM0213",2021-01-04,32,32,28,28,23,21,21,2020-12-01,11,0,4,9,-20,"&#x2798;",20854,0,19.1809724753045,43.1571880694351
"Buren","GM0214",2021-01-04,70,68,64,63,59,47,47,2020-12-01,23,2,6,11,20,"&#x279A;",26992,7.40960284528749,22.2288085358625,40.7528156490812
"Culemborg","GM0216",2021-01-04,71,71,71,71,70,60,60,2020-12-01,11,0,0,1,-100,"&#x2798;",29103,0,0,3.43607188262378
"Doesburg","GM0221",2021-01-04,16,16,14,14,13,10,10,2020-12-01,6,0,2,3,100,"&#x279A;",11028,0,18.1356546971346,27.2034820457019
"Doetinchem","GM0222",2021-01-04,85,84,75,73,73,66,66,2020-12-01,19,1,10,12,400,"&#x279A;",58220,1.71762281003092,17.1762281003092,20.611473720371
"Druten","GM0225",2021-01-04,60,60,58,56,54,47,47,2020-12-01,13,0,2,6,-50,"&#x2798;",18972,0,10.5418511490618,31.6255534471853
"Duiven","GM0226",2021-01-04,19,19,19,18,15,11,11,2020-12-01,8,0,0,4,-100,"&#x2798;",25079,0,0,15.9495992663184
"Ede","GM0228",2021-01-04,224,224,215,214,209,172,172,2020-12-01,52,0,9,15,50,"&#x279A;",118461,0,7.59743713120774,12.6623952186796
"Elburg","GM0230",2021-01-04,37,37,31,31,28,25,25,2020-12-01,12,0,6,9,100,"&#x279A;",23394,0,25.6476019492177,38.4714029238266
"Epe","GM0232",2021-01-04,68,67,65,65,57,49,49,2020-12-01,19,1,3,11,-62.5,"&#x2798;",33179,3.01395460984358,9.04186382953073,33.1535007082793
"Ermelo","GM0233",2021-01-04,72,72,68,68,59,53,53,2020-12-01,19,0,4,13,-55.5555555555556,"&#x2798;",27028,0,14.7994672191801,48.0982684623354
"Harderwijk","GM0243",2021-01-04,122,119,104,104,92,80,80,2020-12-01,42,3,18,30,50,"&#x279A;",48637,6.16814359438288,37.0088615662973,61.6814359438288
"Hattem","GM0244",2021-01-04,10,10,10,10,10,9,9,2020-12-01,1,0,0,0,0,"-",12227,0,0,0
"Heerde","GM0246",2021-01-04,22,22,21,21,18,18,18,2020-12-01,4,0,1,4,-66.6666666666667,"&#x2798;",18749,0,5.33361779294896,21.3344711717958
"Heumen","GM0252",2021-01-04,40,40,39,39,37,33,33,2020-12-01,7,0,1,3,-50,"&#x2798;",16584,0,6.02990834539315,18.0897250361794
"Lochem","GM0262",2021-01-04,47,47,47,46,39,34,34,2020-12-01,13,0,0,8,-100,"&#x2798;",33869,0,0,23.6204198529629
"Maasdriel","GM0263",2021-01-04,49,49,48,48,46,42,42,2020-12-01,7,0,1,3,-50,"&#x2798;",25442,0,3.93050860781385,11.7915258234416
"Nijkerk","GM0267",2021-01-04,72,71,71,71,65,57,57,2020-12-01,15,1,1,7,-83.3333333333333,"&#x2798;",43527,2.29742458703793,2.29742458703793,16.0819721092655
"Nijmegen","GM0268",2021-01-04,358,358,349,348,338,308,308,2020-12-01,50,0,9,20,-18.1818181818182,"&#x2798;",177489,0,5.07073677805385,11.2683039512308
"Oldebroek","GM0269",2021-01-04,29,28,25,25,20,14,14,2020-12-01,15,1,4,9,-20,"&#x2798;",23715,4.21674045962471,16.8669618384988,37.9506641366224
"Putten","GM0273",2021-01-04,38,37,36,36,34,30,30,2020-12-01,8,1,2,4,0,"-",24387,4.10054537253455,8.2010907450691,16.4021814901382
"Renkum","GM0274",2021-01-04,33,33,31,31,30,22,22,2020-12-01,11,0,2,3,100,"&#x279A;",31398,0,6.36983247340595,9.55474871010892
"Rheden","GM0275",2021-01-04,26,26,24,24,24,15,15,2020-12-01,11,0,2,2,200,"&#x279A;",43649,0,4.58200646062911,4.58200646062911
"Rozendaal","GM0277",2021-01-04,1,1,0,0,0,0,0,2020-12-01,1,0,1,1,100,"&#x279A;",1719,0,58.173356602676,58.173356602676
"Scherpenzeel","GM0279",2021-01-04,11,10,10,10,9,9,9,2020-12-01,2,1,1,2,0,"-",10095,9.90589400693413,9.90589400693413,19.8117880138683
"Tiel","GM0281",2021-01-04,130,128,125,125,123,109,109,2020-12-01,21,2,5,7,150,"&#x279A;",41907,4.7724723793161,11.9311809482903,16.7036533276064
"Voorst","GM0285",2021-01-04,54,54,49,49,44,35,35,2020-12-01,19,0,5,10,0,"-",24720,0,20.2265372168285,40.453074433657
"Wageningen","GM0289",2021-01-04,54,54,53,53,52,47,47,2020-12-01,7,0,1,2,0,"-",39770,0,2.51445813427206,5.02891626854413
"Westervoort","GM0293",2021-01-04,16,16,16,16,15,9,9,2020-12-01,7,0,0,1,-100,"&#x2798;",15008,0,0,6.66311300639659
"Winterswijk","GM0294",2021-01-04,34,34,34,34,34,33,33,2020-12-01,1,0,0,0,0,"-",28937,0,0,0
"Wijchen","GM0296",2021-01-04,117,117,113,113,109,94,94,2020-12-01,23,0,4,8,0,"-",41239,0,9.69955624530178,19.3991124906036
"Zaltbommel","GM0297",2021-01-04,56,56,52,52,47,40,40,2020-12-01,16,0,4,9,-20,"&#x2798;",29418,0,13.5971174111088,30.5935141749949
"Zevenaar","GM0299",2021-01-04,40,40,38,37,35,30,30,2020-12-01,10,0,2,5,-33.3333333333333,"&#x2798;",44098,0,4.53535307723706,11.3383826930927
"Zutphen","GM0301",2021-01-04,77,77,72,72,66,57,57,2020-12-01,20,0,5,11,-16.6666666666667,"&#x2798;",48130,0,10.3885310617079,22.8547683357573
"Nunspeet","GM0302",2021-01-04,100,99,98,98,95,90,90,2020-12-01,10,1,2,5,-33.3333333333333,"&#x2798;",28011,3.57002606119025,7.14005212238049,17.8501303059512
"Dronten","GM0303",2021-01-04,77,77,69,69,64,52,52,2020-12-01,25,0,8,13,60,"&#x279A;",41907,0,19.0898895172644,31.0210704655547
"Amersfoort","GM0307",2021-01-04,257,250,235,232,208,183,183,2020-12-01,74,7,22,49,-18.5185185185185,"&#x2798;",157613,4.44125801805689,13.9582394853216,31.0888061263982
"Baarn","GM0308",2021-01-04,24,23,22,22,22,21,21,2020-12-01,3,1,2,2,200,"&#x279A;",24841,4.0256028340244,8.05120566804879,8.05120566804879
"De Bilt","GM0310",2021-01-04,78,78,75,75,72,65,65,2020-12-01,13,0,3,6,0,"-",43372,0,6.91690491561376,13.8338098312275
"Bunnik","GM0312",2021-01-04,26,26,25,24,22,20,20,2020-12-01,6,0,1,4,-66.6666666666667,"&#x2798;",15352,0,6.51380927566441,26.0552371026576
"Bunschoten","GM0313",2021-01-04,76,73,70,70,65,54,54,2020-12-01,22,3,6,11,20,"&#x279A;",22030,13.6177939173854,27.2355878347708,49.9319110304131
"Eemnes","GM0317",2021-01-04,2,2,2,2,2,1,1,2020-12-01,1,0,0,0,0,"-",9370,0,0,0
"Houten","GM0321",2021-01-04,72,72,63,62,61,56,56,2020-12-01,16,0,9,11,350,"&#x279A;",50236,0,17.9154391273191,21.8966478222788
"Leusden","GM0327",2021-01-04,33,33,31,31,27,23,23,2020-12-01,10,0,2,6,-50,"&#x2798;",30509,0,6.55544265626536,19.6663279687961
"Lopik","GM0331",2021-01-04,33,33,33,33,31,30,30,2020-12-01,3,0,0,2,-100,"&#x2798;",14434,0,0,13.8561729250381
"Montfoort","GM0335",2021-01-04,28,28,26,26,24,24,24,2020-12-01,4,0,2,4,0,"-",13901,0,14.3874541399899,28.7749082799799
"Renswoude","GM0339",2021-01-04,6,6,6,6,5,4,4,2020-12-01,2,0,0,1,-100,"&#x2798;",5533,0,0,18.0733779143322
"Rhenen","GM0340",2021-01-04,35,35,34,33,30,27,27,2020-12-01,8,0,1,5,-75,"&#x2798;",20170,0,4.95785820525533,24.7892910262766
"Soest","GM0342",2021-01-04,83,81,75,74,66,61,61,2020-12-01,22,2,8,17,-11.1111111111111,"&#x2798;",46905,4.2639377465089,17.0557509860356,36.2434708453257
"Utrecht","GM0344",2021-01-04,724,720,698,695,674,627,627,2020-12-01,97,4,26,50,8.33333333333333,"&#x279A;",359481,1.11271527563348,7.23264929161764,13.9089409454185
"Veenendaal","GM0345",2021-01-04,170,170,159,158,143,115,115,2020-12-01,55,0,11,27,-31.25,"&#x2798;",66905,0,16.441222629101,40.3557282714296
"Woudenberg","GM0351",2021-01-04,23,23,23,23,21,17,17,2020-12-01,6,0,0,2,-100,"&#x2798;",13602,0,0,14.7037200411704
"Wijk bij Duurstede","GM0352",2021-01-04,41,40,35,34,30,29,29,2020-12-01,12,1,6,11,20,"&#x279A;",23932,4.17850576633796,25.0710345980277,45.9635634297175
"IJsselstein","GM0353",2021-01-04,92,92,91,91,84,79,79,2020-12-01,13,0,1,8,-85.7142857142857,"&#x2798;",33901,0,2.94976549364326,23.598123949146
"Zeist","GM0355",2021-01-04,107,105,102,98,93,81,81,2020-12-01,26,2,5,14,-44.4444444444444,"&#x2798;",64980,3.07787011388119,7.69467528470298,21.5450907971684
"Nieuwegein","GM0356",2021-01-04,111,110,109,109,108,93,93,2020-12-01,18,1,2,3,100,"&#x279A;",63821,1.56688237414017,3.13376474828035,4.70064712242052
"Aalsmeer","GM0358",2021-01-04,34,34,33,33,32,29,29,2020-12-01,5,0,1,2,0,"-",31958,0,3.12910695287565,6.2582139057513
"Alkmaar","GM0361",2021-01-04,209,207,193,186,172,148,148,2020-12-01,61,2,16,37,-23.8095238095238,"&#x2798;",109809,1.82134433425311,14.5707546740249,33.6948701836826
"Amstelveen","GM0362",2021-01-04,141,140,140,140,138,132,132,2020-12-01,9,1,1,3,-50,"&#x2798;",90965,1.09932391579179,1.09932391579179,3.29797174737536
"Amsterdam","GM0363",2021-01-04,2233,2226,2149,2137,2060,1876,1876,2020-12-01,357,7,84,173,-5.61797752808989,"&#x2798;",872939,0.801888791771246,9.62266550125496,19.8181087109179
"Beemster","GM0370",2021-01-04,11,11,10,10,10,9,9,2020-12-01,2,0,1,1,100,"&#x279A;",10062,0,9.93838203140529,9.93838203140529
"Bergen (NH.)","GM0373",2021-01-04,62,62,57,57,53,44,44,2020-12-01,18,0,5,9,25,"&#x279A;",29674,0,16.8497674732089,30.329581451776
"Beverwijk","GM0375",2021-01-04,48,48,46,45,44,39,39,2020-12-01,9,0,2,4,0,"-",41803,0,4.78434562112767,9.56869124225534
"Blaricum","GM0376",2021-01-04,3,3,3,3,3,3,3,2020-12-01,0,0,0,0,0,"-",11885,0,0,0
"Bloemendaal","GM0377",2021-01-04,7,7,7,7,7,6,6,2020-12-01,1,0,0,0,0,"-",23526,0,0,0
"Castricum","GM0383",2021-01-04,47,47,43,42,38,32,32,2020-12-01,15,0,4,9,-20,"&#x2798;",36198,0,11.0503342726117,24.8632521133764
"Diemen","GM0384",2021-01-04,65,65,61,61,56,51,51,2020-12-01,14,0,4,9,-20,"&#x2798;",31263,0,12.7946774141957,28.7880241819403
"Edam-Volendam","GM0385",2021-01-04,93,93,90,90,86,78,78,2020-12-01,15,0,3,7,-25,"&#x2798;",36239,0,8.27837412732139,19.3162062970833
"Enkhuizen","GM0388",2021-01-04,52,51,46,44,39,29,29,2020-12-01,23,1,6,13,-14.2857142857143,"&#x2798;",18640,5.36480686695279,32.1888412017167,69.7424892703863
"Haarlem","GM0392",2021-01-04,115,113,101,101,95,76,76,2020-12-01,39,2,14,20,133.333333333333,"&#x279A;",162773,1.22870500635855,8.60093504450984,12.2870500635855
"Haarlemmermeer","GM0394",2021-01-04,156,156,137,137,125,110,110,2020-12-01,46,0,19,31,58.3333333333333,"&#x279A;",157715,0,12.0470468883746,19.6557080810322
"Heemskerk","GM0396",2021-01-04,60,60,57,56,53,51,51,2020-12-01,9,0,3,7,-25,"&#x2798;",39207,0,7.65169485040937,17.8539546509552
"Heemstede","GM0397",2021-01-04,13,13,12,12,11,9,9,2020-12-01,4,0,1,2,0,"-",27474,0,3.63980490645701,7.27960981291403
"Heerhugowaard","GM0398",2021-01-04,85,84,79,77,73,66,66,2020-12-01,19,1,6,12,0,"-",58156,1.7195130339088,10.3170782034528,20.6341564069056
"Heiloo","GM0399",2021-01-04,25,25,24,23,22,20,20,2020-12-01,5,0,1,3,-50,"&#x2798;",24095,0,4.15023863872173,12.4507159161652
"Den Helder","GM0400",2021-01-04,66,65,58,53,46,37,37,2020-12-01,29,1,8,20,-33.3333333333333,"&#x2798;",56506,1.76972356917849,14.157788553428,35.3944713835699
"Hilversum","GM0402",2021-01-04,28,28,28,28,27,26,26,2020-12-01,2,0,0,1,-100,"&#x2798;",91233,0,0,1.09609461488716
"Hoorn","GM0405",2021-01-04,117,116,107,105,98,85,85,2020-12-01,32,1,10,19,11.1111111111111,"&#x279A;",73552,1.35958233630629,13.5958233630629,25.8320643898194
"Huizen","GM0406",2021-01-04,28,28,26,26,25,24,24,2020-12-01,4,0,2,3,100,"&#x279A;",41146,0,4.86073980459826,7.29110970689739
"Landsmeer","GM0415",2021-01-04,19,19,18,18,14,12,12,2020-12-01,7,0,1,5,-75,"&#x2798;",11578,0,8.63707030575229,43.1853515287614
"Langedijk","GM0416",2021-01-04,46,46,42,41,38,35,35,2020-12-01,11,0,4,8,0,"-",28327,0,14.1208034737177,28.2416069474353
"Laren","GM0417",2021-01-04,8,8,8,8,8,7,7,2020-12-01,1,0,0,0,0,"-",11406,0,0,0
"Medemblik","GM0420",2021-01-04,72,72,63,60,52,43,43,2020-12-01,29,0,9,20,-18.1818181818182,"&#x2798;",45116,0,19.9485770015072,44.3301711144605
"Oostzaan","GM0431",2021-01-04,24,24,22,22,21,20,20,2020-12-01,4,0,2,3,100,"&#x279A;",9668,0,20.6868018204386,31.0302027306578
"Opmeer","GM0432",2021-01-04,8,8,8,8,8,7,7,2020-12-01,1,0,0,0,0,"-",11995,0,0,0
"Ouder-Amstel","GM0437",2021-01-04,18,18,18,18,18,16,16,2020-12-01,2,0,0,0,0,"-",14146,0,0,0
"Purmerend","GM0439",2021-01-04,188,188,180,178,171,154,154,2020-12-01,34,0,8,17,-11.1111111111111,"&#x2798;",81735,0,9.78772863522359,20.7989233498501
"Schagen","GM0441",2021-01-04,69,68,60,58,51,40,40,2020-12-01,29,1,9,18,0,"-",46517,2.14975170367823,19.347765333104,38.6955306662081
"Texel","GM0448",2021-01-04,13,13,13,13,12,11,11,2020-12-01,2,0,0,1,-100,"&#x2798;",13651,0,0,7.32547066149
"Uitgeest","GM0450",2021-01-04,17,17,17,17,15,13,13,2020-12-01,4,0,0,2,-100,"&#x2798;",13661,0,0,14.6402166752068
"Uithoorn","GM0451",2021-01-04,41,41,40,40,40,39,39,2020-12-01,2,0,1,1,100,"&#x279A;",30051,0,3.32767628365113,3.32767628365113
"Velsen","GM0453",2021-01-04,77,77,73,73,67,57,57,2020-12-01,20,0,4,10,-33.3333333333333,"&#x2798;",68758,0,5.81750487216033,14.5437621804008
"Weesp","GM0457",2021-01-04,18,18,18,18,14,14,14,2020-12-01,4,0,0,4,-100,"&#x2798;",20466,0,0,19.5446105736343
"Zandvoort","GM0473",2021-01-04,14,14,11,11,10,9,9,2020-12-01,5,0,3,4,200,"&#x279A;",17149,0,17.4937314129104,23.3249752172138
"Zaanstad","GM0479",2021-01-04,405,403,386,384,364,327,327,2020-12-01,78,2,19,41,-13.6363636363636,"&#x2798;",157133,1.27280711244614,12.0916675682384,26.092545805146
"Alblasserdam","GM0482",2021-01-04,66,63,57,57,50,49,49,2020-12-01,17,3,9,16,28.5714285714286,"&#x279A;",20229,14.830194275545,44.490582826635,79.0943694695734
"Alphen aan den Rijn","GM0484",2021-01-04,221,219,205,202,194,162,162,2020-12-01,59,2,16,27,45.4545454545455,"&#x279A;",112520,1.77746178457163,14.2196942765731,23.995734091717
"Barendrecht","GM0489",2021-01-04,110,110,107,107,101,91,91,2020-12-01,19,0,3,9,-50,"&#x2798;",48597,0,6.17322056917094,18.5196617075128
"Drechterland","GM0498",2021-01-04,28,28,24,23,20,19,19,2020-12-01,9,0,4,8,0,"-",19832,0,20.1694231544978,40.3388463089956
"Brielle","GM0501",2021-01-04,43,43,39,39,36,34,34,2020-12-01,9,0,4,7,33.3333333333333,"&#x279A;",17397,0,22.9924699660861,40.2368224406507
"Capelle aan den IJssel","GM0502",2021-01-04,221,219,204,203,192,178,178,2020-12-01,43,2,17,29,41.6666666666667,"&#x279A;",67204,2.97601333253973,25.2961133265877,43.1521933218261
"Delft","GM0503",2021-01-04,175,175,171,171,162,144,144,2020-12-01,31,0,4,13,-55.5555555555556,"&#x2798;",103973,0,3.84715262616256,12.5032460350283
"Dordrecht","GM0505",2021-01-04,384,377,365,363,342,304,304,2020-12-01,80,7,19,42,-17.3913043478261,"&#x2798;",119203,5.87233542779964,15.9391961611704,35.2340125667978
"Gorinchem","GM0512",2021-01-04,62,62,59,59,57,44,44,2020-12-01,18,0,3,5,50,"&#x279A;",37422,0,8.01667468334135,13.3611244722356
"Gouda","GM0513",2021-01-04,201,199,184,184,176,161,161,2020-12-01,40,2,17,25,112.5,"&#x279A;",73771,2.71109243469656,23.0442856949208,33.888655433707
"'s-Gravenhage","GM0518",2021-01-04,1376,1369,1330,1327,1285,1170,1170,2020-12-01,206,7,46,91,2.22222222222221,"-",547882,1.27764737662489,8.39596847496359,16.6094158961236
"Hardinxveld-Giessendam","GM0523",2021-01-04,25,25,21,20,20,15,15,2020-12-01,10,0,4,5,300,"&#x279A;",18393,0,21.747403903659,27.1842548795737
"Hellevoetsluis","GM0530",2021-01-04,73,73,73,73,70,61,61,2020-12-01,12,0,0,3,-100,"&#x2798;",40251,0,0,7.45323097562794
"Hendrik-Ido-Ambacht","GM0531",2021-01-04,80,79,76,76,75,67,67,2020-12-01,13,1,4,5,300,"&#x279A;",31235,3.20153673763406,12.8061469505363,16.0076836881703
"Stede Broec","GM0532",2021-01-04,46,46,41,41,38,35,35,2020-12-01,11,0,5,8,66.6666666666667,"&#x279A;",21775,0,22.9621125143513,36.7393800229621
"Hillegom","GM0534",2021-01-04,17,17,14,14,14,12,12,2020-12-01,5,0,3,3,300,"&#x279A;",22216,0,13.5037810586964,13.5037810586964
"Katwijk","GM0537",2021-01-04,150,149,134,133,125,97,97,2020-12-01,53,1,16,25,77.7777777777778,"&#x279A;",65965,1.51595543091033,24.2552868945653,37.8988857727583
"Krimpen aan den IJssel","GM0542",2021-01-04,77,74,65,63,61,57,57,2020-12-01,20,3,12,16,200,"&#x279A;",29410,10.2006120367222,40.8024481468888,54.4032641958518
"Leiden","GM0546",2021-01-04,171,170,165,163,158,137,137,2020-12-01,34,1,6,13,-14.2857142857143,"&#x2798;",124016,0.806347568055735,4.83808540833441,10.4825183847246
"Leiderdorp","GM0547",2021-01-04,62,62,59,59,59,50,50,2020-12-01,12,0,3,3,300,"&#x279A;",27359,0,10.9653130596879,10.9653130596879
"Lisse","GM0553",2021-01-04,39,39,34,34,32,21,21,2020-12-01,18,0,5,7,150,"&#x279A;",22989,0,21.7495323850537,30.4493453390752
"Maassluis","GM0556",2021-01-04,89,89,84,84,83,80,80,2020-12-01,9,0,5,6,400,"&#x279A;",33539,0,14.9080175318286,17.8896210381943
"Nieuwkoop","GM0569",2021-01-04,40,39,37,36,34,23,23,2020-12-01,17,1,3,6,0,"-",29119,3.4341838662042,10.3025515986126,20.6051031972252
"Noordwijk","GM0575",2021-01-04,86,86,83,79,74,66,66,2020-12-01,20,0,3,12,-66.6666666666667,"&#x2798;",43982,0,6.82097221590651,27.283888863626
"Oegstgeest","GM0579",2021-01-04,35,35,35,35,33,30,30,2020-12-01,5,0,0,2,-100,"&#x2798;",25067,0,0,7.97861730562094
"Oudewater","GM0589",2021-01-04,36,36,36,35,35,33,33,2020-12-01,3,0,0,1,-100,"&#x2798;",10154,0,0,9.84833563127831
"Papendrecht","GM0590",2021-01-04,87,86,83,82,78,63,63,2020-12-01,24,1,4,9,-20,"&#x2798;",32119,3.11342196207852,12.4536878483141,28.0207976587067
"Ridderkerk","GM0597",2021-01-04,135,135,128,128,118,102,102,2020-12-01,33,0,7,17,-30,"&#x2798;",46646,0,15.006645800283,36.4447112292587
"Rotterdam","GM0599",2021-01-04,2234,2227,2184,2181,2083,1941,1941,2020-12-01,293,7,50,151,-50.4950495049505,"&#x2798;",652497,1.07280186728828,7.66287048063056,23.1418688515043
"Rijswijk","GM0603",2021-01-04,136,136,131,130,125,113,113,2020-12-01,23,0,5,11,-16.6666666666667,"&#x2798;",55211,0,9.0561663436634,19.9235659560595
"Schiedam","GM0606",2021-01-04,224,223,217,217,208,196,196,2020-12-01,28,1,7,16,-22.2222222222222,"&#x2798;",79284,1.26128853236466,8.82901972655265,20.1806165178346
"Sliedrecht","GM0610",2021-01-04,97,92,87,85,79,60,60,2020-12-01,37,5,10,18,25,"&#x279A;",25509,19.6009251636677,39.2018503273354,70.5633305892038
"Albrandswaard","GM0613",2021-01-04,62,62,62,62,59,55,55,2020-12-01,7,0,0,3,-100,"&#x2798;",25857,0,0,11.602274045713
"Westvoorne","GM0614",2021-01-04,19,19,17,17,17,15,15,2020-12-01,4,0,2,2,200,"&#x279A;",14896,0,13.4264232008593,13.4264232008593
"Vlaardingen","GM0622",2021-01-04,173,173,170,171,169,156,156,2020-12-01,17,0,3,4,200,"&#x279A;",73863,0,4.06157345355591,5.41543127140788
"Voorschoten","GM0626",2021-01-04,30,30,30,29,26,20,20,2020-12-01,10,0,0,4,-100,"&#x2798;",25613,0,0,15.6170694569164
"Waddinxveen","GM0627",2021-01-04,70,70,67,67,64,55,55,2020-12-01,15,0,3,6,0,"-",30123,0,9.95916741360422,19.9183348272084
"Wassenaar","GM0629",2021-01-04,33,33,33,33,31,26,26,2020-12-01,7,0,0,2,-100,"&#x2798;",26782,0,0,7.46770218803674
"Woerden","GM0632",2021-01-04,121,119,112,112,110,99,99,2020-12-01,22,2,9,11,350,"&#x279A;",52659,3.79802123093868,17.0910955392241,20.8891167701627
"Zoetermeer","GM0637",2021-01-04,243,240,229,226,210,184,184,2020-12-01,59,3,14,33,-26.3157894736842,"&#x2798;",125297,2.39431111678652,11.1734518783371,26.3374222846517
"Zoeterwoude","GM0638",2021-01-04,14,14,14,14,12,9,9,2020-12-01,5,0,0,2,-100,"&#x2798;",8794,0,0,22.7427791676143
"Zwijndrecht","GM0642",2021-01-04,144,143,138,137,121,108,108,2020-12-01,36,1,6,23,-64.7058823529412,"&#x2798;",44778,2.23323953727277,13.3994372236366,51.3645093572737
"Borsele","GM0654",2021-01-04,15,15,13,12,11,9,9,2020-12-01,6,0,2,4,0,"-",22758,0,8.78811846383689,17.5762369276738
"Goes","GM0664",2021-01-04,44,44,44,44,43,32,32,2020-12-01,12,0,0,1,-100,"&#x2798;",38556,0,0,2.59363004461044
"West Maas en Waal","GM0668",2021-01-04,37,37,36,36,35,33,33,2020-12-01,4,0,1,2,0,"-",19537,0,5.11849311562676,10.2369862312535
"Hulst","GM0677",2021-01-04,34,34,33,33,30,29,29,2020-12-01,5,0,1,4,-66.6666666666667,"&#x2798;",27593,0,3.62410756351249,14.4964302540499
"Kapelle","GM0678",2021-01-04,10,10,10,10,10,7,7,2020-12-01,3,0,0,0,0,"-",12874,0,0,0
"Middelburg","GM0687",2021-01-04,41,41,36,36,33,31,31,2020-12-01,10,0,5,8,66.6666666666667,"&#x279A;",49009,0,10.2022077577588,16.323532412414
"Reimerswaal","GM0703",2021-01-04,19,19,16,16,16,14,14,2020-12-01,5,0,3,3,300,"&#x279A;",22916,0,13.0912899284343,13.0912899284343
"Terneuzen","GM0715",2021-01-04,83,83,80,79,73,63,63,2020-12-01,20,0,3,10,-57.1428571428571,"&#x2798;",54435,0,5.51116009920088,18.3705336640029
"Tholen","GM0716",2021-01-04,65,65,63,62,60,58,58,2020-12-01,7,0,2,5,-33.3333333333333,"&#x2798;",25993,0,7.69437925595353,19.2359481398838
"Veere","GM0717",2021-01-04,14,14,14,14,14,14,14,2020-12-01,0,0,0,0,0,"-",21994,0,0,0
"Vlissingen","GM0718",2021-01-04,37,37,36,36,34,28,28,2020-12-01,9,0,1,3,-50,"&#x2798;",44296,0,2.25754018421528,6.77262055264584
"De Ronde Venen","GM0736",2021-01-04,112,112,109,108,106,95,95,2020-12-01,17,0,3,6,0,"-",44642,0,6.72012902647731,13.4402580529546
"Tytsjerksteradiel","GM0737",2021-01-04,14,14,9,8,8,7,7,2020-12-01,7,0,5,6,400,"&#x279A;",32049,0,15.6011107990889,18.7213329589067
"Asten","GM0743",2021-01-04,42,42,40,40,39,38,38,2020-12-01,4,0,2,3,100,"&#x279A;",16768,0,11.9274809160305,17.8912213740458
"Baarle-Nassau","GM0744",2021-01-04,19,19,19,19,19,18,18,2020-12-01,1,0,0,0,0,"-",6917,0,0,0
"Bergen op Zoom","GM0748",2021-01-04,158,157,148,148,143,123,123,2020-12-01,35,1,10,15,100,"&#x279A;",67609,1.47909302016004,14.7909302016004,22.1863953024006
"Best","GM0753",2021-01-04,79,78,66,65,60,50,50,2020-12-01,29,1,13,19,116.666666666667,"&#x279A;",30162,3.31543001127246,43.100590146542,62.9931702141768
"Boekel","GM0755",2021-01-04,38,38,37,37,37,35,35,2020-12-01,3,0,1,1,100,"&#x279A;",10906,0,9.16926462497708,9.16926462497708
"Boxmeer","GM0756",2021-01-04,79,78,74,73,67,56,56,2020-12-01,23,1,5,12,-28.5714285714286,"&#x2798;",29580,3.38066260987153,16.9033130493577,40.5679513184584
"Boxtel","GM0757",2021-01-04,79,79,71,71,65,52,52,2020-12-01,27,0,8,14,33.3333333333333,"&#x279A;",30888,0,25.9000259000259,45.3250453250453
"Breda","GM0758",2021-01-04,432,430,417,417,399,365,365,2020-12-01,67,2,15,33,-16.6666666666667,"&#x2798;",184190,1.08583527878821,8.14376459091156,17.9162821000054
"Deurne","GM0762",2021-01-04,109,108,104,103,100,93,93,2020-12-01,16,1,5,9,25,"&#x279A;",32455,3.08118933908489,15.4059466954244,27.730704051764
"Pekela","GM0765",2021-01-04,18,18,17,17,13,9,9,2020-12-01,9,0,1,5,-75,"&#x2798;",12173,0,8.21490183192311,41.0745091596155
"Dongen","GM0766",2021-01-04,91,89,85,85,76,63,63,2020-12-01,28,2,6,15,-33.3333333333333,"&#x2798;",26351,7.58984478767409,22.7695343630223,56.9238359075557
"Eersel","GM0770",2021-01-04,82,82,82,82,79,73,73,2020-12-01,9,0,0,3,-100,"&#x2798;",19491,0,0,15.3917192550408
"Eindhoven","GM0772",2021-01-04,584,583,557,555,536,457,457,2020-12-01,127,1,27,48,28.5714285714286,"&#x279A;",235514,0.424603208301842,11.4642866241497,20.3809539984884
"Etten-Leur","GM0777",2021-01-04,112,112,110,110,104,100,100,2020-12-01,12,0,2,8,-66.6666666666667,"&#x2798;",43928,0,4.55290475323256,18.2116190129302
"Geertruidenberg","GM0779",2021-01-04,39,38,37,37,36,32,32,2020-12-01,7,1,2,3,100,"&#x279A;",21768,4.59389930172731,9.18779860345461,13.7816979051819
"Gilze en Rijen","GM0784",2021-01-04,58,58,57,56,53,44,44,2020-12-01,14,0,1,5,-75,"&#x2798;",26761,0,3.73678113672882,18.6839056836441
"Goirle","GM0785",2021-01-04,79,78,76,74,71,65,65,2020-12-01,14,1,3,8,-40,"&#x2798;",23915,4.18147606104955,12.5444281831486,33.4518084883964
"Grave","GM0786",2021-01-04,51,51,49,49,47,46,46,2020-12-01,5,0,2,4,0,"-",12433,0,16.0862221507279,32.1724443014558
"Haaren","GM0788",2021-01-04,42,41,41,41,40,34,34,2020-12-01,8,1,1,2,0,"-",14351,6.96815552923141,6.96815552923141,13.9363110584628
"Helmond","GM0794",2021-01-04,286,285,275,275,268,245,245,2020-12-01,41,1,11,18,57.1428571428571,"&#x279A;",92574,1.08021690755504,11.8823859831054,19.4439043359907
"'s-Hertogenbosch","GM0796",2021-01-04,346,346,332,332,319,284,284,2020-12-01,62,0,14,27,7.69230769230769,"&#x279A;",155541,0,9.00084222166503,17.3587671417826
"Heusden","GM0797",2021-01-04,124,124,117,117,114,103,103,2020-12-01,21,0,7,10,133.333333333333,"&#x279A;",44977,0,15.5635102385664,22.2335860550948
"Hilvarenbeek","GM0798",2021-01-04,38,38,37,37,35,33,33,2020-12-01,5,0,1,3,-50,"&#x2798;",15661,0,6.38528829576655,19.1558648872997
"Loon op Zand","GM0809",2021-01-04,85,85,80,80,77,72,72,2020-12-01,13,0,5,8,66.6666666666667,"&#x279A;",23467,0,21.3065155324498,34.0904248519197
"Mill en Sint Hubert","GM0815",2021-01-04,26,26,25,24,24,23,23,2020-12-01,3,0,1,2,0,"-",11003,0,9.08843042806507,18.1768608561301
"Nuenen, Gerwen en Nederwetten","GM0820",2021-01-04,46,46,43,43,43,40,40,2020-12-01,6,0,3,3,300,"&#x279A;",23640,0,12.6903553299492,12.6903553299492
"Oirschot","GM0823",2021-01-04,49,49,47,47,46,39,39,2020-12-01,10,0,2,3,100,"&#x279A;",18826,0,10.6236056517582,15.9354084776373
"Oisterwijk","GM0824",2021-01-04,66,65,62,62,59,51,51,2020-12-01,15,1,4,7,33.3333333333333,"&#x279A;",26436,3.78272053260705,15.1308821304282,26.4790437282494
"Oosterhout","GM0826",2021-01-04,154,152,144,142,131,113,113,2020-12-01,41,2,10,23,-23.0769230769231,"&#x2798;",56225,3.55713650511338,17.7856825255669,40.9070698088039
"Oss","GM0828",2021-01-04,295,295,291,292,288,280,280,2020-12-01,15,0,4,7,33.3333333333333,"&#x279A;",92390,0,4.32947288667605,7.57657755168308
"Rucphen","GM0840",2021-01-04,61,60,59,57,55,49,49,2020-12-01,12,1,2,6,-50,"&#x2798;",23077,4.33331888893704,8.66663777787407,25.9999133336222
"Sint-Michielsgestel","GM0845",2021-01-04,77,77,73,73,70,64,64,2020-12-01,13,0,4,7,33.3333333333333,"&#x279A;",29476,0,13.5703623286742,23.7481340751798
"Someren","GM0847",2021-01-04,45,45,41,41,38,36,36,2020-12-01,9,0,4,7,33.3333333333333,"&#x279A;",19364,0,20.6568890725057,36.1495558768849
"Son en Breugel","GM0848",2021-01-04,50,50,48,48,47,44,44,2020-12-01,6,0,2,3,100,"&#x279A;",17539,0,11.403158674953,17.1047380124294
"Steenbergen","GM0851",2021-01-04,67,66,60,59,56,53,53,2020-12-01,14,1,7,11,75,"&#x279A;",24326,4.11082792074324,28.7757954452027,45.2191071281756
"Waterland","GM0852",2021-01-04,41,41,40,40,38,34,34,2020-12-01,7,0,1,3,-50,"&#x2798;",17324,0,5.77233895174325,17.3170168552297
"Tilburg","GM0855",2021-01-04,748,744,719,709,678,608,608,2020-12-01,140,4,29,70,-29.2682926829268,"&#x2798;",220536,1.81376283237204,13.1497805346973,31.7408495665107
"Uden","GM0856",2021-01-04,144,144,143,143,141,136,136,2020-12-01,8,0,1,3,-50,"&#x2798;",42207,0,2.36927523870448,7.10782571611344
"Valkenswaard","GM0858",2021-01-04,68,66,63,63,62,53,53,2020-12-01,15,2,5,6,400,"&#x279A;",31241,6.40184373099453,16.0046093274863,19.2055311929836
"Veldhoven","GM0861",2021-01-04,128,128,125,124,117,99,99,2020-12-01,29,0,3,11,-62.5,"&#x2798;",45636,0,6.57375755982119,24.1037777193444
"Vught","GM0865",2021-01-04,89,89,86,86,79,69,69,2020-12-01,20,0,3,10,-57.1428571428571,"&#x2798;",26772,0,11.2057373375168,37.3524577917227
"Waalre","GM0866",2021-01-04,30,30,30,30,29,28,28,2020-12-01,2,0,0,1,-100,"&#x2798;",17528,0,0,5.70515746234596
"Waalwijk","GM0867",2021-01-04,171,170,163,161,147,135,135,2020-12-01,36,1,8,24,-50,"&#x2798;",48886,2.04557542036575,16.364603362926,49.093810088778
"Woensdrecht","GM0873",2021-01-04,42,42,40,40,39,36,36,2020-12-01,6,0,2,3,100,"&#x279A;",21970,0,9.10332271279017,13.6549840691853
"Zundert","GM0879",2021-01-04,56,56,56,56,53,47,47,2020-12-01,9,0,0,3,-100,"&#x2798;",22026,0,0,13.6202669572324
"Wormerland","GM0880",2021-01-04,42,41,38,38,37,37,37,2020-12-01,5,1,4,5,300,"&#x279A;",16256,6.15157480314961,24.6062992125984,30.757874015748
"Landgraaf","GM0882",2021-01-04,97,97,88,84,83,76,76,2020-12-01,21,0,9,14,80,"&#x279A;",37302,0,24.1273926331028,37.5314996514932
"Beek","GM0888",2021-01-04,30,30,30,27,26,22,22,2020-12-01,8,0,0,4,-100,"&#x2798;",15897,0,0,25.1619802478455
"Beesel","GM0889",2021-01-04,11,11,10,10,10,9,9,2020-12-01,2,0,1,1,100,"&#x279A;",13452,0,7.43383883437407,7.43383883437407
"Bergen (L.)","GM0893",2021-01-04,19,19,17,16,15,13,13,2020-12-01,6,0,2,4,0,"-",13117,0,15.2473888846535,30.494777769307
"Brunssum","GM0899",2021-01-04,76,75,72,71,67,60,60,2020-12-01,16,1,4,9,-20,"&#x2798;",27661,3.61519829362641,14.4607931745056,32.5367846426376
"Gennep","GM0907",2021-01-04,40,40,37,36,33,27,27,2020-12-01,13,0,3,7,-25,"&#x2798;",17002,0,17.6449829431832,41.1716268674274
"Heerlen","GM0917",2021-01-04,196,193,189,184,179,169,169,2020-12-01,27,3,7,17,-30,"&#x2798;",86805,3.45602211854156,8.0640516099303,19.5841253384022
"Kerkrade","GM0928",2021-01-04,112,112,110,103,101,94,94,2020-12-01,18,0,2,11,-77.7777777777778,"&#x2798;",45517,0,4.39396269525672,24.1667948239119
"Maastricht","GM0935",2021-01-04,306,305,285,285,260,240,240,2020-12-01,66,1,21,46,-16,"&#x2798;",120484,0.829985724245543,17.4297002091564,38.179343315295
"Meerssen","GM0938",2021-01-04,36,36,34,34,33,29,29,2020-12-01,7,0,2,3,100,"&#x279A;",18707,0,10.6911851178703,16.0367776768055
"Mook en Middelaar","GM0944",2021-01-04,20,20,20,19,19,18,18,2020-12-01,2,0,0,1,-100,"&#x2798;",7897,0,0,12.6630365961758
"Nederweert","GM0946",2021-01-04,35,35,34,33,31,29,29,2020-12-01,6,0,1,4,-66.6666666666667,"&#x2798;",17161,0,5.82716624905309,23.3086649962123
"Roermond","GM0957",2021-01-04,144,144,140,140,132,121,121,2020-12-01,23,0,4,12,-50,"&#x2798;",58769,0,6.80630944885909,20.4189283465773
"Simpelveld","GM0965",2021-01-04,26,25,25,25,25,24,24,2020-12-01,2,1,1,1,100,"&#x279A;",10508,9.51655881233346,9.51655881233346,9.51655881233346
"Stein","GM0971",2021-01-04,69,69,68,66,64,59,59,2020-12-01,10,0,1,5,-75,"&#x2798;",24872,0,4.02058539723384,20.1029269861692
"Vaals","GM0981",2021-01-04,18,18,17,15,15,14,14,2020-12-01,4,0,1,3,-50,"&#x2798;",10084,0,9.91669972233241,29.7500991669972
"Venlo","GM0983",2021-01-04,29,29,29,29,23,20,20,2020-12-01,9,0,0,6,-100,"&#x2798;",101934,0,0,5.88616163399847
"Venray","GM0984",2021-01-04,38,37,34,34,33,29,29,2020-12-01,9,1,4,5,300,"&#x279A;",43676,2.28958695851268,9.15834783405074,11.4479347925634
"Voerendaal","GM0986",2021-01-04,25,25,25,25,23,22,22,2020-12-01,3,0,0,2,-100,"&#x2798;",12483,0,0,16.0217896339021
"Weert","GM0988",2021-01-04,126,125,114,109,97,74,74,2020-12-01,52,1,12,29,-29.4117647058823,"&#x2798;",50044,1.99824154743825,23.9788985692591,57.9490048757094
"Valkenburg aan de Geul","GM0994",2021-01-04,26,26,25,25,25,20,20,2020-12-01,6,0,1,1,100,"&#x279A;",16405,0,6.09570252971655,6.09570252971655
"Lelystad","GM0995",2021-01-04,191,191,177,176,166,147,147,2020-12-01,44,0,14,25,27.2727272727273,"&#x279A;",79759,0,17.5528780451109,31.3444250805552
"Horst aan de Maas","GM1507",2021-01-04,13,13,12,12,10,10,10,2020-12-01,3,0,1,3,-50,"&#x2798;",42484,0,2.35382732322757,7.0614819696827
"Oude IJsselstreek","GM1509",2021-01-04,57,57,53,52,51,47,47,2020-12-01,10,0,4,6,100,"&#x279A;",39333,0,10.1695777082857,15.2543665624285
"Teylingen","GM1525",2021-01-04,54,53,50,50,46,42,42,2020-12-01,12,1,4,8,0,"-",37737,2.64991917746509,10.5996767098603,21.1993534197207
"Utrechtse Heuvelrug","GM1581",2021-01-04,74,73,69,68,64,53,53,2020-12-01,21,1,5,10,0,"-",49965,2.00140098068648,10.0070049034324,20.0140098068648
"Oost Gelre","GM1586",2021-01-04,61,60,60,60,58,52,52,2020-12-01,9,1,1,3,-50,"&#x2798;",29617,3.37643920721207,3.37643920721207,10.1293176216362
"Koggenland","GM1598",2021-01-04,26,26,22,21,20,19,19,2020-12-01,7,0,4,6,100,"&#x279A;",22954,0,17.4261566611484,26.1392349917226
"Lansingerland","GM1621",2021-01-04,115,113,110,110,104,101,101,2020-12-01,14,2,5,11,-16.6666666666667,"&#x2798;",63267,3.16120568384782,7.90301420961955,17.386631261163
"Leudal","GM1640",2021-01-04,82,82,76,76,72,66,66,2020-12-01,16,0,6,10,50,"&#x279A;",36010,0,16.6620383226881,27.7700638711469
"Maasgouw","GM1641",2021-01-04,55,55,49,49,48,42,42,2020-12-01,13,0,6,7,500,"&#x279A;",23955,0,25.0469630557295,29.2214568983511
"Gemert-Bakel","GM1652",2021-01-04,109,107,103,102,101,97,97,2020-12-01,12,2,6,8,200,"&#x279A;",30751,6.50385353321843,19.5115605996553,26.0154141328737
"Halderberge","GM1655",2021-01-04,82,82,81,79,76,68,68,2020-12-01,14,0,1,6,-80,"&#x2798;",30428,0,3.28644669383463,19.7186801630078
"Heeze-Leende","GM1658",2021-01-04,38,38,36,36,34,29,29,2020-12-01,9,0,2,4,0,"-",16207,0,12.3403467637441,24.6806935274881
"Laarbeek","GM1659",2021-01-04,74,74,69,69,66,64,64,2020-12-01,10,0,5,8,66.6666666666667,"&#x279A;",22741,0,21.9867200211073,35.1787520337716
"Reusel-De Mierden","GM1667",2021-01-04,39,38,36,36,36,35,35,2020-12-01,4,1,3,3,300,"&#x279A;",13138,7.61150860100472,22.8345258030142,22.8345258030142
"Roerdalen","GM1669",2021-01-04,43,43,42,42,41,40,40,2020-12-01,3,0,1,2,0,"-",20572,0,4.86097608399767,9.72195216799533
"Roosendaal","GM1674",2021-01-04,181,179,175,174,169,151,151,2020-12-01,30,2,6,12,0,"-",77268,2.58839364290521,7.76518092871564,15.5303618574313
"Schouwen-Duiveland","GM1676",2021-01-04,29,29,27,27,27,23,23,2020-12-01,6,0,2,2,200,"&#x279A;",33960,0,5.88928150765607,5.88928150765607
"Aa en Hunze","GM1680",2021-01-04,8,8,8,8,7,5,5,2020-12-01,3,0,0,1,-100,"&#x2798;",25394,0,0,3.93793809561314
"Borger-Odoorn","GM1681",2021-01-04,22,21,19,19,15,13,13,2020-12-01,9,1,3,7,-25,"&#x2798;",25584,3.90869293308318,11.7260787992495,27.3608505315822
"Cuijk","GM1684",2021-01-04,46,45,42,42,42,37,37,2020-12-01,9,1,4,4,400,"&#x279A;",25368,3.94197414064964,15.7678965625985,15.7678965625985
"Landerd","GM1685",2021-01-04,51,51,49,49,48,48,48,2020-12-01,3,0,2,3,100,"&#x279A;",15831,0,12.6334407175794,18.9501610763691
"De Wolden","GM1690",2021-01-04,29,27,25,25,23,20,20,2020-12-01,9,2,4,6,100,"&#x279A;",24374,8.20546483958316,16.4109296791663,24.6163945187495
"Noord-Beveland","GM1695",2021-01-04,4,4,4,4,4,4,4,2020-12-01,0,0,0,0,0,"-",7571,0,0,0
"Wijdemeren","GM1696",2021-01-04,13,13,12,12,12,12,12,2020-12-01,1,0,1,1,100,"&#x279A;",24426,0,4.09399819864079,4.09399819864079
"Noordenveld","GM1699",2021-01-04,12,12,12,12,12,8,8,2020-12-01,4,0,0,0,0,"-",31211,0,0,0
"Twenterand","GM1700",2021-01-04,102,99,85,84,65,55,55,2020-12-01,47,3,17,37,-15,"&#x2798;",33711,8.89917237696894,50.4286434694907,109.75645931595
"Westerveld","GM1701",2021-01-04,14,14,13,13,12,8,8,2020-12-01,6,0,1,2,0,"-",19620,0,5.09683995922528,10.1936799184506
"Sint Anthonis","GM1702",2021-01-04,26,26,24,24,22,22,22,2020-12-01,4,0,2,4,0,"-",11682,0,17.1203561034069,34.2407122068139
"Lingewaard","GM1705",2021-01-04,66,66,62,59,53,37,37,2020-12-01,29,0,4,13,-55.5555555555556,"&#x2798;",46760,0,8.55431993156544,27.8015397775877
"Cranendonck","GM1706",2021-01-04,66,66,64,64,61,57,57,2020-12-01,9,0,2,5,-33.3333333333333,"&#x2798;",20971,0,9.53697963854847,23.8424490963712
"Steenwijkerland","GM1708",2021-01-04,34,33,30,29,25,16,16,2020-12-01,18,1,4,9,-20,"&#x2798;",44323,2.25616497078266,9.02465988313065,20.305484737044
"Moerdijk","GM1709",2021-01-04,75,75,72,70,62,55,55,2020-12-01,20,0,3,13,-70,"&#x2798;",37188,0,8.06711842529848,34.9575131762934
"Echt-Susteren","GM1711",2021-01-04,65,64,60,60,59,57,57,2020-12-01,8,1,5,6,400,"&#x279A;",31774,3.14722729275508,15.7361364637754,18.8833637565305
"Sluis","GM1714",2021-01-04,39,39,38,38,28,22,22,2020-12-01,17,0,1,11,-90,"&#x2798;",23176,0,4.31480842250604,47.4628926475664
"Drimmelen","GM1719",2021-01-04,62,61,55,55,50,43,43,2020-12-01,19,1,7,12,40,"&#x279A;",27332,3.65871505927118,25.6110054148983,43.9045807112542
"Bernheze","GM1721",2021-01-04,121,121,121,120,118,116,116,2020-12-01,5,0,0,3,-100,"&#x2798;",31412,0,0,9.55049025849994
"Alphen-Chaam","GM1723",2021-01-04,40,40,40,40,40,38,38,2020-12-01,2,0,0,0,0,"-",10355,0,0,0
"Bergeijk","GM1724",2021-01-04,60,60,57,57,56,52,52,2020-12-01,8,0,3,4,200,"&#x279A;",18728,0,16.0187953865869,21.3583938487826
"Bladel","GM1728",2021-01-04,60,60,59,59,58,53,53,2020-12-01,7,0,1,2,0,"-",20536,0,4.86949746786132,9.73899493572263
"Gulpen-Wittem","GM1729",2021-01-04,32,32,31,31,29,28,28,2020-12-01,4,0,1,3,-50,"&#x2798;",14195,0,7.04473406128919,21.1342021838676
"Tynaarlo","GM1730",2021-01-04,17,17,15,15,11,11,11,2020-12-01,6,0,2,6,-50,"&#x2798;",33914,0,5.89726956419178,17.6918086925753
"Midden-Drenthe","GM1731",2021-01-04,24,24,21,21,18,14,14,2020-12-01,10,0,3,6,0,"-",33362,0,8.99226665068042,17.9845333013608
"Overbetuwe","GM1734",2021-01-04,61,61,60,60,59,51,51,2020-12-01,10,0,1,2,0,"-",48125,0,2.07792207792208,4.15584415584416
"Hof van Twente","GM1735",2021-01-04,74,74,71,71,66,58,58,2020-12-01,16,0,3,8,-40,"&#x2798;",35053,0,8.55846860468434,22.8225829458249
"Neder-Betuwe","GM1740",2021-01-04,81,80,77,76,75,64,64,2020-12-01,17,1,4,6,100,"&#x279A;",24591,4.06652840470091,16.2661136188036,24.3991704282054
"Rijssen-Holten","GM1742",2021-01-04,88,87,75,75,69,60,60,2020-12-01,28,1,13,19,116.666666666667,"&#x279A;",38205,2.61745844784714,34.0269598220128,49.7317105090957
"Geldrop-Mierlo","GM1771",2021-01-04,111,111,106,105,96,85,85,2020-12-01,26,0,5,15,-50,"&#x2798;",40073,0,12.477229056971,37.4316871709131
"Olst-Wijhe","GM1773",2021-01-04,16,16,15,14,13,12,12,2020-12-01,4,0,1,3,-50,"&#x2798;",18353,0,5.44870048493434,16.346101454803
"Dinkelland","GM1774",2021-01-04,61,60,55,55,53,48,48,2020-12-01,13,1,6,8,200,"&#x279A;",26588,3.76109523093125,22.5665713855875,30.08876184745
"Westland","GM1783",2021-01-04,236,235,222,219,209,177,177,2020-12-01,59,1,14,27,7.69230769230769,"&#x279A;",111356,0.898020762240023,12.5722906713603,24.2465605804806
"Midden-Delfland","GM1842",2021-01-04,40,40,36,35,34,28,28,2020-12-01,12,0,4,6,100,"&#x279A;",19374,0,20.6462269020337,30.9693403530505
"Berkelland","GM1859",2021-01-04,72,71,67,67,65,61,61,2020-12-01,11,1,5,7,150,"&#x279A;",43831,2.281490269444,11.40745134722,15.970431886108
"Bronckhorst","GM1876",2021-01-04,62,62,58,58,56,47,47,2020-12-01,15,0,4,6,100,"&#x279A;",36111,0,11.0769571598682,16.6154357398023
"Sittard-Geleen","GM1883",2021-01-04,193,187,180,177,170,158,158,2020-12-01,35,6,13,23,30,"&#x279A;",91822,6.53438173858117,14.1578271002592,25.0484633312278
"Kaag en Braassem","GM1884",2021-01-04,39,38,36,35,32,26,26,2020-12-01,13,1,3,7,-25,"&#x2798;",27557,3.62884203650615,10.8865261095185,25.4018942555431
"Dantumadiel","GM1891",2021-01-04,9,9,7,6,6,3,3,2020-12-01,6,0,2,3,100,"&#x279A;",18942,0,10.558547143913,15.8378207158695
"Zuidplas","GM1892",2021-01-04,80,80,78,77,74,66,66,2020-12-01,14,0,2,6,-50,"&#x2798;",45014,0,4.4430621584396,13.3291864753188
"Peel en Maas","GM1894",2021-01-04,36,36,35,35,35,34,34,2020-12-01,2,0,1,1,100,"&#x279A;",43630,0,2.29200091680037,2.29200091680037
"Oldambt","GM1895",2021-01-04,46,46,42,41,29,21,21,2020-12-01,25,0,4,17,-69.2307692307692,"&#x2798;",38288,0,10.4471374843293,44.4003343083995
"Zwartewaterland","GM1896",2021-01-04,26,25,23,22,22,18,18,2020-12-01,8,1,3,4,200,"&#x279A;",22794,4.38711941739054,13.1613582521716,17.5484776695622
"Súdwest-Fryslân","GM1900",2021-01-04,73,72,65,64,59,46,46,2020-12-01,27,1,8,14,33.3333333333333,"&#x279A;",89958,1.11162987171791,8.8930389737433,15.5628182040508
"Bodegraven-Reeuwijk","GM1901",2021-01-04,69,68,66,66,59,51,51,2020-12-01,18,1,3,10,-57.1428571428571,"&#x2798;",35260,2.83607487237663,8.50822461712989,28.3607487237663
"Eijsden-Margraten","GM1903",2021-01-04,71,71,69,69,68,64,64,2020-12-01,7,0,2,3,100,"&#x279A;",25888,0,7.72558714462299,11.5883807169345
"Stichtse Vecht","GM1904",2021-01-04,138,138,132,131,126,106,106,2020-12-01,32,0,6,12,0,"-",65167,0,9.20711403010726,18.4142280602145
"Hollands Kroon","GM1911",2021-01-04,69,67,58,56,51,40,40,2020-12-01,29,2,11,18,57.1428571428571,"&#x279A;",48618,4.11370274383973,22.6253650911185,37.0233246945576
"Leidschendam-Voorburg","GM1916",2021-01-04,135,133,127,127,119,105,105,2020-12-01,30,2,8,16,0,"-",76431,2.61673928118172,10.4669571247269,20.9339142494538
"Goeree-Overflakkee","GM1924",2021-01-04,136,136,125,125,121,108,108,2020-12-01,28,0,11,15,175,"&#x279A;",50488,0,21.7873554111868,29.7100301061638
"Pijnacker-Nootdorp","GM1926",2021-01-04,79,77,75,74,72,70,70,2020-12-01,9,2,4,7,33.3333333333333,"&#x279A;",55552,3.60023041474654,7.20046082949309,12.6008064516129
"Nissewaard","GM1930",2021-01-04,217,216,210,208,195,172,172,2020-12-01,45,1,7,22,-53.3333333333333,"&#x2798;",85300,1.17233294255569,8.2063305978898,25.7913247362251
"Krimpenerwaard","GM1931",2021-01-04,139,139,132,132,126,115,115,2020-12-01,24,0,7,13,16.6666666666667,"&#x279A;",56491,0,12.3913543750332,23.0125152679188
"De Fryske Marren","GM1940",2021-01-04,44,43,40,40,38,33,33,2020-12-01,11,1,4,6,100,"&#x279A;",51651,1.93607093763916,7.74428375055662,11.6164256258349
"Gooise Meren","GM1942",2021-01-04,30,29,27,27,26,24,24,2020-12-01,6,1,3,4,200,"&#x279A;",58439,1.71118602303256,5.13355806909769,6.84474409213025
"Berg en Dal","GM1945",2021-01-04,94,94,89,88,87,79,79,2020-12-01,15,0,5,7,150,"&#x279A;",35017,0,14.2787788788303,19.9902904303624
"Meierijstad","GM1948",2021-01-04,318,316,309,309,302,297,297,2020-12-01,21,2,9,16,28.5714285714286,"&#x279A;",81607,2.45077015452106,11.0284656953448,19.6061612361685
"Waadhoeke","GM1949",2021-01-04,29,29,24,19,18,15,15,2020-12-01,14,0,5,11,-16.6666666666667,"&#x2798;",46085,0,10.8495171964848,23.8689378322665
"Westerwolde","GM1950",2021-01-04,29,28,27,27,24,19,19,2020-12-01,10,1,2,5,-33.3333333333333,"&#x2798;",25976,3.84970742223591,7.69941484447182,19.2485371111796
"Midden-Groningen","GM1952",2021-01-04,68,67,60,59,49,42,42,2020-12-01,26,1,8,19,-27.2727272727273,"&#x2798;",60761,1.64579253139349,13.1663402511479,31.2700580964764
"Beekdaelen","GM1954",2021-01-04,83,83,78,75,73,67,67,2020-12-01,16,0,5,10,0,"-",36073,0,13.8607823025532,27.7215646051063
"Montferland","GM1955",2021-01-04,51,51,49,49,48,42,42,2020-12-01,9,0,2,3,100,"&#x279A;",36068,0,5.54508151269824,8.31762226904736
"Altena","GM1959",2021-01-04,149,149,132,130,116,98,98,2020-12-01,51,0,17,33,6.25,"&#x279A;",56333,0,30.1776933591323,58.5802282853745
"West Betuwe","GM1960",2021-01-04,139,139,133,132,129,113,113,2020-12-01,26,0,6,10,50,"&#x279A;",51405,0,11.6720163408229,19.4533605680381
"Vijfheerenlanden","GM1961",2021-01-04,109,109,101,101,94,90,90,2020-12-01,19,0,8,15,14.2857142857143,"&#x279A;",57751,0,13.8525739814029,25.9735762151305
"Hoeksche Waard","GM1963",2021-01-04,181,177,172,171,160,150,150,2020-12-01,31,4,9,21,-25,"&#x2798;",87822,4.55466739541345,10.2480016396803,23.9120038259206
"Het Hogeland","GM1966",2021-01-04,22,22,21,21,18,13,13,2020-12-01,9,0,1,4,-66.6666666666667,"&#x2798;",47888,0,2.08820581356499,8.35282325425994
"Westerkwartier","GM1969",2021-01-04,59,57,51,51,49,39,39,2020-12-01,20,2,8,10,300,"&#x279A;",63568,3.14623710042789,12.5849484017116,15.7311855021394
"Noardeast-Fryslân","GM1970",2021-01-04,32,32,26,24,24,14,14,2020-12-01,18,0,6,8,200,"&#x279A;",45445,0,13.2027725822423,17.603696776323
"Molenlanden","GM1978",2021-01-04,79,76,71,71,67,60,60,2020-12-01,19,3,8,12,100,"&#x279A;",44072,6.80704302051189,18.152114721365,27.2281720820476
