"municipality","Municipality_code","date","d0","d1","d7","d8","d14","lowest_since_sep1","lowest_since_sep1_date","current","increase_1d","increase_7d","increase_14d","increase_growth","growth","population","rel_increase_1d","rel_increase_7d","rel_increase_14d"
"Netherlands","",2020-10-24,14444,14352,13783,13703,13248,11937,2020-08-01,2507,92,661,1196,23.5514018691589,"&#x279A;",17443797,0.527408109599074,3.78931261353248,6.85630542478796
"Unknown","",2020-10-24,84,85,81,80,79,62,2020-08-02,22,-1,3,5,50,"&#x279A;",NA,NA,NA,NA
"Appingedam","GM0003",2020-10-24,7,7,5,5,5,3,2020-08-01,4,0,2,2,200,"&#x279A;&#x279A;",11523,0,17.3565911654951,17.3565911654951
"Delfzijl","GM0010",2020-10-24,7,7,7,7,6,6,2020-08-01,1,0,0,1,-100,"&#x2798;",24609,0,0,4.06355398431468
"Groningen","GM0014",2020-10-24,32,31,25,25,22,18,2020-08-01,14,1,7,10,133.333333333333,"&#x279A;&#x279A;",231112,0.432690643497525,3.02883450448267,4.32690643497525
"Loppersum","GM0024",2020-10-24,0,0,0,0,0,0,2020-08-01,0,0,0,0,0,"-",9477,0,0,0
"Almere","GM0034",2020-10-24,165,163,155,154,143,126,2020-08-01,39,2,10,22,-16.6666666666667,"&#x2798;",213660,0.936066647945334,4.68033323972667,10.2967331273987
"Stadskanaal","GM0037",2020-10-24,5,5,2,2,2,2,2020-08-01,3,0,3,3,300,"&#x279A;&#x279A;",31581,0,9.49938254013489,9.49938254013489
"Veendam","GM0047",2020-10-24,2,2,2,2,2,2,2020-08-01,0,0,0,0,0,"-",27430,0,0,0
"Zeewolde","GM0050",2020-10-24,13,13,13,13,12,12,2020-08-01,1,0,0,1,-100,"&#x2798;",22680,0,0,4.40917107583774
"Achtkarspelen","GM0059",2020-10-24,0,0,0,0,0,0,2020-08-01,0,0,0,0,0,"-",27873,0,0,0
"Ameland","GM0060",2020-10-24,0,0,0,0,0,0,2020-08-01,0,0,0,0,0,"-",3752,0,0,0
"Harlingen","GM0072",2020-10-24,4,4,4,4,4,4,2020-08-01,0,0,0,0,0,"-",15793,0,0,0
"Heerenveen","GM0074",2020-10-24,16,16,15,15,14,13,2020-08-01,3,0,1,2,0,"-",50456,0,1.98192484540986,3.96384969081972
"Leeuwarden","GM0080",2020-10-24,45,45,43,43,42,33,2020-08-01,12,0,2,3,100,"&#x279A;",123625,0,1.61779575328615,2.42669362992922
"Ooststellingwerf","GM0085",2020-10-24,5,5,5,4,3,3,2020-08-01,2,0,0,2,-100,"&#x2798;",25366,0,0,7.88456989671213
"Opsterland","GM0086",2020-10-24,8,8,8,8,8,7,2020-08-01,1,0,0,0,0,"-",29743,0,0,0
"Schiermonnikoog","GM0088",2020-10-24,1,1,0,0,0,0,2020-08-01,1,0,1,1,100,"&#x279A;",953,0,104.931794333683,104.931794333683
"Smallingerland","GM0090",2020-10-24,12,12,10,10,9,9,2020-08-01,3,0,2,3,100,"&#x279A;",56181,0,3.55992239369182,5.33988359053773
"Terschelling","GM0093",2020-10-24,1,1,1,1,0,0,2020-08-01,1,0,0,1,-100,"&#x2798;",4807,0,0,20.8029956313709
"Vlieland","GM0096",2020-10-24,0,0,0,0,0,0,2020-08-01,0,0,0,0,0,"-",1190,0,0,0
"Weststellingwerf","GM0098",2020-10-24,3,3,3,3,3,3,2020-08-01,0,0,0,0,0,"-",26018,0,0,0
"Assen","GM0106",2020-10-24,14,14,13,13,12,12,2020-08-01,2,0,1,2,0,"-",68798,0,1.45353062589029,2.90706125178058
"Coevorden","GM0109",2020-10-24,14,14,14,14,14,13,2020-08-01,1,0,0,0,0,"-",35303,0,0,0
"Emmen","GM0114",2020-10-24,46,46,39,38,34,20,2020-08-01,26,0,7,12,40,"&#x279A;",107078,0,6.53729057322699,11.2067838398177
"Hoogeveen","GM0118",2020-10-24,27,27,26,26,22,19,2020-08-01,8,0,1,5,-75,"&#x2798;",55566,0,1.79966166360724,8.99830831803621
"Meppel","GM0119",2020-10-24,11,11,11,11,11,11,2020-08-01,0,0,0,0,0,"-",34125,0,0,0
"Almelo","GM0141",2020-10-24,32,32,31,31,29,22,2020-08-26,10,0,1,3,-50,"&#x2798;",73175,0,1.36658694909464,4.09976084728391
"Borne","GM0147",2020-10-24,15,15,15,15,14,14,2020-08-01,1,0,0,1,-100,"&#x2798;",23489,0,0,4.25731193324535
"Dalfsen","GM0148",2020-10-24,17,17,17,17,16,16,2020-08-01,1,0,0,1,-100,"&#x2798;",28837,0,0,3.46776710476124
"Deventer","GM0150",2020-10-24,50,50,50,50,49,47,2020-08-01,3,0,0,1,-100,"&#x2798;",100913,0,0,0.990952602737011
"Enschede","GM0153",2020-10-24,68,68,64,64,60,54,2020-08-01,14,0,4,8,0,"-",158918,0,2.51702135692621,5.03404271385243
"Haaksbergen","GM0158",2020-10-24,17,17,16,16,15,14,2020-08-01,3,0,1,2,0,"-",24275,0,4.11946446961895,8.2389289392379
"Hardenberg","GM0160",2020-10-24,24,24,23,23,23,23,2020-08-01,1,0,1,1,100,"&#x279A;",61194,0,1.63414713860836,1.63414713860836
"Hellendoorn","GM0163",2020-10-24,13,13,13,13,8,8,2020-08-01,5,0,0,5,-100,"&#x2798;",35959,0,0,13.9047248254957
"Hengelo","GM0164",2020-10-24,38,38,36,34,32,21,2020-08-01,17,0,2,6,-50,"&#x2798;",81047,0,2.46770392488309,7.40311177464928
"Kampen","GM0166",2020-10-24,60,60,60,60,60,59,2020-08-01,1,0,0,0,0,"-",54409,0,0,0
"Losser","GM0168",2020-10-24,11,11,11,11,11,7,2020-08-01,4,0,0,0,0,"-",22780,0,0,0
"Noordoostpolder","GM0171",2020-10-24,19,19,17,17,17,14,2020-08-01,5,0,2,2,200,"&#x279A;&#x279A;",47618,0,4.20009240203284,4.20009240203284
"Oldenzaal","GM0173",2020-10-24,16,16,17,16,15,13,2020-08-01,3,0,-1,1,-150,"&#x2798;",31792,0,-3.14544539506794,3.14544539506794
"Ommen","GM0175",2020-10-24,9,9,9,9,9,9,2020-08-01,0,0,0,0,0,"-",18179,0,0,0
"Raalte","GM0177",2020-10-24,25,25,25,25,24,24,2020-08-01,1,0,0,1,-100,"&#x2798;",37782,0,0,2.64676300884019
"Staphorst","GM0180",2020-10-24,8,8,8,8,8,8,2020-08-01,0,0,0,0,0,"-",17217,0,0,0
"Tubbergen","GM0183",2020-10-24,12,12,12,12,12,12,2020-08-01,0,0,0,0,0,"-",21271,0,0,0
"Urk","GM0184",2020-10-24,23,23,23,23,23,23,2020-08-01,0,0,0,0,0,"-",21135,0,0,0
"Wierden","GM0189",2020-10-24,7,7,7,7,7,5,2020-08-01,2,0,0,0,0,"-",24474,0,0,0
"Zwolle","GM0193",2020-10-24,54,54,53,53,53,53,2020-08-01,1,0,1,1,100,"&#x279A;",129213,0,0.773915937250896,0.773915937250896
"Aalten","GM0197",2020-10-24,13,13,13,13,11,9,2020-08-01,4,0,0,2,-100,"&#x2798;",27116,0,0,7.37571913261543
"Apeldoorn","GM0200",2020-10-24,113,112,109,108,106,97,2020-08-01,16,1,4,7,33.3333333333333,"&#x279A;",164140,0.609236018033386,2.43694407213354,4.2646521262337
"Arnhem","GM0202",2020-10-24,83,83,79,78,75,67,2020-08-01,16,0,4,8,0,"-",161961,0,2.46973036718716,4.93946073437432
"Barneveld","GM0203",2020-10-24,24,24,22,21,19,18,2020-08-01,6,0,2,5,-33.3333333333333,"&#x2798;",59676,0,3.35143106106307,8.37857765265768
"Beuningen","GM0209",2020-10-24,20,20,20,20,20,19,2020-08-01,1,0,0,0,0,"-",26054,0,0,0
"Brummen","GM0213",2020-10-24,19,19,18,18,18,18,2020-08-01,1,0,1,1,100,"&#x279A;",20838,0,4.79892504079086,4.79892504079086
"Buren","GM0214",2020-10-24,23,23,23,22,19,17,2020-08-01,6,0,0,4,-100,"&#x2798;",27021,0,0,14.8033011361534
"Culemborg","GM0216",2020-10-24,25,25,24,24,24,21,2020-08-01,4,0,1,1,100,"&#x279A;",29020,0,3.44589937973811,3.44589937973811
"Doesburg","GM0221",2020-10-24,11,11,10,10,10,9,2020-08-01,2,0,1,1,100,"&#x279A;",11028,0,9.06782734856728,9.06782734856728
"Doetinchem","GM0222",2020-10-24,31,30,29,29,27,26,2020-08-01,5,1,2,4,0,"-",58104,1.72105190692551,3.44210381385103,6.88420762770205
"Druten","GM0225",2020-10-24,28,28,25,25,25,25,2020-08-01,3,0,3,3,300,"&#x279A;&#x279A;",18973,0,15.8119432878301,15.8119432878301
"Duiven","GM0226",2020-10-24,16,16,16,16,15,14,2020-08-01,2,0,0,1,-100,"&#x2798;",25062,0,0,3.99010454073897
"Ede","GM0228",2020-10-24,72,71,67,66,62,53,2020-08-01,19,1,5,10,0,"-",117966,0.84770188020277,4.23850940101385,8.4770188020277
"Elburg","GM0230",2020-10-24,28,28,28,28,28,28,2020-08-01,0,0,0,0,0,"-",23343,0,0,0
"Epe","GM0232",2020-10-24,52,52,51,51,50,48,2020-08-01,4,0,1,2,0,"-",33171,0,3.01468149889964,6.02936299779928
"Ermelo","GM0233",2020-10-24,33,33,33,33,33,33,2020-08-01,0,0,0,0,0,"-",26991,0,0,0
"Harderwijk","GM0243",2020-10-24,47,47,45,44,44,42,2020-08-01,5,0,2,3,100,"&#x279A;",48623,0,4.1132797235876,6.1699195853814
"Hattem","GM0244",2020-10-24,18,18,18,18,18,16,2020-08-01,2,0,0,0,0,"-",12241,0,0,0
"Heerde","GM0246",2020-10-24,55,55,55,55,55,55,2020-08-01,0,0,0,0,0,"-",18645,0,0,0
"Heumen","GM0252",2020-10-24,19,19,19,19,19,17,2020-08-01,2,0,0,0,0,"-",16589,0,0,0
"Lochem","GM0262",2020-10-24,17,16,16,16,16,15,2020-08-01,2,1,1,1,100,"&#x279A;",33847,2.95447159275564,2.95447159275564,2.95447159275564
"Maasdriel","GM0263",2020-10-24,17,17,16,16,16,15,2020-08-01,2,0,1,1,100,"&#x279A;",25434,0,3.93174490839034,3.93174490839034
"Nijkerk","GM0267",2020-10-24,26,26,25,24,22,22,2020-08-01,4,0,1,4,-66.6666666666667,"&#x2798;",43417,0,2.30324527258908,9.21298109035631
"Nijmegen","GM0268",2020-10-24,172,170,158,157,152,128,2020-08-01,44,2,14,20,133.333333333333,"&#x279A;&#x279A;",176669,1.1320605199554,7.92442363968778,11.320605199554
"Oldebroek","GM0269",2020-10-24,40,40,40,40,40,40,2020-08-01,0,0,0,0,0,"-",23670,0,0,0
"Putten","GM0273",2020-10-24,11,11,11,11,10,10,2020-08-01,1,0,0,1,-100,"&#x2798;",24220,0,0,4.12881915772089
"Renkum","GM0274",2020-10-24,16,16,14,14,14,14,2020-08-01,2,0,2,2,200,"&#x279A;&#x279A;",31401,0,6.36922391006656,6.36922391006656
"Rheden","GM0275",2020-10-24,35,35,35,34,34,34,2020-08-01,1,0,0,1,-100,"&#x2798;",43565,0,0,2.29542063583152
"Rozendaal","GM0277",2020-10-24,1,1,1,1,1,1,2020-08-01,0,0,0,0,0,"-",1697,0,0,0
"Scherpenzeel","GM0279",2020-10-24,5,5,5,5,4,4,2020-08-01,1,0,0,1,-100,"&#x2798;",10000,0,0,10
"Tiel","GM0281",2020-10-24,48,46,45,45,44,42,2020-08-01,6,2,3,4,200,"&#x279A;&#x279A;",41962,4.76621705352462,7.14932558028693,9.53243410704924
"Voorst","GM0285",2020-10-24,17,17,17,17,17,17,2020-08-01,0,0,0,0,0,"-",24702,0,0,0
"Wageningen","GM0289",2020-10-24,22,22,22,22,21,20,2020-08-01,2,0,0,1,-100,"&#x2798;",39134,0,0,2.55532273726172
"Westervoort","GM0293",2020-10-24,12,12,12,12,12,12,2020-08-01,0,0,0,0,0,"-",15013,0,0,0
"Winterswijk","GM0294",2020-10-24,8,8,7,7,7,7,2020-08-01,1,0,1,1,100,"&#x279A;",28893,0,3.46104592807947,3.46104592807947
"Wijchen","GM0296",2020-10-24,50,50,48,48,47,44,2020-08-01,6,0,2,3,100,"&#x279A;",41179,0,4.85684450812307,7.28526676218461
"Zaltbommel","GM0297",2020-10-24,23,23,22,22,21,20,2020-08-01,3,0,1,2,0,"-",29225,0,3.42172797262618,6.84345594525235
"Zevenaar","GM0299",2020-10-24,54,54,53,53,50,45,2020-08-01,9,0,1,4,-66.6666666666667,"&#x2798;",44011,0,2.27215923291904,9.08863693167617
"Zutphen","GM0301",2020-10-24,33,33,31,31,31,30,2020-08-01,3,0,2,2,200,"&#x279A;&#x279A;",48077,0,4.15999334401065,4.15999334401065
"Nunspeet","GM0302",2020-10-24,61,61,58,58,58,55,2020-08-01,6,0,3,3,300,"&#x279A;&#x279A;",27862,0,10.7673533845381,10.7673533845381
"Dronten","GM0303",2020-10-24,39,39,36,36,34,30,2020-08-01,9,0,3,5,50,"&#x279A;",41677,0,7.19821484271901,11.997024737865
"Amersfoort","GM0307",2020-10-24,90,90,88,88,81,62,2020-08-01,28,0,2,9,-71.4285714285714,"&#x2798;",157521,0,1.2696719802439,5.71352391109757
"Baarn","GM0308",2020-10-24,15,15,12,12,12,11,2020-08-01,4,0,3,3,300,"&#x279A;&#x279A;",24823,0,12.0855658059058,12.0855658059058
"De Bilt","GM0310",2020-10-24,32,31,31,31,30,27,2020-08-01,5,1,1,2,0,"-",43190,2.31535077564251,2.31535077564251,4.63070155128502
"Bunnik","GM0312",2020-10-24,12,12,12,12,10,9,2020-08-01,3,0,0,2,-100,"&#x2798;",15262,0,0,13.1044424059756
"Bunschoten","GM0313",2020-10-24,15,15,12,12,12,9,2020-08-01,6,0,3,3,300,"&#x279A;&#x279A;",21930,0,13.6798905608755,13.6798905608755
"Eemnes","GM0317",2020-10-24,2,2,2,2,2,2,2020-08-01,0,0,0,0,0,"-",9323,0,0,0
"Houten","GM0321",2020-10-24,33,33,31,30,28,24,2020-08-01,9,0,2,5,-33.3333333333333,"&#x2798;",50290,0,3.9769337840525,9.94233446013124
"Leusden","GM0327",2020-10-24,11,11,9,9,9,9,2020-08-01,2,0,2,2,200,"&#x279A;&#x279A;",30486,0,6.5603883749918,6.5603883749918
"Lopik","GM0331",2020-10-24,22,22,21,21,20,19,2020-08-01,3,0,1,2,0,"-",14483,0,6.90464682731478,13.8092936546296
"Montfoort","GM0335",2020-10-24,15,15,15,15,15,13,2020-08-01,2,0,0,0,0,"-",13889,0,0,0
"Renswoude","GM0339",2020-10-24,5,5,5,5,5,5,2020-08-01,0,0,0,0,0,"-",5517,0,0,0
"Rhenen","GM0340",2020-10-24,13,12,12,12,11,11,2020-08-01,2,1,1,2,0,"-",20086,4.97859205416708,4.97859205416708,9.95718410833416
"Soest","GM0342",2020-10-24,33,33,30,30,26,24,2020-08-01,9,0,3,7,-25,"&#x2798;",46842,0,6.40450877417702,14.943853806413
"Utrecht","GM0344",2020-10-24,348,347,325,324,312,270,2020-08-01,78,1,23,36,76.9230769230769,"&#x279A;",357667,0.279589674194153,6.43056250646551,10.0652282709895
"Veenendaal","GM0345",2020-10-24,53,53,51,51,49,47,2020-08-01,6,0,2,4,0,"-",66918,0,2.98873247855584,5.97746495711169
"Woudenberg","GM0351",2020-10-24,9,9,9,9,9,9,2020-08-01,0,0,0,0,0,"-",13568,0,0,0
"Wijk bij Duurstede","GM0352",2020-10-24,13,12,10,10,10,10,2020-08-01,3,1,3,3,300,"&#x279A;&#x279A;",23901,4.1839253587716,12.5517760763148,12.5517760763148
"IJsselstein","GM0353",2020-10-24,41,41,39,39,37,36,2020-08-01,5,0,2,4,0,"-",33851,0,5.90824495583587,11.8164899116717
"Zeist","GM0355",2020-10-24,43,42,41,41,39,37,2020-08-01,6,1,2,4,0,"-",64883,1.54123576283464,3.08247152566928,6.16494305133856
"Nieuwegein","GM0356",2020-10-24,54,54,49,49,47,44,2020-08-01,10,0,5,7,150,"&#x279A;&#x279A;",63690,0,7.85052598524101,10.9907363793374
"Aalsmeer","GM0358",2020-10-24,11,11,10,10,10,9,2020-08-01,2,0,1,1,100,"&#x279A;",31927,0,3.13214520625176,3.13214520625176
"Alkmaar","GM0361",2020-10-24,64,62,60,59,58,54,2020-08-01,10,2,4,6,100,"&#x279A;",109751,1.82230685825186,3.64461371650372,5.46692057475558
"Amstelveen","GM0362",2020-10-24,74,74,69,69,69,58,2020-08-01,16,0,5,5,500,"&#x279A;&#x279A;",90705,0,5.51237528250923,5.51237528250923
"Amsterdam","GM0363",2020-10-24,966,953,894,875,830,631,2020-08-01,335,13,72,136,12.5,"&#x279A;",869709,1.49475284261747,8.27863112834293,15.6374143535366
"Beemster","GM0370",2020-10-24,4,4,4,4,4,4,2020-08-01,0,0,0,0,0,"-",10019,0,0,0
"Bergen (NH.)","GM0373",2020-10-24,22,22,21,21,20,16,2020-08-01,6,0,1,2,0,"-",29762,0,3.35998924803441,6.71997849606881
"Beverwijk","GM0375",2020-10-24,20,20,19,19,16,15,2020-08-01,5,0,1,4,-66.6666666666667,"&#x2798;",41752,0,2.39509484575589,9.58037938302357
"Blaricum","GM0376",2020-10-24,8,8,8,8,8,8,2020-08-01,0,0,0,0,0,"-",11799,0,0,0
"Bloemendaal","GM0377",2020-10-24,10,9,8,8,8,7,2020-08-01,3,1,2,2,200,"&#x279A;&#x279A;",23566,4.24340151065094,8.48680302130188,8.48680302130188
"Castricum","GM0383",2020-10-24,18,18,18,18,16,15,2020-08-01,3,0,0,2,-100,"&#x2798;",36124,0,0,5.5364854390433
"Diemen","GM0384",2020-10-24,23,23,21,20,20,17,2020-08-01,6,0,2,3,100,"&#x279A;",31206,0,6.40902390565917,9.61353585848875
"Edam-Volendam","GM0385",2020-10-24,38,36,33,32,28,25,2020-08-01,13,2,5,10,0,"-",36190,5.52638850511191,13.8159712627798,27.6319425255595
"Enkhuizen","GM0388",2020-10-24,20,20,19,19,19,18,2020-08-01,2,0,1,1,100,"&#x279A;",18658,0,5.35963125736949,5.35963125736949
"Haarlem","GM0392",2020-10-24,100,99,90,90,85,61,2020-08-01,39,1,10,15,100,"&#x279A;",162962,0.613639989690848,6.13639989690848,9.20459984536272
"Haarlemmermeer","GM0394",2020-10-24,94,92,89,87,80,68,2020-08-01,26,2,5,14,-44.4444444444444,"&#x2798;",157115,1.27295293256532,3.1823823314133,8.91067052795723
"Heemskerk","GM0396",2020-10-24,34,34,32,32,32,28,2020-08-01,6,0,2,2,200,"&#x279A;&#x279A;",39230,0,5.09813917919959,5.09813917919959
"Heemstede","GM0397",2020-10-24,15,15,13,13,13,11,2020-08-01,4,0,2,2,200,"&#x279A;&#x279A;",27341,0,7.31502139643758,7.31502139643758
"Heerhugowaard","GM0398",2020-10-24,29,29,28,27,27,27,2020-08-01,2,0,1,2,0,"-",58018,0,1.72360301975249,3.44720603950498
"Heiloo","GM0399",2020-10-24,12,12,11,11,11,9,2020-08-01,3,0,1,1,100,"&#x279A;",24100,0,4.149377593361,4.149377593361
"Den Helder","GM0400",2020-10-24,15,15,15,15,13,12,2020-08-01,3,0,0,2,-100,"&#x2798;",56388,0,0,3.54685394055473
"Hilversum","GM0402",2020-10-24,39,38,37,37,37,33,2020-08-01,6,1,2,2,200,"&#x279A;&#x279A;",91110,1.09757436066293,2.19514872132587,2.19514872132587
"Hoorn","GM0405",2020-10-24,38,38,38,37,37,35,2020-08-01,3,0,0,1,-100,"&#x2798;",73360,0,0,1.36314067611778
"Huizen","GM0406",2020-10-24,27,27,26,26,25,22,2020-08-01,5,0,1,2,0,"-",41104,0,2.43285325029194,4.86570650058388
"Landsmeer","GM0415",2020-10-24,5,5,5,5,3,3,2020-08-01,2,0,0,2,-100,"&#x2798;",11573,0,0,17.2816037328264
"Langedijk","GM0416",2020-10-24,21,21,20,20,19,16,2020-08-01,5,0,1,2,0,"-",28214,0,3.54433968951584,7.08867937903169
"Laren","GM0417",2020-10-24,9,9,9,9,8,8,2020-08-01,1,0,0,1,-100,"&#x2798;",11355,0,0,8.80669308674593
"Medemblik","GM0420",2020-10-24,19,19,19,19,19,19,2020-08-01,0,0,0,0,0,"-",45138,0,0,0
"Oostzaan","GM0431",2020-10-24,12,12,12,12,12,10,2020-08-01,2,0,0,0,0,"-",9682,0,0,0
"Opmeer","GM0432",2020-10-24,1,1,1,1,1,1,2020-08-01,0,0,0,0,0,"-",11967,0,0,0
"Ouder-Amstel","GM0437",2020-10-24,8,7,7,6,6,5,2020-08-01,3,1,1,2,0,"-",14065,7.10984713828653,7.10984713828653,14.2196942765731
"Purmerend","GM0439",2020-10-24,81,80,79,79,74,66,2020-08-01,15,1,2,7,-60,"&#x2798;",81775,1.22286762457964,2.44573524915928,8.56007337205747
"Schagen","GM0441",2020-10-24,20,20,19,19,19,18,2020-08-01,2,0,1,1,100,"&#x279A;",46459,0,2.15243548074646,2.15243548074646
"Texel","GM0448",2020-10-24,6,6,5,5,5,5,2020-08-01,1,0,1,1,100,"&#x279A;",13643,0,7.32976618045884,7.32976618045884
"Uitgeest","GM0450",2020-10-24,6,6,5,5,5,5,2020-08-01,1,0,1,1,100,"&#x279A;",13643,0,7.32976618045884,7.32976618045884
"Uithoorn","GM0451",2020-10-24,21,21,19,19,18,16,2020-08-01,5,0,2,3,100,"&#x279A;",29817,0,6.70758292249388,10.0613743837408
"Velsen","GM0453",2020-10-24,46,46,41,41,39,32,2020-08-01,14,0,5,7,150,"&#x279A;&#x279A;",68713,0,7.27664342991865,10.1873008018861
"Weesp","GM0457",2020-10-24,10,10,10,10,9,9,2020-08-01,1,0,0,1,-100,"&#x2798;",20219,0,0,4.94584301894258
"Zandvoort","GM0473",2020-10-24,12,12,12,12,12,10,2020-08-01,2,0,0,0,0,"-",17116,0,0,0
"Zaanstad","GM0479",2020-10-24,152,151,146,145,137,119,2020-08-01,33,1,6,15,-33.3333333333333,"&#x2798;",156907,0.637320196039692,3.82392117623815,9.55980294059538
"Alblasserdam","GM0482",2020-10-24,11,11,11,11,11,10,2020-08-01,1,0,0,0,0,"-",20221,0,0,0
"Alphen aan den Rijn","GM0484",2020-10-24,79,79,77,76,72,62,2020-08-01,17,0,2,7,-60,"&#x2798;",112343,0,1.78026223262687,6.23091781419403
"Barendrecht","GM0489",2020-10-24,47,46,45,44,43,40,2020-08-01,7,1,2,4,0,"-",48654,2.05532946931393,4.11065893862786,8.22131787725572
"Drechterland","GM0498",2020-10-24,5,5,5,5,5,5,2020-08-01,0,0,0,0,0,"-",19775,0,0,0
"Brielle","GM0501",2020-10-24,15,15,14,13,12,11,2020-08-01,4,0,1,3,-50,"&#x2798;",17378,0,5.75440211761998,17.2632063528599
"Capelle aan den IJssel","GM0502",2020-10-24,67,67,63,63,60,54,2020-08-01,13,0,4,7,33.3333333333333,"&#x279A;",67142,0,5.95752286199398,10.4256650084895
"Delft","GM0503",2020-10-24,46,45,44,44,42,38,2020-08-01,8,1,2,4,0,"-",103037,0.970525151159292,1.94105030231858,3.88210060463717
"Dordrecht","GM0505",2020-10-24,97,97,97,97,96,85,2020-08-01,12,0,0,1,-100,"&#x2798;",119342,0,0,0.837927971711552
"Gorinchem","GM0512",2020-10-24,19,19,19,19,19,18,2020-08-01,1,0,0,0,0,"-",37372,0,0,0
"Gouda","GM0513",2020-10-24,57,56,53,53,51,43,2020-08-01,14,1,4,6,100,"&#x279A;",73540,1.3598041881969,5.4392167527876,8.1588251291814
"'s-Gravenhage","GM0518",2020-10-24,552,547,510,507,476,345,2020-08-01,207,5,42,76,23.5294117647059,"&#x279A;",545863,0.915980749748563,7.69423829788793,13.9229073961782
"Hardinxveld-Giessendam","GM0523",2020-10-24,2,2,2,2,2,2,2020-08-01,0,0,0,0,0,"-",18460,0,0,0
"Hellevoetsluis","GM0530",2020-10-24,21,21,20,20,17,16,2020-08-01,5,0,1,4,-66.6666666666667,"&#x2798;",40198,0,2.4876859545251,9.9507438181004
"Hendrik-Ido-Ambacht","GM0531",2020-10-24,13,13,13,13,13,10,2020-08-01,3,0,0,0,0,"-",31311,0,0,0
"Stede Broec","GM0532",2020-10-24,19,19,19,19,19,18,2020-08-01,1,0,0,0,0,"-",21773,0,0,0
"Hillegom","GM0534",2020-10-24,8,8,8,8,8,8,2020-08-01,0,0,0,0,0,"-",22210,0,0,0
"Katwijk","GM0537",2020-10-24,42,41,39,38,37,31,2020-08-01,11,1,3,5,50,"&#x279A;",65929,1.51678320617634,4.55034961852902,7.58391603088171
"Krimpen aan den IJssel","GM0542",2020-10-24,18,18,17,17,13,10,2020-08-01,8,0,1,5,-75,"&#x2798;",29452,0,3.39535515414912,16.9767757707456
"Leiden","GM0546",2020-10-24,59,57,53,52,51,40,2020-08-01,19,2,6,8,200,"&#x279A;&#x279A;",123655,1.61740325906757,4.8522097772027,6.46961303627027
"Leiderdorp","GM0547",2020-10-24,22,21,17,17,17,14,2020-08-01,8,1,5,5,500,"&#x279A;&#x279A;",27304,3.66246703779666,18.3123351889833,18.3123351889833
"Lisse","GM0553",2020-10-24,11,11,9,9,9,8,2020-08-01,3,0,2,2,200,"&#x279A;&#x279A;",22983,0,8.70208414915372,8.70208414915372
"Maassluis","GM0556",2020-10-24,28,28,24,24,23,20,2020-08-01,8,0,4,5,300,"&#x279A;&#x279A;",33336,0,11.9990400767939,14.9988000959923
"Nieuwkoop","GM0569",2020-10-24,12,12,11,10,10,9,2020-08-01,3,0,1,2,0,"-",29021,0,3.44578064160436,6.89156128320871
"Noordwijk","GM0575",2020-10-24,28,27,23,23,22,19,2020-08-01,9,1,5,6,400,"&#x279A;&#x279A;",43733,2.28660279422861,11.4330139711431,13.7196167653717
"Oegstgeest","GM0579",2020-10-24,11,11,10,10,10,8,2020-08-01,3,0,1,1,100,"&#x279A;",24972,0,4.00448502322601,4.00448502322601
"Oudewater","GM0589",2020-10-24,29,28,26,26,26,26,2020-08-01,3,1,3,3,300,"&#x279A;&#x279A;",10178,9.82511298879937,29.4753389663981,29.4753389663981
"Papendrecht","GM0590",2020-10-24,9,9,9,9,9,9,2020-08-01,0,0,0,0,0,"-",32095,0,0,0
"Ridderkerk","GM0597",2020-10-24,43,43,42,42,41,37,2020-08-01,6,0,1,2,0,"-",46576,0,2.14702851253865,4.29405702507729
"Rotterdam","GM0599",2020-10-24,781,777,735,733,689,532,2020-08-01,249,4,46,92,0,"-",650459,0.614950365818599,7.07192920691389,14.1438584138278
"Rijswijk","GM0603",2020-10-24,60,59,50,50,47,36,2020-08-01,24,1,10,13,233.333333333333,"&#x279A;&#x279A;",54855,1.82298787713062,18.2298787713062,23.698842402698
"Schiedam","GM0606",2020-10-24,73,73,67,67,64,58,2020-08-01,15,0,6,9,100,"&#x279A;",79003,0,7.59464830449477,11.3919724567421
"Sliedrecht","GM0610",2020-10-24,9,9,9,9,9,9,2020-08-01,0,0,0,0,0,"-",25350,0,0,0
"Albrandswaard","GM0613",2020-10-24,17,17,17,17,16,14,2020-08-01,3,0,0,1,-100,"&#x2798;",25896,0,0,3.86160024714242
"Westvoorne","GM0614",2020-10-24,6,6,6,6,6,6,2020-08-01,0,0,0,0,0,"-",14863,0,0,0
"Vlaardingen","GM0622",2020-10-24,55,55,51,51,50,43,2020-08-01,12,0,4,5,300,"&#x279A;&#x279A;",73758,0,5.42314054068711,6.77892567585889
"Voorschoten","GM0626",2020-10-24,11,11,11,11,10,9,2020-08-01,2,0,0,1,-100,"&#x2798;",25602,0,0,3.90594484805875
"Waddinxveen","GM0627",2020-10-24,25,25,23,23,21,18,2020-08-01,7,0,2,4,0,"-",29906,0,6.68762121313449,13.375242426269
"Wassenaar","GM0629",2020-10-24,10,10,10,10,10,9,2020-08-01,1,0,0,0,0,"-",26490,0,0,0
"Woerden","GM0632",2020-10-24,61,61,59,59,55,49,2020-08-01,12,0,2,6,-50,"&#x2798;",52558,0,3.80531983713231,11.4159595113969
"Zoetermeer","GM0637",2020-10-24,66,66,65,65,62,53,2020-08-01,13,0,1,4,-66.6666666666667,"&#x2798;",125247,0,0.798422317500619,3.19368927000248
"Zoeterwoude","GM0638",2020-10-24,4,4,4,4,3,3,2020-08-01,1,0,0,1,-100,"&#x2798;",8759,0,0,11.4168284050691
"Zwijndrecht","GM0642",2020-10-24,29,29,27,27,27,23,2020-08-01,6,0,2,2,200,"&#x279A;&#x279A;",44641,0,4.48018637575323,4.48018637575323
"Borsele","GM0654",2020-10-24,5,5,5,5,5,5,2020-08-01,0,0,0,0,0,"-",22762,0,0,0
"Goes","GM0664",2020-10-24,14,13,13,13,13,11,2020-08-01,3,1,1,1,100,"&#x279A;",38423,2.60260781302865,2.60260781302865,2.60260781302865
"West Maas en Waal","GM0668",2020-10-24,23,23,22,22,21,20,2020-08-01,3,0,1,2,0,"-",19436,0,5.14509158263017,10.2901831652603
"Hulst","GM0677",2020-10-24,10,10,10,10,10,9,2020-08-01,1,0,0,0,0,"-",27631,0,0,0
"Kapelle","GM0678",2020-10-24,3,3,3,3,3,3,2020-08-01,0,0,0,0,0,"-",12808,0,0,0
"Middelburg","GM0687",2020-10-24,20,19,19,19,19,18,2020-08-01,2,1,1,1,100,"&#x279A;",48766,2.05060903088217,2.05060903088217,2.05060903088217
"Reimerswaal","GM0703",2020-10-24,6,6,6,6,5,4,2020-08-01,2,0,0,1,-100,"&#x2798;",22843,0,0,4.37770870726262
"Terneuzen","GM0715",2020-10-24,25,25,25,25,25,25,2020-08-01,0,0,0,0,0,"-",54476,0,0,0
"Tholen","GM0716",2020-10-24,43,43,43,43,41,40,2020-08-01,3,0,0,2,-100,"&#x2798;",25894,0,0,7.72379701861435
"Veere","GM0717",2020-10-24,8,8,8,7,6,6,2020-08-01,2,0,0,2,-100,"&#x2798;",21974,0,0,9.10166560480568
"Vlissingen","GM0718",2020-10-24,10,9,9,9,9,9,2020-08-01,1,1,1,1,100,"&#x279A;",44132,2.26592948427445,2.26592948427445,2.26592948427445
"De Ronde Venen","GM0736",2020-10-24,47,45,43,43,41,39,2020-08-01,8,2,4,6,100,"&#x279A;",44636,4.4806882337127,8.9613764674254,13.4420647011381
"Tytsjerksteradiel","GM0737",2020-10-24,7,7,7,7,6,4,2020-08-01,3,0,0,1,-100,"&#x2798;",32079,0,0,3.11730415536644
"Asten","GM0743",2020-10-24,18,18,18,18,18,18,2020-08-01,0,0,0,0,0,"-",16718,0,0,0
"Baarle-Nassau","GM0744",2020-10-24,9,9,9,9,9,9,2020-08-01,0,0,0,0,0,"-",6876,0,0,0
"Bergen op Zoom","GM0748",2020-10-24,42,42,39,38,33,25,2020-08-01,17,0,3,9,-50,"&#x2798;",67667,0,4.43347569716405,13.3004270914922
"Best","GM0753",2020-10-24,33,33,31,31,31,31,2020-08-01,2,0,2,2,200,"&#x279A;&#x279A;",30073,0,6.6504838226981,6.6504838226981
"Boekel","GM0755",2020-10-24,36,36,36,36,34,34,2020-08-01,2,0,0,2,-100,"&#x2798;",10872,0,0,18.3958793230316
"Boxmeer","GM0756",2020-10-24,20,20,20,20,20,20,2020-08-01,0,0,0,0,0,"-",29465,0,0,0
"Boxtel","GM0757",2020-10-24,24,24,24,24,24,24,2020-08-01,0,0,0,0,0,"-",30807,0,0,0
"Breda","GM0758",2020-10-24,172,170,159,158,155,146,2020-08-01,26,2,13,17,225,"&#x279A;&#x279A;",183790,1.0881984874041,7.07329016812667,9.24968714293487
"Deurne","GM0762",2020-10-24,58,58,57,57,56,55,2020-08-01,3,0,1,2,0,"-",32466,0,3.08014538286207,6.16029076572414
"Pekela","GM0765",2020-10-24,5,5,5,5,4,4,2020-08-01,1,0,0,1,-100,"&#x2798;",12172,0,0,8.21557673348669
"Dongen","GM0766",2020-10-24,24,24,22,22,21,20,2020-08-01,4,0,2,3,100,"&#x279A;",26345,0,7.59157335357753,11.3873600303663
"Eersel","GM0770",2020-10-24,29,29,28,28,27,27,2020-08-01,2,0,1,2,0,"-",19418,0,5.14986095375425,10.2997219075085
"Eindhoven","GM0772",2020-10-24,205,198,193,193,190,182,2020-08-01,23,7,12,15,300,"&#x279A;&#x279A;",233983,2.99167033502434,5.12857771718458,6.41072214648073
"Etten-Leur","GM0777",2020-10-24,47,47,45,45,43,41,2020-08-01,6,0,2,4,0,"-",43896,0,4.55622380171314,9.11244760342628
"Geertruidenberg","GM0779",2020-10-24,13,13,13,13,13,11,2020-08-01,2,0,0,0,0,"-",21670,0,0,0
"Gilze en Rijen","GM0784",2020-10-24,21,21,20,20,20,20,2020-08-01,1,0,1,1,100,"&#x279A;",26551,0,3.76633648450153,3.76633648450153
"Goirle","GM0785",2020-10-24,33,32,32,32,32,32,2020-08-01,1,1,1,1,100,"&#x279A;",23823,4.19762414473408,4.19762414473408,4.19762414473408
"Grave","GM0786",2020-10-24,21,21,21,21,21,21,2020-08-01,0,0,0,0,0,"-",12452,0,0,0
"Haaren","GM0788",2020-10-24,20,20,19,19,19,18,2020-08-01,2,0,1,1,100,"&#x279A;",14316,0,6.9851913942442,6.9851913942442
"Helmond","GM0794",2020-10-24,124,123,122,122,119,115,2020-08-01,9,1,2,5,-33.3333333333333,"&#x2798;",92420,1.08201687946332,2.16403375892664,5.4100843973166
"'s-Hertogenbosch","GM0796",2020-10-24,145,144,140,140,137,128,2020-08-01,17,1,5,8,66.6666666666667,"&#x279A;",155409,0.643463377281882,3.21731688640941,5.14770701825506
"Heusden","GM0797",2020-10-24,49,48,47,46,46,45,2020-08-01,4,1,2,3,100,"&#x279A;",44897,2.22732031093392,4.45464062186783,6.68196093280175
"Hilvarenbeek","GM0798",2020-10-24,12,12,10,10,10,9,2020-08-01,3,0,2,2,200,"&#x279A;&#x279A;",15617,0,12.8065569571621,12.8065569571621
"Loon op Zand","GM0809",2020-10-24,29,29,28,27,27,24,2020-08-01,5,0,1,2,0,"-",23466,0,4.26148470126992,8.52296940253984
"Mill en Sint Hubert","GM0815",2020-10-24,9,9,9,9,9,9,2020-08-01,0,0,0,0,0,"-",11007,0,0,0
"Nuenen, Gerwen en Nederwetten","GM0820",2020-10-24,19,19,18,18,18,18,2020-08-01,1,0,1,1,100,"&#x279A;",23526,0,4.25061633936921,4.25061633936921
"Oirschot","GM0823",2020-10-24,17,17,14,14,13,13,2020-08-01,4,0,3,4,200,"&#x279A;&#x279A;",18832,0,15.9303313508921,21.2404418011895
"Oisterwijk","GM0824",2020-10-24,27,27,26,26,24,23,2020-08-01,4,0,1,3,-50,"&#x2798;",26344,0,3.7959307622229,11.3877922866687
"Oosterhout","GM0826",2020-10-24,52,52,52,52,51,48,2020-08-01,4,0,0,1,-100,"&#x2798;",56232,0,0,1.77834684876938
"Oss","GM0828",2020-10-24,175,175,173,173,172,165,2020-08-01,10,0,2,3,100,"&#x279A;",92229,0,2.16851532598207,3.2527729889731
"Rucphen","GM0840",2020-10-24,14,14,12,12,11,10,2020-08-01,4,0,2,3,100,"&#x279A;",23009,0,8.69225085835977,13.0383762875397
"Sint-Michielsgestel","GM0845",2020-10-24,37,37,37,37,37,36,2020-08-01,1,0,0,0,0,"-",29422,0,0,0
"Someren","GM0847",2020-10-24,34,34,33,33,33,33,2020-08-01,1,0,1,1,100,"&#x279A;",19331,0,5.17303812529098,5.17303812529098
"Son en Breugel","GM0848",2020-10-24,31,31,31,31,31,31,2020-08-01,0,0,0,0,0,"-",17465,0,0,0
"Steenbergen","GM0851",2020-10-24,18,18,16,15,13,13,2020-08-01,5,0,2,5,-33.3333333333333,"&#x2798;",24302,0,8.22977532713357,20.5744383178339
"Waterland","GM0852",2020-10-24,20,19,17,17,17,16,2020-08-01,4,1,3,3,300,"&#x279A;&#x279A;",17393,5.74943942965561,17.2483182889668,17.2483182889668
"Tilburg","GM0855",2020-10-24,265,264,262,261,260,250,2020-08-01,15,1,3,5,50,"&#x279A;",219599,0.455375479851912,1.36612643955574,2.27687739925956
"Uden","GM0856",2020-10-24,115,115,115,115,115,115,2020-08-01,0,0,0,0,0,"-",42163,0,0,0
"Valkenswaard","GM0858",2020-10-24,23,22,20,20,19,19,2020-08-01,4,1,3,4,200,"&#x279A;&#x279A;",31230,3.2020493115594,9.60614793467819,12.8081972462376
"Veldhoven","GM0861",2020-10-24,36,36,31,31,31,31,2020-08-01,5,0,5,5,500,"&#x279A;&#x279A;",45625,0,10.958904109589,10.958904109589
"Vught","GM0865",2020-10-24,43,43,43,43,43,42,2020-08-01,1,0,0,0,0,"-",26709,0,0,0
"Waalre","GM0866",2020-10-24,8,8,8,8,7,7,2020-08-01,1,0,0,1,-100,"&#x2798;",17518,0,0,5.70841420253454
"Waalwijk","GM0867",2020-10-24,42,42,40,40,40,36,2020-08-01,6,0,2,2,200,"&#x279A;&#x279A;",48754,0,4.10222750953768,4.10222750953768
"Woensdrecht","GM0873",2020-10-24,8,8,7,7,7,5,2020-08-01,3,0,1,1,100,"&#x279A;",21954,0,4.55497859160062,4.55497859160062
"Zundert","GM0879",2020-10-24,24,24,24,24,24,24,2020-08-01,0,0,0,0,0,"-",22141,0,0,0
"Wormerland","GM0880",2020-10-24,21,21,21,21,20,20,2020-08-01,1,0,0,1,-100,"&#x2798;",16203,0,0,6.17169659939517
"Landgraaf","GM0882",2020-10-24,54,54,53,53,53,52,2020-08-01,2,0,1,1,100,"&#x279A;",37267,0,2.68333914723482,2.68333914723482
"Beek","GM0888",2020-10-24,17,17,17,17,16,16,2020-08-01,1,0,0,1,-100,"&#x2798;",15889,0,0,6.29366228208194
"Beesel","GM0889",2020-10-24,20,20,20,20,20,20,2020-08-01,0,0,0,0,0,"-",13439,0,0,0
"Bergen (L.)","GM0893",2020-10-24,9,9,8,7,7,7,2020-08-01,2,0,1,2,0,"-",13089,0,7.64000305600122,15.2800061120024
"Brunssum","GM0899",2020-10-24,50,50,48,47,46,44,2020-08-01,6,0,2,4,0,"-",27709,0,7.21787144970948,14.435742899419
"Gennep","GM0907",2020-10-24,17,17,17,17,17,16,2020-08-01,1,0,0,0,0,"-",16968,0,0,0
"Heerlen","GM0917",2020-10-24,129,128,127,127,126,125,2020-08-01,4,1,2,3,100,"&#x279A;",86915,1.15054938733245,2.3010987746649,3.45164816199735
"Kerkrade","GM0928",2020-10-24,68,66,65,64,64,64,2020-08-01,4,2,3,4,200,"&#x279A;&#x279A;",45527,4.39299756188635,6.58949634282953,8.78599512377271
"Maastricht","GM0935",2020-10-24,198,197,193,193,193,186,2020-08-01,12,1,5,5,500,"&#x279A;&#x279A;",118636,0.842914461040494,4.21457230520247,4.21457230520247
"Meerssen","GM0938",2020-10-24,23,23,23,23,23,22,2020-08-01,1,0,0,0,0,"-",18759,0,0,0
"Mook en Middelaar","GM0944",2020-10-24,7,7,7,7,7,6,2020-08-01,1,0,0,0,0,"-",7879,0,0,0
"Nederweert","GM0946",2020-10-24,33,33,32,32,31,31,2020-08-01,2,0,1,2,0,"-",17086,0,5.85274493737563,11.7054898747513
"Roermond","GM0957",2020-10-24,65,65,64,63,62,59,2020-08-01,6,0,1,3,-50,"&#x2798;",58620,0,1.70590242238144,5.11770726714432
"Simpelveld","GM0965",2020-10-24,19,19,19,19,19,19,2020-08-01,0,0,0,0,0,"-",10515,0,0,0
"Stein","GM0971",2020-10-24,46,46,45,45,44,43,2020-08-01,3,0,1,2,0,"-",24935,0,4.01042711048727,8.02085422097453
"Vaals","GM0981",2020-10-24,10,10,10,10,10,10,2020-08-01,0,0,0,0,0,"-",10055,0,0,0
"Venlo","GM0983",2020-10-24,139,139,138,137,135,129,2020-08-01,10,0,1,4,-66.6666666666667,"&#x2798;",101853,0,0.981807114174349,3.9272284566974
"Venray","GM0984",2020-10-24,38,38,38,38,37,37,2020-08-01,1,0,0,1,-100,"&#x2798;",43707,0,0,2.28796302651749
"Voerendaal","GM0986",2020-10-24,17,17,17,17,17,17,2020-08-01,0,0,0,0,0,"-",12459,0,0,0
"Weert","GM0988",2020-10-24,69,69,69,68,68,67,2020-08-01,2,0,0,1,-100,"&#x2798;",50109,0,0,1.99564948412461
"Valkenburg aan de Geul","GM0994",2020-10-24,20,20,19,19,19,19,2020-08-01,1,0,1,1,100,"&#x279A;",16399,0,6.09793280078054,6.09793280078054
"Lelystad","GM0995",2020-10-24,80,80,79,79,74,63,2020-08-01,17,0,1,6,-80,"&#x2798;",79284,0,1.26128853236466,7.56773119418798
"Horst aan de Maas","GM1507",2020-10-24,41,41,41,41,41,41,2020-08-01,0,0,0,0,0,"-",42416,0,0,0
"Oude IJsselstreek","GM1509",2020-10-24,23,23,23,23,22,21,2020-08-01,2,0,0,1,-100,"&#x2798;",39331,0,0,2.54252370903359
"Teylingen","GM1525",2020-10-24,18,18,17,17,17,14,2020-08-01,4,0,1,1,100,"&#x279A;",37655,0,2.65568981542956,2.65568981542956
"Utrechtse Heuvelrug","GM1581",2020-10-24,31,31,29,29,29,28,2020-08-01,3,0,2,2,200,"&#x279A;&#x279A;",49784,0,4.01735497348546,4.01735497348546
"Oost Gelre","GM1586",2020-10-24,21,21,18,18,18,18,2020-08-01,3,0,3,3,300,"&#x279A;&#x279A;",29644,0,10.1200917554986,10.1200917554986
"Koggenland","GM1598",2020-10-24,8,8,7,7,7,6,2020-08-01,2,0,1,1,100,"&#x279A;",22864,0,4.37368789363191,4.37368789363191
"Lansingerland","GM1621",2020-10-24,49,49,49,49,47,43,2020-08-01,6,0,0,2,-100,"&#x2798;",62882,0,0,3.18056041474508
"Leudal","GM1640",2020-10-24,54,54,54,54,54,53,2020-08-01,1,0,0,0,0,"-",35999,0,0,0
"Maasgouw","GM1641",2020-10-24,28,28,28,28,28,27,2020-08-01,1,0,0,0,0,"-",23936,0,0,0
"Gemert-Bakel","GM1652",2020-10-24,79,79,79,79,79,79,2020-08-01,0,0,0,0,0,"-",30693,0,0,0
"Halderberge","GM1655",2020-10-24,23,23,18,18,16,14,2020-08-01,9,0,5,7,150,"&#x279A;&#x279A;",30314,0,16.4940291614436,23.091640826021
"Heeze-Leende","GM1658",2020-10-24,17,17,16,16,16,16,2020-08-01,1,0,1,1,100,"&#x279A;",16217,0,6.16636862551643,6.16636862551643
"Laarbeek","GM1659",2020-10-24,42,41,41,41,41,41,2020-08-01,1,1,1,1,100,"&#x279A;",22665,4.41208912420031,4.41208912420031,4.41208912420031
"Reusel-De Mierden","GM1667",2020-10-24,15,15,13,13,12,11,2020-08-01,4,0,2,3,100,"&#x279A;",13066,0,15.3069034134395,22.9603551201592
"Roerdalen","GM1669",2020-10-24,27,27,27,27,27,27,2020-08-01,0,0,0,0,0,"-",20552,0,0,0
"Roosendaal","GM1674",2020-10-24,45,44,41,41,36,28,2020-08-01,17,1,4,9,-20,"&#x2798;",77308,1.29352718994153,5.17410875976613,11.6417447094738
"Schouwen-Duiveland","GM1676",2020-10-24,12,12,12,12,12,11,2020-08-01,1,0,0,0,0,"-",34012,0,0,0
"Aa en Hunze","GM1680",2020-10-24,1,1,1,1,1,1,2020-08-01,0,0,0,0,0,"-",25393,0,0,0
"Borger-Odoorn","GM1681",2020-10-24,8,8,5,5,4,4,2020-08-01,4,0,3,4,200,"&#x279A;&#x279A;",25554,0,11.7398450340456,15.6531267120607
"Cuijk","GM1684",2020-10-24,13,13,13,12,12,12,2020-08-01,1,0,0,1,-100,"&#x2798;",25291,0,0,3.95397572258906
"Landerd","GM1685",2020-10-24,42,42,42,42,42,39,2020-08-01,3,0,0,0,0,"-",15761,0,0,0
"De Wolden","GM1690",2020-10-24,14,14,12,12,11,11,2020-08-01,3,0,2,3,100,"&#x279A;",24357,0,8.21119185449768,12.3167877817465
"Noord-Beveland","GM1695",2020-10-24,1,1,1,1,1,1,2020-08-01,0,0,0,0,0,"-",7560,0,0,0
"Wijdemeren","GM1696",2020-10-24,11,11,9,9,9,8,2020-08-01,3,0,2,2,200,"&#x279A;&#x279A;",24414,0,8.19202097157369,8.19202097157369
"Noordenveld","GM1699",2020-10-24,6,6,6,6,4,4,2020-08-01,2,0,0,2,-100,"&#x2798;",31270,0,0,6.39590661976335
"Twenterand","GM1700",2020-10-24,12,12,12,12,12,12,2020-08-01,0,0,0,0,0,"-",33729,0,0,0
"Westerveld","GM1701",2020-10-24,9,9,9,9,9,9,2020-08-01,0,0,0,0,0,"-",19573,0,0,0
"Sint Anthonis","GM1702",2020-10-24,21,21,21,20,20,20,2020-08-01,1,0,0,1,-100,"&#x2798;",11662,0,0,8.5748585148345
"Lingewaard","GM1705",2020-10-24,38,38,35,35,36,31,2020-08-01,7,0,3,2,300,"&#x279A;&#x279A;",46723,0,6.42082058087023,4.28054705391349
"Cranendonck","GM1706",2020-10-24,63,63,63,63,63,63,2020-08-01,0,0,0,0,0,"-",20941,0,0,0
"Steenwijkerland","GM1708",2020-10-24,15,15,15,15,15,14,2020-08-01,1,0,0,0,0,"-",44258,0,0,0
"Moerdijk","GM1709",2020-10-24,19,19,18,18,17,14,2020-08-01,5,0,1,2,0,"-",37184,0,2.68932874354561,5.37865748709122
"Echt-Susteren","GM1711",2020-10-24,43,43,40,40,40,39,2020-08-01,4,0,3,3,300,"&#x279A;&#x279A;",31654,0,9.47747520060656,9.47747520060656
"Sluis","GM1714",2020-10-24,9,9,9,9,9,9,2020-08-01,0,0,0,0,0,"-",23173,0,0,0
"Drimmelen","GM1719",2020-10-24,21,21,21,21,21,18,2020-08-01,3,0,0,0,0,"-",27251,0,0,0
"Bernheze","GM1721",2020-10-24,96,96,96,96,95,95,2020-08-01,1,0,0,1,-100,"&#x2798;",31313,0,0,3.19356177945262
"Alphen-Chaam","GM1723",2020-10-24,18,18,18,18,18,18,2020-08-01,0,0,0,0,0,"-",10298,0,0,0
"Bergeijk","GM1724",2020-10-24,19,19,19,19,19,19,2020-08-01,0,0,0,0,0,"-",18674,0,0,0
"Bladel","GM1728",2020-10-24,23,23,22,22,21,21,2020-08-01,2,0,1,2,0,"-",20531,0,4.87068335687497,9.74136671374994
"Gulpen-Wittem","GM1729",2020-10-24,24,23,22,22,22,21,2020-08-01,3,1,2,2,200,"&#x279A;&#x279A;",14205,7.03977472720873,14.0795494544175,14.0795494544175
"Tynaarlo","GM1730",2020-10-24,11,11,11,9,9,9,2020-08-01,2,0,0,2,-100,"&#x2798;",33842,0,0,5.90981620471603
"Midden-Drenthe","GM1731",2020-10-24,6,6,6,6,6,6,2020-08-01,0,0,0,0,0,"-",33280,0,0,0
"Overbetuwe","GM1734",2020-10-24,60,60,58,57,56,55,2020-08-01,5,0,2,4,0,"-",48057,0,4.16172461868198,8.32344923736396
"Hof van Twente","GM1735",2020-10-24,18,18,18,18,15,15,2020-08-01,3,0,0,3,-100,"&#x2798;",35129,0,0,8.53995274559481
"Neder-Betuwe","GM1740",2020-10-24,42,42,41,41,41,37,2020-08-01,5,0,1,1,100,"&#x279A;",24526,0,4.07730571638261,4.07730571638261
"Rijssen-Holten","GM1742",2020-10-24,30,30,29,29,29,29,2020-08-01,1,0,1,1,100,"&#x279A;",38227,0,2.61595207575797,2.61595207575797
"Geldrop-Mierlo","GM1771",2020-10-24,35,35,35,35,34,33,2020-08-01,2,0,0,1,-100,"&#x2798;",39997,0,0,2.50018751406355
"Olst-Wijhe","GM1773",2020-10-24,12,12,12,12,12,12,2020-08-01,0,0,0,0,0,"-",18300,0,0,0
"Dinkelland","GM1774",2020-10-24,21,21,20,20,20,20,2020-08-01,1,0,1,1,100,"&#x279A;",26545,0,3.76718779431155,3.76718779431155
"Westland","GM1783",2020-10-24,69,69,67,66,65,57,2020-08-01,12,0,2,4,0,"-",110974,0,1.80222394434732,3.60444788869465
"Midden-Delfland","GM1842",2020-10-24,5,5,5,5,5,4,2020-08-01,1,0,0,0,0,"-",19406,0,0,0
"Berkelland","GM1859",2020-10-24,18,18,14,14,14,12,2020-08-01,6,0,4,4,400,"&#x279A;&#x279A;",43845,0,9.12304709773064,9.12304709773064
"Bronckhorst","GM1876",2020-10-24,18,18,18,18,17,17,2020-08-01,1,0,0,1,-100,"&#x2798;",36077,0,0,2.77184910053497
"Sittard-Geleen","GM1883",2020-10-24,124,124,122,122,120,115,2020-08-01,9,0,2,4,0,"-",91928,0,2.17561569924289,4.35123139848577
"Kaag en Braassem","GM1884",2020-10-24,8,8,8,8,8,7,2020-08-01,1,0,0,0,0,"-",27492,0,0,0
"Dantumadiel","GM1891",2020-10-24,2,2,2,2,2,2,2020-08-01,0,0,0,0,0,"-",18928,0,0,0
"Zuidplas","GM1892",2020-10-24,31,31,30,29,28,24,2020-08-01,7,0,1,3,-50,"&#x2798;",44750,0,2.23463687150838,6.70391061452514
"Peel en Maas","GM1894",2020-10-24,145,145,144,144,144,144,2020-08-01,1,0,1,1,100,"&#x279A;",43561,0,2.29563141342026,2.29563141342026
"Oldambt","GM1895",2020-10-24,10,10,10,10,8,7,2020-08-01,3,0,0,2,-100,"&#x2798;",38274,0,0,5.22547943773841
"Zwartewaterland","GM1896",2020-10-24,35,35,35,35,35,35,2020-08-01,0,0,0,0,0,"-",22755,0,0,0
"Súdwest-Fryslân","GM1900",2020-10-24,21,21,19,19,19,18,2020-08-01,3,0,2,2,200,"&#x279A;&#x279A;",89976,0,2.22281497288166,2.22281497288166
"Bodegraven-Reeuwijk","GM1901",2020-10-24,12,11,10,10,9,7,2020-08-01,5,1,2,3,100,"&#x279A;",35157,2.84438376425747,5.68876752851495,8.53315129277242
"Eijsden-Margraten","GM1903",2020-10-24,57,57,55,55,54,54,2020-08-01,3,0,2,3,100,"&#x279A;",25775,0,7.75945683802134,11.639185257032
"Stichtse Vecht","GM1904",2020-10-24,46,46,43,43,42,34,2020-08-01,12,0,3,4,200,"&#x279A;&#x279A;",65087,0,4.60921535790557,6.14562047720743
"Hollands Kroon","GM1911",2020-10-24,26,26,26,26,26,26,2020-08-01,0,0,0,0,0,"-",48637,0,0,0
"Leidschendam-Voorburg","GM1916",2020-10-24,36,36,36,35,34,21,2020-08-01,15,0,0,2,-100,"&#x2798;",76387,0,0,2.61824656027858
"Goeree-Overflakkee","GM1924",2020-10-24,58,57,57,57,57,54,2020-08-01,4,1,1,1,100,"&#x279A;",50356,1.98586067201525,1.98586067201525,1.98586067201525
"Pijnacker-Nootdorp","GM1926",2020-10-24,31,31,30,30,30,24,2020-08-01,7,0,1,1,100,"&#x279A;",55360,0,1.80635838150289,1.80635838150289
"Nissewaard","GM1930",2020-10-24,69,68,67,67,64,56,2020-08-01,13,1,2,5,-33.3333333333333,"&#x2798;",85173,1.17408098810656,2.34816197621312,5.8704049405328
"Krimpenerwaard","GM1931",2020-10-24,52,52,50,50,47,45,2020-08-01,7,0,2,5,-33.3333333333333,"&#x2798;",56353,0,3.54905683814526,8.87264209536316
"De Fryske Marren","GM1940",2020-10-24,22,22,21,20,19,16,2020-08-01,6,0,1,3,-50,"&#x2798;",51678,0,1.93505940632377,5.80517821897132
"Gooise Meren","GM1942",2020-10-24,27,27,27,27,25,23,2020-08-01,4,0,0,2,-100,"&#x2798;",58247,0,0,3.43365323535976
"Berg en Dal","GM1945",2020-10-24,36,36,34,34,32,29,2020-08-01,7,0,2,4,0,"-",34972,0,5.71886080292806,11.4377216058561
"Meierijstad","GM1948",2020-10-24,213,213,211,211,211,211,2020-08-01,2,0,2,2,200,"&#x279A;&#x279A;",81467,0,2.45498177176034,2.45498177176034
"Waadhoeke","GM1949",2020-10-24,14,14,13,13,13,12,2020-08-01,2,0,1,1,100,"&#x279A;",46098,0,2.16929150939303,2.16929150939303
"Westerwolde","GM1950",2020-10-24,11,11,11,11,7,5,2020-08-01,6,0,0,4,-100,"&#x2798;",25719,0,0,15.5527042264474
"Midden-Groningen","GM1952",2020-10-24,10,10,7,7,7,6,2020-08-01,4,0,3,3,300,"&#x279A;&#x279A;",60720,0,4.94071146245059,4.94071146245059
"Beekdaelen","GM1954",2020-10-24,52,52,52,52,52,52,2020-08-01,0,0,0,0,0,"-",35916,0,0,0
"Montferland","GM1955",2020-10-24,25,24,23,22,22,21,2020-08-01,4,1,2,3,100,"&#x279A;",36052,2.77377121934983,5.54754243869966,8.32131365804949
"Altena","GM1959",2020-10-24,38,38,37,37,35,32,2020-08-01,6,0,1,3,-50,"&#x2798;",56194,0,1.77954941808734,5.33864825426202
"West Betuwe","GM1960",2020-10-24,49,49,47,47,44,43,2020-08-01,6,0,2,5,-33.3333333333333,"&#x2798;",51281,0,3.90007995163901,9.75019987909752
"Vijfheerenlanden","GM1961",2020-10-24,46,45,42,42,40,34,2020-08-01,12,1,4,6,100,"&#x279A;",57525,1.73837461973055,6.95349847892221,10.4302477183833
"Hoeksche Waard","GM1963",2020-10-24,82,82,82,82,81,76,2020-08-01,6,0,0,1,-100,"&#x2798;",87614,0,0,1.14137010066884
"Het Hogeland","GM1966",2020-10-24,7,7,7,7,8,7,2020-08-01,0,0,0,-1,0,"-",47878,0,0,-2.08864196499436
"Westerkwartier","GM1969",2020-10-24,19,19,19,19,16,14,2020-08-01,5,0,0,3,-100,"&#x2798;",63458,0,0,4.72753632323742
"Noardeast-Fryslân","GM1970",2020-10-24,7,7,7,7,7,6,2020-08-01,1,0,0,0,0,"-",45433,0,0,0
"Molenlanden","GM1978",2020-10-24,20,20,20,20,20,18,2020-08-01,2,0,0,0,0,"-",44042,0,0,0
