"municipality","Municipality_code","date","d0","d1","d7","d8","d14","dec1","lowest_since_dec1","lowest_since_dec1_date","current","increase_1d","increase_7d","increase_14d","increase_growth","growth","population","rel_increase_1d","rel_increase_7d","rel_increase_14d"
"Netherlands","",2021-01-07,36046,35991,34649,34396,32688,27902,27902,2020-12-01,8144,55,1397,3358,-28.7608363080061,"&#x2798;",17443797,0.315298326390751,8.00857749032507,19.2503960003662
"Unknown","",2021-01-07,1054,1052,1018,1011,957,817,817,2020-12-01,237,2,36,97,-40.9836065573771,"&#x2798;",NA,NA,NA,NA
"Groningen","GM0014",2021-01-07,128,128,118,115,108,76,76,2020-12-01,52,0,10,20,0,"-",233456,0,4.2834624083339,8.56692481666781
"Almere","GM0034",2021-01-07,130,130,123,114,104,86,86,2020-12-01,44,0,7,26,-63.1578947368421,"&#x2798;",214551,0,3.26262753377985,12.1183308397537
"Stadskanaal","GM0037",2021-01-07,35,35,34,34,32,21,21,2020-12-01,14,0,1,3,-50,"&#x2798;",31702,0,3.15437511828907,9.4631253548672
"Veendam","GM0047",2021-01-07,26,26,25,25,19,13,13,2020-12-01,13,0,1,7,-83.3333333333333,"&#x2798;",27416,0,3.64750510650715,25.53253574555
"Zeewolde","GM0050",2021-01-07,36,36,34,34,29,20,20,2020-12-01,16,0,2,7,-60,"&#x2798;",22836,0,8.75810124365038,30.6533543527763
"Achtkarspelen","GM0059",2021-01-07,17,17,17,17,15,10,10,2020-12-01,7,0,0,2,-100,"&#x2798;",27881,0,0,7.17334385423765
"Ameland","GM0060",2021-01-07,3,3,3,3,2,0,0,2020-12-01,3,0,0,1,-100,"&#x2798;",3747,0,0,26.6880170803309
"Harlingen","GM0072",2021-01-07,10,10,9,9,7,7,7,2020-12-01,3,0,1,3,-50,"&#x2798;",15835,0,6.31512472371329,18.9453741711399
"Heerenveen","GM0074",2021-01-07,42,42,40,40,38,32,32,2020-12-01,10,0,2,4,0,"-",50626,0,3.95053924860744,7.90107849721487
"Leeuwarden","GM0080",2021-01-07,96,96,88,87,80,65,65,2020-12-01,31,0,8,16,0,"-",124517,0,6.42482552583181,12.8496510516636
"Ooststellingwerf","GM0085",2021-01-07,21,21,21,21,20,16,16,2020-12-01,5,0,0,1,-100,"&#x2798;",25437,0,0,3.93128120454456
"Opsterland","GM0086",2021-01-07,26,26,22,21,20,16,16,2020-12-01,10,0,4,6,100,"&#x279A;",29812,0,13.4174158057158,20.1261237085737
"Schiermonnikoog","GM0088",2021-01-07,1,1,1,1,1,1,1,2020-12-01,0,0,0,0,0,"-",936,0,0,0
"Smallingerland","GM0090",2021-01-07,46,45,41,41,36,29,29,2020-12-01,17,1,5,10,0,"-",56060,1.78380306814128,8.91901534070639,17.8380306814128
"Terschelling","GM0093",2021-01-07,1,1,1,1,1,1,1,2020-12-01,0,0,0,0,0,"-",4883,0,0,0
"Vlieland","GM0096",2021-01-07,0,0,0,0,0,0,0,2020-12-01,0,0,0,0,0,"-",1200,0,0,0
"Weststellingwerf","GM0098",2021-01-07,15,15,15,15,14,10,10,2020-12-01,5,0,0,1,-100,"&#x2798;",26112,0,0,3.8296568627451
"Assen","GM0106",2021-01-07,58,58,55,53,47,35,35,2020-12-01,23,0,3,11,-62.5,"&#x2798;",68812,0,4.35970470266814,15.9855839097832
"Coevorden","GM0109",2021-01-07,53,52,48,45,42,28,28,2020-12-01,25,1,5,11,-16.6666666666667,"&#x2798;",35309,2.83213911467331,14.1606955733666,31.1535302614064
"Emmen","GM0114",2021-01-07,156,155,146,146,141,116,116,2020-12-01,40,1,10,15,100,"&#x279A;",106984,0.934719210349211,9.34719210349211,14.0207881552382
"Hoogeveen","GM0118",2021-01-07,93,93,86,86,72,56,56,2020-12-01,37,0,7,21,-50,"&#x2798;",55604,0,12.5890223724912,37.7670671174736
"Meppel","GM0119",2021-01-07,24,24,20,19,13,11,11,2020-12-01,13,0,4,11,-42.8571428571429,"&#x2798;",34324,0,11.6536534203473,32.047546905955
"Almelo","GM0141",2021-01-07,229,228,214,213,202,166,166,2020-12-01,63,1,15,27,25,"&#x279A;",73180,1.36649357748019,20.4974036622028,36.895326591965
"Borne","GM0147",2021-01-07,55,55,52,52,48,38,38,2020-12-01,17,0,3,7,-25,"&#x2798;",23637,0,12.6919659855312,29.6145872995727
"Dalfsen","GM0148",2021-01-07,28,27,25,25,21,13,13,2020-12-01,15,1,3,7,-25,"&#x2798;",28919,3.45793423009094,10.3738026902728,24.2055396106366
"Deventer","GM0150",2021-01-07,185,185,178,177,167,133,133,2020-12-01,52,0,7,18,-36.3636363636364,"&#x2798;",101100,0,6.92383778437191,17.8041543026706
"Enschede","GM0153",2021-01-07,344,342,325,325,297,239,239,2020-12-01,105,2,19,47,-32.1428571428571,"&#x2798;",159872,1.25100080064051,11.8845076060849,29.398518815052
"Haaksbergen","GM0158",2021-01-07,62,62,59,59,58,47,47,2020-12-01,15,0,3,4,200,"&#x279A;",24237,0,12.3777695259314,16.5036927012419
"Hardenberg","GM0160",2021-01-07,80,80,75,71,61,47,47,2020-12-01,33,0,5,19,-64.2857142857143,"&#x2798;",61327,0,8.15301580054462,30.9814600420696
"Hellendoorn","GM0163",2021-01-07,65,64,56,56,51,37,37,2020-12-01,28,1,9,14,80,"&#x279A;",35903,2.78528256691641,25.0675431022477,38.9939559368298
"Hengelo (O.)","GM0164",2021-01-07,169,169,160,158,146,127,127,2020-12-01,42,0,9,23,-35.7142857142857,"&#x2798;",81099,0,11.0975474420153,28.3603990184836
"Kampen","GM0166",2021-01-07,49,49,47,47,43,40,40,2020-12-01,9,0,2,6,-50,"&#x2798;",54438,0,3.67390425805503,11.0217127741651
"Losser","GM0168",2021-01-07,69,68,64,64,61,41,41,2020-12-01,28,1,5,8,66.6666666666667,"&#x279A;",22867,4.37311409454673,21.8655704727336,34.9849127563738
"Noordoostpolder","GM0171",2021-01-07,47,46,39,39,35,26,26,2020-12-01,21,1,8,12,100,"&#x279A;",47597,2.10097275038343,16.8077820030674,25.2116730046011
"Oldenzaal","GM0173",2021-01-07,85,84,81,81,77,58,58,2020-12-01,27,1,4,8,0,"-",31734,3.1511943026407,12.6047772105628,25.2095544211256
"Ommen","GM0175",2021-01-07,32,32,28,28,26,19,19,2020-12-01,13,0,4,6,100,"&#x279A;",18272,0,21.8914185639229,32.8371278458844
"Raalte","GM0177",2021-01-07,50,49,49,49,46,36,36,2020-12-01,14,1,1,4,-66.6666666666667,"&#x2798;",37920,2.63713080168776,2.63713080168776,10.5485232067511
"Staphorst","GM0180",2021-01-07,28,28,24,24,18,15,15,2020-12-01,13,0,4,10,-33.3333333333333,"&#x2798;",17276,0,23.1535077564251,57.8837693910627
"Tubbergen","GM0183",2021-01-07,49,49,46,46,44,39,39,2020-12-01,10,0,3,5,50,"&#x279A;",21322,0,14.0699746740456,23.449957790076
"Urk","GM0184",2021-01-07,65,64,62,61,60,45,45,2020-12-01,20,1,3,5,50,"&#x279A;",21208,4.7152018106375,14.1456054319125,23.5760090531875
"Wierden","GM0189",2021-01-07,62,62,58,58,55,38,38,2020-12-01,24,0,4,7,33.3333333333333,"&#x279A;",24532,0,16.3052339801076,28.5341594651883
"Zwolle","GM0193",2021-01-07,71,71,67,67,54,45,45,2020-12-01,26,0,4,17,-69.2307692307692,"&#x2798;",129697,0,3.08411142894593,13.1074735730202
"Aalten","GM0197",2021-01-07,38,38,37,36,33,24,24,2020-12-01,14,0,1,5,-75,"&#x2798;",27133,0,3.68554896251797,18.4277448125898
"Apeldoorn","GM0200",2021-01-07,306,306,285,282,264,224,224,2020-12-01,82,0,21,42,0,"-",164717,0,12.7491394330883,25.4982788661765
"Arnhem","GM0202",2021-01-07,120,118,116,115,104,67,67,2020-12-01,53,2,4,16,-66.6666666666667,"&#x2798;",162353,1.23188361163637,2.46376722327274,9.85506889309098
"Barneveld","GM0203",2021-01-07,94,94,87,85,79,64,64,2020-12-01,30,0,7,15,-12.5,"&#x2798;",59938,0,11.6787346925156,25.0258600553906
"Beuningen","GM0209",2021-01-07,48,48,47,46,41,37,37,2020-12-01,11,0,1,7,-83.3333333333333,"&#x2798;",26159,0,3.82277610000382,26.7594327000268
"Brummen","GM0213",2021-01-07,34,34,31,31,25,21,21,2020-12-01,13,0,3,9,-50,"&#x2798;",20867,0,14.3767671442948,43.1303014328845
"Buren","GM0214",2021-01-07,70,70,67,66,62,47,47,2020-12-01,23,0,3,8,-40,"&#x2798;",26997,0,11.1123458162018,29.6329221765381
"Culemborg","GM0216",2021-01-07,71,71,71,71,71,60,60,2020-12-01,11,0,0,0,0,"-",29132,0,0,0
"Doesburg","GM0221",2021-01-07,17,17,15,14,14,10,10,2020-12-01,7,0,2,3,100,"&#x279A;",11061,0,18.08154778049,27.122321670735
"Doetinchem","GM0222",2021-01-07,88,87,81,80,75,66,66,2020-12-01,22,1,7,13,16.6666666666667,"&#x279A;",58227,1.71741631888986,12.021914232229,22.3264121455682
"Druten","GM0225",2021-01-07,60,60,59,58,56,47,47,2020-12-01,13,0,1,4,-66.6666666666667,"&#x2798;",18980,0,5.26870389884089,21.0748155953635
"Duiven","GM0226",2021-01-07,19,19,19,19,16,11,11,2020-12-01,8,0,0,3,-100,"&#x2798;",25072,0,0,11.9655392469687
"Ede","GM0228",2021-01-07,234,232,223,220,212,172,172,2020-12-01,62,2,11,22,0,"-",118538,1.68722266277481,9.27972464526144,18.5594492905229
"Elburg","GM0230",2021-01-07,38,38,35,35,30,25,25,2020-12-01,13,0,3,8,-40,"&#x2798;",23443,0,12.7969969713774,34.1253252570064
"Epe","GM0232",2021-01-07,70,70,67,67,62,49,49,2020-12-01,21,0,3,8,-40,"&#x2798;",33198,0,9.03668895716609,24.0978372191096
"Ermelo","GM0233",2021-01-07,75,75,71,71,65,53,53,2020-12-01,22,0,4,10,-33.3333333333333,"&#x2798;",27044,0,14.7907114332199,36.9767785830498
"Harderwijk","GM0243",2021-01-07,126,126,118,116,104,80,80,2020-12-01,46,0,8,22,-42.8571428571429,"&#x2798;",48657,0,16.4416219660069,45.2144604065191
"Hattem","GM0244",2021-01-07,11,11,10,10,10,9,9,2020-12-01,2,0,1,1,100,"&#x279A;",12235,0,8.1732733959951,8.1732733959951
"Heerde","GM0246",2021-01-07,23,23,22,22,20,18,18,2020-12-01,5,0,1,3,-50,"&#x2798;",18744,0,5.33504054630815,16.0051216389245
"Heumen","GM0252",2021-01-07,42,42,40,40,39,33,33,2020-12-01,9,0,2,3,100,"&#x279A;",16579,0,12.0634537668134,18.0951806502202
"Lochem","GM0262",2021-01-07,48,47,47,47,45,34,34,2020-12-01,14,1,1,3,-50,"&#x2798;",33907,2.94924351903737,2.94924351903737,8.8477305571121
"Maasdriel","GM0263",2021-01-07,50,50,49,49,48,42,42,2020-12-01,8,0,1,2,0,"-",25441,0,3.93066310286545,7.86132620573091
"Nijkerk","GM0267",2021-01-07,79,79,72,72,70,57,57,2020-12-01,22,0,7,9,250,"&#x279A;",43577,0,16.0635197466553,20.6530968171283
"Nijmegen","GM0268",2021-01-07,373,373,356,353,344,308,308,2020-12-01,65,0,17,29,41.6666666666667,"&#x279A;",177463,0,9.57946163425616,16.3414345525546
"Oldebroek","GM0269",2021-01-07,30,30,28,28,24,14,14,2020-12-01,16,0,2,6,-50,"&#x2798;",23749,0,8.42140721714599,25.264221651438
"Putten","GM0273",2021-01-07,41,41,37,37,36,30,30,2020-12-01,11,0,4,5,300,"&#x279A;",24384,0,16.4041994750656,20.505249343832
"Renkum","GM0274",2021-01-07,34,33,33,33,31,22,22,2020-12-01,12,1,1,3,-50,"&#x2798;",31413,3.18339540954382,3.18339540954382,9.55018622863146
"Rheden","GM0275",2021-01-07,28,27,26,26,24,15,15,2020-12-01,13,1,2,4,0,"-",43565,2.29542063583152,4.59084127166303,9.18168254332607
"Rozendaal","GM0277",2021-01-07,1,1,0,0,0,0,0,2020-12-01,1,0,1,1,100,"&#x279A;",1718,0,58.2072176949942,58.2072176949942
"Scherpenzeel","GM0279",2021-01-07,11,11,10,10,10,9,9,2020-12-01,2,0,1,1,100,"&#x279A;",10110,0,9.89119683481701,9.89119683481701
"Tiel","GM0281",2021-01-07,130,130,128,126,124,109,109,2020-12-01,21,0,2,6,-50,"&#x2798;",41899,0,4.77338361297406,14.3201508389222
"Voorst","GM0285",2021-01-07,55,54,53,53,49,35,35,2020-12-01,20,1,2,6,-50,"&#x2798;",24762,4.0384460059769,8.0768920119538,24.2306760358614
"Wageningen","GM0289",2021-01-07,58,58,54,54,53,47,47,2020-12-01,11,0,4,5,300,"&#x279A;",39719,0,10.0707469976586,12.5884337470732
"Westervoort","GM0293",2021-01-07,16,16,16,16,16,9,9,2020-12-01,7,0,0,0,0,"-",15017,0,0,0
"Winterswijk","GM0294",2021-01-07,35,35,34,34,34,33,33,2020-12-01,2,0,1,1,100,"&#x279A;",29007,0,3.44744372048126,3.44744372048126
"Wijchen","GM0296",2021-01-07,119,119,117,117,111,94,94,2020-12-01,25,0,2,8,-66.6666666666667,"&#x2798;",41259,0,4.84742722799874,19.389708911995
"Zaltbommel","GM0297",2021-01-07,59,59,56,56,53,40,40,2020-12-01,19,0,3,6,0,"-",29436,0,10.1916021198532,20.3832042397065
"Zevenaar","GM0299",2021-01-07,40,40,39,39,38,30,30,2020-12-01,10,0,1,2,0,"-",44085,0,2.26834524214585,4.53669048429171
"Zutphen","GM0301",2021-01-07,79,79,77,77,69,57,57,2020-12-01,22,0,2,10,-75,"&#x2798;",48105,0,4.15757197796487,20.7878598898243
"Nunspeet","GM0302",2021-01-07,104,104,100,99,99,91,91,2020-12-01,13,0,4,5,300,"&#x279A;",28017,0,14.2770460791662,17.8463075989578
"Dronten","GM0303",2021-01-07,81,80,76,75,68,52,52,2020-12-01,29,1,5,13,-37.5,"&#x2798;",41936,2.38458603586417,11.9229301793209,30.9996184662343
"Amersfoort","GM0307",2021-01-07,265,265,252,247,230,183,183,2020-12-01,82,0,13,35,-40.9090909090909,"&#x2798;",157547,0,8.25150589982672,22.2155928072258
"Baarn","GM0308",2021-01-07,24,24,23,23,22,21,21,2020-12-01,3,0,1,2,0,"-",24844,0,4.02511672838512,8.05023345677025
"De Bilt","GM0310",2021-01-07,80,80,79,78,76,65,65,2020-12-01,15,0,1,4,-66.6666666666667,"&#x2798;",43371,0,2.30568813262318,9.22275253049273
"Bunnik","GM0312",2021-01-07,26,26,26,26,23,20,20,2020-12-01,6,0,0,3,-100,"&#x2798;",15345,0,0,19.5503421309873
"Bunschoten","GM0313",2021-01-07,78,77,74,73,67,54,54,2020-12-01,24,1,4,11,-42.8571428571429,"&#x2798;",22036,4.53802868034126,18.152114721365,49.9183154837539
"Eemnes","GM0317",2021-01-07,3,3,3,2,2,1,1,2020-12-01,2,0,0,1,-100,"&#x2798;",9361,0,0,10.6826193782716
"Houten","GM0321",2021-01-07,73,73,69,66,62,56,56,2020-12-01,17,0,4,11,-42.8571428571429,"&#x2798;",50206,0,7.96717523801936,21.9097319045532
"Leusden","GM0327",2021-01-07,33,33,33,33,29,23,23,2020-12-01,10,0,0,4,-100,"&#x2798;",30522,0,0,13.1053010942926
"Lopik","GM0331",2021-01-07,33,33,33,33,31,30,30,2020-12-01,3,0,0,2,-100,"&#x2798;",14455,0,0,13.836042891733
"Montfoort","GM0335",2021-01-07,30,30,28,28,25,24,24,2020-12-01,6,0,2,5,-33.3333333333333,"&#x2798;",13878,0,14.4112984579911,36.0282461449777
"Renswoude","GM0339",2021-01-07,7,7,6,6,6,4,4,2020-12-01,3,0,1,1,100,"&#x279A;",5547,0,18.0277627546422,18.0277627546422
"Rhenen","GM0340",2021-01-07,38,38,35,35,32,27,27,2020-12-01,11,0,3,6,0,"-",20193,0,14.8566334868519,29.7132669737038
"Soest","GM0342",2021-01-07,85,85,80,79,72,61,61,2020-12-01,24,0,5,13,-37.5,"&#x2798;",46906,0,10.6596171065535,27.7150044770392
"Utrecht","GM0344",2021-01-07,742,741,718,713,692,628,628,2020-12-01,114,1,24,50,-7.69230769230769,"&#x2798;",359548,0.278126981654744,6.67504755971386,13.9063490827372
"Veenendaal","GM0345",2021-01-07,175,175,167,165,156,115,115,2020-12-01,60,0,8,19,-27.2727272727273,"&#x2798;",66945,0,11.9501082978564,28.3815072074091
"Woudenberg","GM0351",2021-01-07,24,24,23,23,22,17,17,2020-12-01,7,0,1,2,0,"-",13625,0,7.3394495412844,14.6788990825688
"Wijk bij Duurstede","GM0352",2021-01-07,41,41,39,38,32,29,29,2020-12-01,12,0,2,9,-71.4285714285714,"&#x2798;",23917,0,8.36225279090187,37.6301375590584
"IJsselstein","GM0353",2021-01-07,92,92,92,91,88,79,79,2020-12-01,13,0,0,4,-100,"&#x2798;",33855,0,0,11.8150937823069
"Zeist","GM0355",2021-01-07,110,109,104,103,96,81,81,2020-12-01,29,1,6,14,-25,"&#x2798;",65005,1.53834320436889,9.23005922621337,21.5368048611645
"Nieuwegein","GM0356",2021-01-07,112,112,110,110,108,93,93,2020-12-01,19,0,2,4,0,"-",63811,0,3.13425584930498,6.26851169860996
"Aalsmeer","GM0358",2021-01-07,35,35,34,34,32,29,29,2020-12-01,6,0,1,3,-50,"&#x2798;",31957,0,3.12920486904278,9.38761460712833
"Alkmaar","GM0361",2021-01-07,214,214,204,200,182,149,149,2020-12-01,65,0,10,32,-54.5454545454545,"&#x2798;",109841,0,9.10406860826103,29.1330195464353
"Amstelveen","GM0362",2021-01-07,142,142,140,140,139,132,132,2020-12-01,10,0,2,3,100,"&#x279A;",90956,0,2.1988653854611,3.29829807819165
"Amsterdam","GM0363",2021-01-07,2265,2264,2208,2200,2119,1875,1875,2020-12-01,390,1,57,146,-35.9550561797753,"&#x2798;",873289,0.114509629687309,6.52704889217659,16.718405934347
"Beemster","GM0370",2021-01-07,11,11,11,11,10,9,9,2020-12-01,2,0,0,1,-100,"&#x2798;",10073,0,0,9.92752903802243
"Bergen (NH.)","GM0373",2021-01-07,63,63,60,59,58,44,44,2020-12-01,19,0,3,5,50,"&#x279A;",29706,0,10.0989699050697,16.8316165084495
"Beverwijk","GM0375",2021-01-07,49,49,47,47,45,39,39,2020-12-01,10,0,2,4,0,"-",41830,0,4.7812574707148,9.5625149414296
"Blaricum","GM0376",2021-01-07,4,4,3,3,3,3,3,2020-12-01,1,0,1,1,100,"&#x279A;",11919,0,8.38996560114104,8.38996560114104
"Bloemendaal","GM0377",2021-01-07,7,7,7,7,7,6,6,2020-12-01,1,0,0,0,0,"-",23529,0,0,0
"Castricum","GM0383",2021-01-07,47,47,47,45,42,32,32,2020-12-01,15,0,0,5,-100,"&#x2798;",36164,0,0,13.8259042141356
"Diemen","GM0384",2021-01-07,68,68,66,65,59,51,51,2020-12-01,17,0,2,9,-71.4285714285714,"&#x2798;",31304,0,6.38895987733197,28.7503194479939
"Edam-Volendam","GM0385",2021-01-07,96,96,92,92,89,78,78,2020-12-01,18,0,4,7,33.3333333333333,"&#x279A;",36247,0,11.0353960327751,19.3119430573565
"Enkhuizen","GM0388",2021-01-07,54,54,49,49,42,29,29,2020-12-01,25,0,5,12,-28.5714285714286,"&#x2798;",18666,0,26.786670952534,64.2880102860816
"Haarlem","GM0392",2021-01-07,118,118,113,113,100,76,76,2020-12-01,42,0,5,18,-61.5384615384615,"&#x2798;",162754,0,3.07212111530285,11.0596360150903
"Haarlemmermeer","GM0394",2021-01-07,158,158,156,154,139,110,110,2020-12-01,48,0,2,19,-88.2352941176471,"&#x2798;",157730,0,1.26798960248526,12.04590122361
"Heemskerk","GM0396",2021-01-07,63,63,59,59,55,51,51,2020-12-01,12,0,4,8,0,"-",39233,0,10.1954986873295,20.3909973746591
"Heemstede","GM0397",2021-01-07,13,13,13,13,13,9,9,2020-12-01,4,0,0,0,0,"-",27494,0,0,0
"Heerhugowaard","GM0398",2021-01-07,88,88,82,80,77,66,66,2020-12-01,22,0,6,11,20,"&#x279A;",58303,0,10.291065639847,18.8669536730528
"Heiloo","GM0399",2021-01-07,30,29,25,25,23,20,20,2020-12-01,10,1,5,7,150,"&#x279A;",24119,4.14610887681911,20.7305443840955,29.0227621377337
"Den Helder","GM0400",2021-01-07,68,68,62,61,53,37,37,2020-12-01,31,0,6,15,-33.3333333333333,"&#x2798;",56531,0,10.6136456103731,26.5341140259327
"Hilversum","GM0402",2021-01-07,33,33,28,28,28,26,26,2020-12-01,7,0,5,5,500,"&#x279A;",91247,0,5.47963220708626,5.47963220708626
"Hoorn","GM0405",2021-01-07,122,122,111,110,104,85,85,2020-12-01,37,0,11,18,57.1428571428571,"&#x279A;",73579,0,14.9499177754522,24.4635018143764
"Huizen","GM0406",2021-01-07,31,31,27,27,26,24,24,2020-12-01,7,0,4,5,300,"&#x279A;",41130,0,9.72526136639922,12.156576707999
"Landsmeer","GM0415",2021-01-07,22,21,19,18,16,12,12,2020-12-01,10,1,3,6,0,"-",11564,8.6475268073331,25.9425804219993,51.8851608439986
"Langedijk","GM0416",2021-01-07,48,48,46,44,42,36,36,2020-12-01,12,0,2,6,-50,"&#x2798;",28332,0,7.05915572497529,21.1774671749259
"Laren","GM0417",2021-01-07,8,8,8,8,8,7,7,2020-12-01,1,0,0,0,0,"-",11401,0,0,0
"Medemblik","GM0420",2021-01-07,75,74,67,66,58,44,44,2020-12-01,31,1,8,17,-11.1111111111111,"&#x2798;",45194,2.21268309952649,17.7014647962119,37.6156126919503
"Oostzaan","GM0431",2021-01-07,24,24,24,23,22,20,20,2020-12-01,4,0,0,2,-100,"&#x2798;",9685,0,0,20.6504904491482
"Opmeer","GM0432",2021-01-07,9,9,8,8,8,7,7,2020-12-01,2,0,1,1,100,"&#x279A;",11988,0,8.34167500834168,8.34167500834168
"Ouder-Amstel","GM0437",2021-01-07,18,18,18,18,18,16,16,2020-12-01,2,0,0,0,0,"-",14120,0,0,0
"Purmerend","GM0439",2021-01-07,198,198,187,186,180,154,154,2020-12-01,44,0,11,18,57.1428571428571,"&#x279A;",81708,0,13.4625740441572,22.0296666177119
"Schagen","GM0441",2021-01-07,72,72,65,65,58,40,40,2020-12-01,32,0,7,14,0,"-",46546,0,15.0388862630516,30.0777725261032
"Texel","GM0448",2021-01-07,13,13,13,13,12,11,11,2020-12-01,2,0,0,1,-100,"&#x2798;",13658,0,0,7.32171621027969
"Uitgeest","GM0450",2021-01-07,17,17,17,17,16,13,13,2020-12-01,4,0,0,1,-100,"&#x2798;",13644,0,0,7.32922896511287
"Uithoorn","GM0451",2021-01-07,41,41,41,41,40,39,39,2020-12-01,2,0,0,1,-100,"&#x2798;",30138,0,0,3.31807021036565
"Velsen","GM0453",2021-01-07,81,81,77,77,75,57,57,2020-12-01,24,0,4,6,100,"&#x279A;",68683,0,5.82385743197007,8.7357861479551
"Weesp","GM0457",2021-01-07,18,18,18,18,17,14,14,2020-12-01,4,0,0,1,-100,"&#x2798;",20459,0,0,4.8878244293465
"Zandvoort","GM0473",2021-01-07,14,14,14,14,11,9,9,2020-12-01,5,0,0,3,-100,"&#x2798;",17168,0,0,17.4743709226468
"Zaanstad","GM0479",2021-01-07,412,410,398,395,380,327,327,2020-12-01,85,2,14,32,-22.2222222222222,"&#x2798;",157106,1.27302585515512,8.91118098608583,20.3684136824819
"Alblasserdam","GM0482",2021-01-07,68,67,64,63,57,49,49,2020-12-01,19,1,4,11,-42.8571428571429,"&#x2798;",20193,4.95221116228396,19.8088446491358,54.4743227851236
"Alphen aan den Rijn","GM0484",2021-01-07,223,223,217,215,199,162,162,2020-12-01,61,0,6,24,-66.6666666666667,"&#x2798;",112552,0,5.33086928708508,21.3234771483403
"Barendrecht","GM0489",2021-01-07,114,114,111,111,106,91,91,2020-12-01,23,0,3,8,-40,"&#x2798;",48635,0,6.16839724478256,16.4490593194202
"Drechterland","GM0498",2021-01-07,29,29,26,26,21,19,19,2020-12-01,10,0,3,8,-40,"&#x2798;",19834,0,15.1255419985883,40.3347786629021
"Brielle","GM0501",2021-01-07,44,44,41,41,39,34,34,2020-12-01,10,0,3,5,50,"&#x279A;",17408,0,17.2334558823529,28.7224264705882
"Capelle aan den IJssel","GM0502",2021-01-07,228,227,211,210,203,180,180,2020-12-01,48,1,17,25,112.5,"&#x279A;",67204,1.48800666626986,25.2961133265877,37.2001666567466
"Delft","GM0503",2021-01-07,180,179,174,173,168,144,144,2020-12-01,36,1,6,12,0,"-",103880,0.962649210627647,5.77589526376588,11.5517905275318
"Dordrecht","GM0505",2021-01-07,390,390,377,373,360,306,306,2020-12-01,84,0,13,30,-23.5294117647059,"&#x2798;",119184,0,10.9075043630017,25.1711639146194
"Gorinchem","GM0512",2021-01-07,63,63,61,61,58,44,44,2020-12-01,19,0,2,5,-33.3333333333333,"&#x2798;",37405,0,5.34687875952413,13.3671968988103
"Gouda","GM0513",2021-01-07,204,204,196,192,185,162,162,2020-12-01,42,0,8,19,-27.2727272727273,"&#x2798;",73754,0,10.8468693223418,25.7613146405619
"'s-Gravenhage","GM0518",2021-01-07,1392,1391,1359,1358,1310,1170,1170,2020-12-01,222,1,33,82,-32.6530612244898,"&#x2798;",548076,0.182456447645947,6.02106277231625,14.9614287069676
"Hardinxveld-Giessendam","GM0523",2021-01-07,27,27,26,25,21,15,15,2020-12-01,12,0,1,6,-80,"&#x2798;",18399,0,5.4350779933692,32.6104679602152
"Hellevoetsluis","GM0530",2021-01-07,76,75,73,73,72,61,61,2020-12-01,15,1,3,4,200,"&#x279A;",40235,2.48539828507518,7.45619485522555,9.94159314030073
"Hendrik-Ido-Ambacht","GM0531",2021-01-07,83,83,81,80,77,67,67,2020-12-01,16,0,2,6,-50,"&#x2798;",31255,0,6.39897616381379,19.1969284914414
"Stede Broec","GM0532",2021-01-07,54,54,45,44,43,36,36,2020-12-01,18,0,9,11,350,"&#x279A;",21768,0,41.3450937155458,50.5328923190004
"Hillegom","GM0534",2021-01-07,17,17,17,17,14,12,12,2020-12-01,5,0,0,3,-100,"&#x2798;",22217,0,0,13.5031732457127
"Katwijk","GM0537",2021-01-07,157,155,144,142,127,97,97,2020-12-01,60,2,13,30,-23.5294117647059,"&#x2798;",66005,3.03007347928187,19.6954776153322,45.4511021892281
"Krimpen aan den IJssel","GM0542",2021-01-07,77,77,72,70,63,57,57,2020-12-01,20,0,5,14,-44.4444444444444,"&#x2798;",29443,0,16.9819651530075,47.549502428421
"Leiden","GM0546",2021-01-07,175,175,170,170,163,137,137,2020-12-01,38,0,5,12,-28.5714285714286,"&#x2798;",124121,0,4.02832719684824,9.66798527243577
"Leiderdorp","GM0547",2021-01-07,62,62,61,61,59,50,50,2020-12-01,12,0,1,3,-50,"&#x2798;",27374,0,3.6531014831592,10.9593044494776
"Lisse","GM0553",2021-01-07,39,39,39,39,33,21,21,2020-12-01,18,0,0,6,-100,"&#x2798;",22999,0,0,26.0880907865559
"Maassluis","GM0556",2021-01-07,91,91,89,89,84,80,80,2020-12-01,11,0,2,7,-60,"&#x2798;",33557,0,5.96000834401168,20.8600292040409
"Nieuwkoop","GM0569",2021-01-07,43,43,39,38,35,23,23,2020-12-01,20,0,4,8,0,"-",29146,0,13.7240101557675,27.448020311535
"Noordwijk","GM0575",2021-01-07,88,88,85,85,78,66,66,2020-12-01,22,0,3,10,-57.1428571428571,"&#x2798;",43998,0,6.81849174962498,22.7283058320833
"Oegstgeest","GM0579",2021-01-07,38,38,35,35,33,30,30,2020-12-01,8,0,3,5,50,"&#x279A;",25061,0,11.9707912693029,19.9513187821715
"Oudewater","GM0589",2021-01-07,36,36,36,36,35,33,33,2020-12-01,3,0,0,1,-100,"&#x2798;",10156,0,0,9.84639621898385
"Papendrecht","GM0590",2021-01-07,87,87,86,85,83,63,63,2020-12-01,24,0,1,4,-66.6666666666667,"&#x2798;",32142,0,3.11119407628648,12.4447763051459
"Ridderkerk","GM0597",2021-01-07,135,135,132,130,127,102,102,2020-12-01,33,0,3,8,-40,"&#x2798;",46633,0,6.43321253189801,17.1552334183947
"Rotterdam","GM0599",2021-01-07,2274,2271,2236,2231,2164,1943,1943,2020-12-01,331,3,38,110,-47.2222222222222,"&#x2798;",652742,0.459599658057854,5.82159566873282,16.8519874621213
"Rijswijk","GM0603",2021-01-07,139,139,134,134,130,113,113,2020-12-01,26,0,5,9,25,"&#x279A;",55236,0,9.05206749221522,16.2937214859874
"Schiedam","GM0606",2021-01-07,226,226,223,223,215,196,196,2020-12-01,30,0,3,11,-62.5,"&#x2798;",79316,0,3.78233899843663,13.868576327601
"Sliedrecht","GM0610",2021-01-07,97,97,91,90,84,60,60,2020-12-01,37,0,6,13,-14.2857142857143,"&#x2798;",25570,0,23.4649980445835,50.8408290965976
"Albrandswaard","GM0613",2021-01-07,63,63,62,62,61,55,55,2020-12-01,8,0,1,2,0,"-",25806,0,3.87506781368674,7.75013562737348
"Westvoorne","GM0614",2021-01-07,21,21,18,18,17,15,15,2020-12-01,6,0,3,4,200,"&#x279A;",14893,0,20.1436916672262,26.8582555563016
"Vlaardingen","GM0622",2021-01-07,177,177,173,173,171,156,156,2020-12-01,21,0,4,6,100,"&#x279A;",73950,0,5.40906017579446,8.11359026369168
"Voorschoten","GM0626",2021-01-07,30,30,30,30,29,20,20,2020-12-01,10,0,0,1,-100,"&#x2798;",25643,0,0,3.89969972312132
"Waddinxveen","GM0627",2021-01-07,70,70,70,70,67,55,55,2020-12-01,15,0,0,3,-100,"&#x2798;",30320,0,0,9.89445910290237
"Wassenaar","GM0629",2021-01-07,34,33,33,33,33,26,26,2020-12-01,8,1,1,1,100,"&#x279A;",26845,3.72508847085118,3.72508847085118,3.72508847085118
"Woerden","GM0632",2021-01-07,122,122,117,114,112,99,99,2020-12-01,23,0,5,10,0,"-",52671,0,9.49288982552068,18.9857796510414
"Zoetermeer","GM0637",2021-01-07,245,245,236,236,220,184,184,2020-12-01,61,0,9,25,-43.75,"&#x2798;",125284,0,7.18367868203442,19.9546630056512
"Zoeterwoude","GM0638",2021-01-07,14,14,14,14,13,9,9,2020-12-01,5,0,0,1,-100,"&#x2798;",8813,0,0,11.3468739362306
"Zwijndrecht","GM0642",2021-01-07,147,147,143,142,135,109,109,2020-12-01,38,0,4,12,-50,"&#x2798;",44763,0,8.93595156714251,26.8078547014275
"Borsele","GM0654",2021-01-07,19,19,15,15,11,9,9,2020-12-01,10,0,4,8,0,"-",22779,0,17.5600333640634,35.1200667281268
"Goes","GM0664",2021-01-07,44,44,44,44,43,32,32,2020-12-01,12,0,0,1,-100,"&#x2798;",38571,0,0,2.59262139949703
"West Maas en Waal","GM0668",2021-01-07,38,38,38,38,36,33,33,2020-12-01,5,0,0,2,-100,"&#x2798;",19560,0,0,10.2249488752556
"Hulst","GM0677",2021-01-07,35,35,34,34,32,29,29,2020-12-01,6,0,1,3,-50,"&#x2798;",27563,0,3.62805209882814,10.8841562964844
"Kapelle","GM0678",2021-01-07,10,10,9,9,9,7,7,2020-12-01,3,0,1,1,100,"&#x279A;",12842,0,7.78694907335306,7.78694907335306
"Middelburg","GM0687",2021-01-07,41,41,39,39,36,31,31,2020-12-01,10,0,2,5,-33.3333333333333,"&#x2798;",48973,0,4.08388295591448,10.2097073897862
"Reimerswaal","GM0703",2021-01-07,22,22,18,18,16,14,14,2020-12-01,8,0,4,6,100,"&#x279A;",22931,0,17.4436352535868,26.1654528803803
"Terneuzen","GM0715",2021-01-07,88,88,81,81,78,63,63,2020-12-01,25,0,7,10,133.333333333333,"&#x279A;",54486,0,12.8473369305877,18.3533384722681
"Tholen","GM0716",2021-01-07,65,65,64,64,61,58,58,2020-12-01,7,0,1,4,-66.6666666666667,"&#x2798;",26050,0,3.83877159309021,15.3550863723608
"Veere","GM0717",2021-01-07,15,15,15,15,15,14,14,2020-12-01,1,0,0,0,0,"-",21981,0,0,0
"Vlissingen","GM0718",2021-01-07,41,41,37,37,36,28,28,2020-12-01,13,0,4,5,300,"&#x279A;",44330,0,9.02323482968644,11.2790435371081
"De Ronde Venen","GM0736",2021-01-07,112,112,112,111,106,95,95,2020-12-01,17,0,0,6,-100,"&#x2798;",44696,0,0,13.4240200465366
"Tytsjerksteradiel","GM0737",2021-01-07,15,15,13,13,10,7,7,2020-12-01,8,0,2,5,-33.3333333333333,"&#x2798;",32039,0,6.24239208464684,15.6059802116171
"Asten","GM0743",2021-01-07,43,43,42,41,40,38,38,2020-12-01,5,0,1,3,-50,"&#x2798;",16802,0,5.95167241995001,17.85501725985
"Baarle-Nassau","GM0744",2021-01-07,19,19,19,19,19,18,18,2020-12-01,1,0,0,0,0,"-",6901,0,0,0
"Bergen op Zoom","GM0748",2021-01-07,160,159,155,155,149,124,124,2020-12-01,36,1,5,11,-16.6666666666667,"&#x2798;",67501,1.48145953393283,7.40729766966415,16.2960548732611
"Best","GM0753",2021-01-07,86,86,75,72,66,51,51,2020-12-01,35,0,11,20,22.2222222222222,"&#x279A;",30196,0,36.4286660484832,66.2339382699695
"Boekel","GM0755",2021-01-07,38,38,38,38,37,35,35,2020-12-01,3,0,0,1,-100,"&#x2798;",10922,0,0,9.1558322651529
"Boxmeer","GM0756",2021-01-07,81,81,76,74,71,56,56,2020-12-01,25,0,5,10,0,"-",29592,0,16.8964585022979,33.7929170045958
"Boxtel","GM0757",2021-01-07,84,84,80,79,72,52,52,2020-12-01,32,0,4,12,-50,"&#x2798;",32675,0,12.2417750573833,36.72532517215
"Breda","GM0758",2021-01-07,438,438,427,425,410,365,365,2020-12-01,73,0,11,28,-35.2941176470588,"&#x2798;",184151,0,5.9733588196643,15.2049133591455
"Deurne","GM0762",2021-01-07,113,113,105,105,103,93,93,2020-12-01,20,0,8,10,300,"&#x279A;",32482,0,24.6290253063235,30.7862816329044
"Pekela","GM0765",2021-01-07,19,19,17,17,15,9,9,2020-12-01,10,0,2,4,0,"-",12163,0,16.443311682973,32.8866233659459
"Dongen","GM0766",2021-01-07,92,92,86,86,82,65,65,2020-12-01,27,0,6,10,50,"&#x279A;",26358,0,22.7634873662645,37.9391456104409
"Eersel","GM0770",2021-01-07,83,83,82,82,81,73,73,2020-12-01,10,0,1,2,0,"-",19494,0,5.12978352313532,10.2595670462706
"Eindhoven","GM0772",2021-01-07,594,594,579,576,551,457,457,2020-12-01,137,0,15,43,-46.4285714285714,"&#x2798;",235728,0,6.36326613724292,18.241362926763
"Etten-Leur","GM0777",2021-01-07,113,113,111,111,108,100,100,2020-12-01,13,0,2,5,-33.3333333333333,"&#x2798;",43881,0,4.55778127207675,11.3944531801919
"Geertruidenberg","GM0779",2021-01-07,40,40,38,38,36,32,32,2020-12-01,8,0,2,4,0,"-",21792,0,9.1776798825257,18.3553597650514
"Gilze en Rijen","GM0784",2021-01-07,58,58,57,57,56,44,44,2020-12-01,14,0,1,2,0,"-",26806,0,3.73050809520257,7.46101619040513
"Goirle","GM0785",2021-01-07,79,79,78,78,74,65,65,2020-12-01,14,0,1,5,-75,"&#x2798;",23939,0,4.17728392998872,20.8864196499436
"Grave","GM0786",2021-01-07,52,52,51,49,48,46,46,2020-12-01,6,0,1,4,-66.6666666666667,"&#x2798;",12429,0,8.04569957357792,32.1827982943117
"Helmond","GM0794",2021-01-07,288,288,282,280,274,245,245,2020-12-01,43,0,6,14,-25,"&#x2798;",92614,0,6.47850217029823,15.1165050640292
"'s-Hertogenbosch","GM0796",2021-01-07,356,356,346,343,330,284,284,2020-12-01,72,0,10,26,-37.5,"&#x2798;",155491,0,6.43124039333466,16.7212250226701
"Heusden","GM0797",2021-01-07,128,128,125,124,117,103,103,2020-12-01,25,0,3,11,-62.5,"&#x2798;",45008,0,6.66548169214362,24.4400995378599
"Hilvarenbeek","GM0798",2021-01-07,38,38,38,38,37,33,33,2020-12-01,5,0,0,1,-100,"&#x2798;",15683,0,0,6.37633105910859
"Loon op Zand","GM0809",2021-01-07,87,87,83,82,79,72,72,2020-12-01,15,0,4,8,0,"-",23497,0,17.0234498021024,34.0468996042048
"Mill en Sint Hubert","GM0815",2021-01-07,26,26,25,25,24,23,23,2020-12-01,3,0,1,2,0,"-",11003,0,9.08843042806507,18.1768608561301
"Nuenen, Gerwen en Nederwetten","GM0820",2021-01-07,47,47,46,44,43,40,40,2020-12-01,7,0,1,4,-66.6666666666667,"&#x2798;",23657,0,4.22707866593397,16.9083146637359
"Oirschot","GM0823",2021-01-07,53,53,48,48,46,39,39,2020-12-01,14,0,5,7,150,"&#x279A;",18838,0,26.5420957638815,37.1589340694341
"Oisterwijk","GM0824",2021-01-07,69,69,64,63,62,51,51,2020-12-01,18,0,5,7,150,"&#x279A;",30700,0,16.2866449511401,22.8013029315961
"Oosterhout","GM0826",2021-01-07,156,156,151,151,138,113,113,2020-12-01,43,0,5,18,-61.5384615384615,"&#x2798;",56184,0,8.89933077032607,32.0375907731739
"Oss","GM0828",2021-01-07,295,295,295,295,291,280,280,2020-12-01,15,0,0,4,-100,"&#x2798;",92442,0,0,4.32703749377988
"Rucphen","GM0840",2021-01-07,65,64,60,60,56,49,49,2020-12-01,16,1,5,9,25,"&#x279A;",23089,4.33106674173849,21.6553337086924,38.9796006756464
"Sint-Michielsgestel","GM0845",2021-01-07,78,78,76,75,72,64,64,2020-12-01,14,0,2,6,-50,"&#x2798;",29510,0,6.77736360555744,20.3320908166723
"Someren","GM0847",2021-01-07,50,50,45,45,41,36,36,2020-12-01,14,0,5,9,25,"&#x279A;",19395,0,25.779840164991,46.4037122969838
"Son en Breugel","GM0848",2021-01-07,51,51,50,49,47,44,44,2020-12-01,7,0,1,4,-66.6666666666667,"&#x2798;",17526,0,5.7058085130663,22.8232340522652
"Steenbergen","GM0851",2021-01-07,68,68,64,64,57,54,54,2020-12-01,14,0,4,11,-42.8571428571429,"&#x2798;",24315,0,16.4507505654946,45.23956405511
"Waterland","GM0852",2021-01-07,42,42,41,41,39,34,34,2020-12-01,8,0,1,3,-50,"&#x2798;",17325,0,5.77200577200577,17.3160173160173
"Tilburg","GM0855",2021-01-07,755,755,736,729,711,615,615,2020-12-01,140,0,19,44,-24,"&#x2798;",221358,0,8.583380767806,19.8773028307086
"Uden","GM0856",2021-01-07,146,145,144,143,143,136,136,2020-12-01,10,1,2,3,100,"&#x279A;",42244,2.3672000757504,4.7344001515008,7.10160022725121
"Valkenswaard","GM0858",2021-01-07,68,68,65,65,63,54,54,2020-12-01,14,0,3,5,50,"&#x279A;",31253,0,9.59907848846511,15.9984641474418
"Veldhoven","GM0861",2021-01-07,131,131,127,127,123,99,99,2020-12-01,32,0,4,8,0,"-",45562,0,8.77924586278039,17.5584917255608
"Vught","GM0865",2021-01-07,89,89,89,87,86,69,69,2020-12-01,20,0,0,3,-100,"&#x2798;",30756,0,0,9.75419430355053
"Waalre","GM0866",2021-01-07,32,32,30,30,30,28,28,2020-12-01,4,0,2,2,200,"&#x279A;",17519,0,11.4161767224157,11.4161767224157
"Waalwijk","GM0867",2021-01-07,174,174,169,169,158,136,136,2020-12-01,38,0,5,16,-54.5454545454545,"&#x2798;",48826,0,10.2404456641953,32.769426125425
"Woensdrecht","GM0873",2021-01-07,42,42,41,40,40,36,36,2020-12-01,6,0,1,2,0,"-",22002,0,4.54504135987638,9.09008271975275
"Zundert","GM0879",2021-01-07,56,56,56,56,56,47,47,2020-12-01,9,0,0,0,0,"-",21995,0,0,0
"Wormerland","GM0880",2021-01-07,43,43,40,39,38,37,37,2020-12-01,6,0,3,5,50,"&#x279A;",16295,0,18.4105553850875,30.6842589751458
"Landgraaf","GM0882",2021-01-07,99,99,95,94,89,77,77,2020-12-01,22,0,4,10,-33.3333333333333,"&#x2798;",37325,0,10.7166778298727,26.7916945746818
"Beek","GM0888",2021-01-07,30,30,30,30,29,23,23,2020-12-01,7,0,0,1,-100,"&#x2798;",15872,0,0,6.30040322580645
"Beesel","GM0889",2021-01-07,11,11,10,10,10,9,9,2020-12-01,2,0,1,1,100,"&#x279A;",13464,0,7.42721330956625,7.42721330956625
"Bergen (L.)","GM0893",2021-01-07,21,21,18,18,16,13,13,2020-12-01,8,0,3,5,50,"&#x279A;",13111,0,22.8815498436427,38.1359164060712
"Brunssum","GM0899",2021-01-07,77,77,75,73,71,60,60,2020-12-01,17,0,2,6,-50,"&#x2798;",27655,0,7.23196528656662,21.6958958596999
"Gennep","GM0907",2021-01-07,40,40,39,38,35,27,27,2020-12-01,13,0,1,5,-75,"&#x2798;",17019,0,5.8757858863623,29.3789294318115
"Heerlen","GM0917",2021-01-07,203,203,194,193,187,169,169,2020-12-01,34,0,9,16,28.5714285714286,"&#x279A;",86829,0,10.365200566631,18.4270232295662
"Kerkrade","GM0928",2021-01-07,114,114,112,112,108,97,97,2020-12-01,17,0,2,6,-50,"&#x2798;",45499,0,4.39570100441768,13.187103013253
"Maastricht","GM0935",2021-01-07,325,325,312,306,289,241,241,2020-12-01,84,0,13,36,-43.4782608695652,"&#x2798;",120379,0,10.7992257785826,29.9055483099212
"Meerssen","GM0938",2021-01-07,37,37,37,37,35,29,29,2020-12-01,8,0,0,2,-100,"&#x2798;",18710,0,0,10.6894708711919
"Mook en Middelaar","GM0944",2021-01-07,20,20,20,20,19,18,18,2020-12-01,2,0,0,1,-100,"&#x2798;",7901,0,0,12.6566257435768
"Nederweert","GM0946",2021-01-07,38,38,35,35,33,29,29,2020-12-01,9,0,3,5,50,"&#x279A;",17171,0,17.4713179197484,29.1188631995807
"Roermond","GM0957",2021-01-07,146,146,142,142,135,121,121,2020-12-01,25,0,4,11,-42.8571428571429,"&#x2798;",58784,0,6.80457267283615,18.7125748502994
"Simpelveld","GM0965",2021-01-07,27,27,25,25,25,24,24,2020-12-01,3,0,2,2,200,"&#x279A;",10495,0,19.0566936636494,19.0566936636494
"Stein","GM0971",2021-01-07,69,69,69,69,68,61,61,2020-12-01,8,0,0,1,-100,"&#x2798;",24876,0,0,4.01993889692877
"Vaals","GM0981",2021-01-07,18,18,18,18,15,14,14,2020-12-01,4,0,0,3,-100,"&#x2798;",10113,0,0,29.6647878967665
"Venlo","GM0983",2021-01-07,29,29,29,29,28,20,20,2020-12-01,9,0,0,1,-100,"&#x2798;",101967,0,0,0.980709445212667
"Venray","GM0984",2021-01-07,39,39,35,35,34,29,29,2020-12-01,10,0,4,5,300,"&#x279A;",43704,0,9.15248032216731,11.4406004027091
"Voerendaal","GM0986",2021-01-07,25,25,25,25,24,22,22,2020-12-01,3,0,0,1,-100,"&#x2798;",12478,0,0,8.0141048244911
"Weert","GM0988",2021-01-07,127,127,125,123,112,76,76,2020-12-01,51,0,2,15,-84.6153846153846,"&#x2798;",50008,0,3.99936010238362,29.9952007678771
"Valkenburg aan de Geul","GM0994",2021-01-07,28,28,27,26,25,20,20,2020-12-01,8,0,1,3,-50,"&#x2798;",16399,0,6.09793280078054,18.2937984023416
"Lelystad","GM0995",2021-01-07,196,196,188,187,176,147,147,2020-12-01,49,0,8,20,-33.3333333333333,"&#x2798;",79703,0,10.0372633401503,25.0931583503758
"Horst aan de Maas","GM1507",2021-01-07,13,13,13,13,13,10,10,2020-12-01,3,0,0,0,0,"-",42464,0,0,0
"Oude IJsselstreek","GM1509",2021-01-07,59,59,57,56,53,47,47,2020-12-01,12,0,2,6,-50,"&#x2798;",39348,0,5.08285046253939,15.2485513876182
"Teylingen","GM1525",2021-01-07,56,56,53,52,48,42,42,2020-12-01,14,0,3,8,-40,"&#x2798;",37761,0,7.94470485421467,21.1858796112391
"Utrechtse Heuvelrug","GM1581",2021-01-07,75,75,72,71,67,53,53,2020-12-01,22,0,3,8,-40,"&#x2798;",49962,0,6.00456346823586,16.012169248629
"Oost Gelre","GM1586",2021-01-07,62,62,61,61,61,53,53,2020-12-01,9,0,1,1,100,"&#x279A;",29574,0,3.38134848177453,3.38134848177453
"Koggenland","GM1598",2021-01-07,27,27,24,24,21,19,19,2020-12-01,8,0,3,6,0,"-",22932,0,13.0821559392988,26.1643118785976
"Lansingerland","GM1621",2021-01-07,116,115,113,113,109,102,102,2020-12-01,14,1,3,7,-25,"&#x2798;",63295,1.57990362587882,4.73971087763646,11.0593253811517
"Leudal","GM1640",2021-01-07,82,82,80,79,75,66,66,2020-12-01,16,0,2,7,-60,"&#x2798;",36027,0,5.55139201154689,19.4298720404141
"Maasgouw","GM1641",2021-01-07,56,56,53,53,48,42,42,2020-12-01,14,0,3,8,-40,"&#x2798;",23976,0,12.5125125125125,33.3667000333667
"Gemert-Bakel","GM1652",2021-01-07,112,112,105,104,102,97,97,2020-12-01,15,0,7,10,133.333333333333,"&#x279A;",30751,0,22.7634873662645,32.5192676660922
"Halderberge","GM1655",2021-01-07,82,82,82,81,79,69,69,2020-12-01,13,0,0,3,-100,"&#x2798;",30461,0,0,9.84865894094088
"Heeze-Leende","GM1658",2021-01-07,39,39,38,37,37,29,29,2020-12-01,10,0,1,2,0,"-",16222,0,6.16446800641105,12.3289360128221
"Laarbeek","GM1659",2021-01-07,75,75,74,74,69,64,64,2020-12-01,11,0,1,6,-80,"&#x2798;",22787,0,4.38846710843902,26.3308026506341
"Reusel-De Mierden","GM1667",2021-01-07,39,39,38,38,36,35,35,2020-12-01,4,0,1,3,-50,"&#x2798;",13123,0,7.62020879372095,22.8606263811628
"Roerdalen","GM1669",2021-01-07,45,45,43,43,41,40,40,2020-12-01,5,0,2,4,0,"-",20612,0,9.70308558121483,19.4061711624297
"Roosendaal","GM1674",2021-01-07,181,181,177,177,173,151,151,2020-12-01,30,0,4,8,0,"-",77256,0,5.17759138448794,10.3551827689759
"Schouwen-Duiveland","GM1676",2021-01-07,32,32,29,29,27,23,23,2020-12-01,9,0,3,5,50,"&#x279A;",33990,0,8.8261253309797,14.7102088849662
"Aa en Hunze","GM1680",2021-01-07,8,8,8,8,7,5,5,2020-12-01,3,0,0,1,-100,"&#x2798;",25366,0,0,3.94228494835607
"Borger-Odoorn","GM1681",2021-01-07,27,27,23,21,18,13,13,2020-12-01,14,0,4,9,-20,"&#x2798;",25587,0,15.6329386016336,35.1741118536757
"Cuijk","GM1684",2021-01-07,48,48,42,42,42,37,37,2020-12-01,11,0,6,6,600,"&#x279A;",25373,0,23.6471840145036,23.6471840145036
"Landerd","GM1685",2021-01-07,52,52,51,49,49,48,48,2020-12-01,4,0,1,3,-50,"&#x2798;",15838,0,6.31392852632908,18.9417855789872
"De Wolden","GM1690",2021-01-07,30,30,26,25,24,21,21,2020-12-01,9,0,4,6,100,"&#x279A;",24374,0,16.4109296791663,24.6163945187495
"Noord-Beveland","GM1695",2021-01-07,4,4,4,4,4,4,4,2020-12-01,0,0,0,0,0,"-",7570,0,0,0
"Wijdemeren","GM1696",2021-01-07,15,15,12,12,12,12,12,2020-12-01,3,0,3,3,300,"&#x279A;",24440,0,12.2749590834697,12.2749590834697
"Noordenveld","GM1699",2021-01-07,12,12,12,12,12,8,8,2020-12-01,4,0,0,0,0,"-",31216,0,0,0
"Twenterand","GM1700",2021-01-07,104,103,93,92,74,55,55,2020-12-01,49,1,11,30,-42.1052631578947,"&#x2798;",33696,2.96771130104463,32.644824311491,89.031339031339
"Westerveld","GM1701",2021-01-07,14,14,14,14,12,8,8,2020-12-01,6,0,0,2,-100,"&#x2798;",19638,0,0,10.1843364904776
"Sint Anthonis","GM1702",2021-01-07,26,26,25,25,24,22,22,2020-12-01,4,0,1,2,0,"-",11687,0,8.55651578677163,17.1130315735433
"Lingewaard","GM1705",2021-01-07,67,67,66,66,56,37,37,2020-12-01,30,0,1,11,-90,"&#x2798;",46781,0,2.13761997392104,23.5138197131314
"Cranendonck","GM1706",2021-01-07,68,68,66,65,64,57,57,2020-12-01,11,0,2,4,0,"-",21007,0,9.52063597848336,19.0412719569667
"Steenwijkerland","GM1708",2021-01-07,35,35,32,32,28,16,16,2020-12-01,19,0,3,7,-25,"&#x2798;",44301,0,6.77185616577504,15.8009977201418
"Moerdijk","GM1709",2021-01-07,77,77,75,74,69,56,56,2020-12-01,21,0,2,8,-66.6666666666667,"&#x2798;",37193,0,5.37735595407738,21.5094238163095
"Echt-Susteren","GM1711",2021-01-07,68,68,63,63,61,59,59,2020-12-01,9,0,5,7,150,"&#x279A;",31751,0,15.7475355106926,22.0465497149696
"Sluis","GM1714",2021-01-07,40,40,40,39,35,22,22,2020-12-01,18,0,0,5,-100,"&#x2798;",23143,0,0,21.6048049086117
"Drimmelen","GM1719",2021-01-07,63,63,60,59,53,43,43,2020-12-01,20,0,3,10,-57.1428571428571,"&#x2798;",27334,0,10.9753420648277,36.5844735494256
"Bernheze","GM1721",2021-01-07,121,121,121,121,119,116,116,2020-12-01,5,0,0,2,-100,"&#x2798;",31398,0,0,6.36983247340595
"Alphen-Chaam","GM1723",2021-01-07,40,40,40,40,40,38,38,2020-12-01,2,0,0,0,0,"-",10362,0,0,0
"Bergeijk","GM1724",2021-01-07,61,61,59,59,57,52,52,2020-12-01,9,0,2,4,0,"-",18745,0,10.669511869832,21.3390237396639
"Bladel","GM1728",2021-01-07,61,61,61,61,58,53,53,2020-12-01,8,0,0,3,-100,"&#x2798;",20552,0,0,14.5971195017517
"Gulpen-Wittem","GM1729",2021-01-07,34,34,33,33,31,28,28,2020-12-01,6,0,1,3,-50,"&#x2798;",14184,0,7.05019740552736,21.1505922165821
"Tynaarlo","GM1730",2021-01-07,18,18,16,15,15,11,11,2020-12-01,7,0,2,3,100,"&#x279A;",33927,0,5.89500987414154,8.84251481121231
"Midden-Drenthe","GM1731",2021-01-07,25,25,23,22,20,14,14,2020-12-01,11,0,2,5,-33.3333333333333,"&#x2798;",33357,0,5.99574302245406,14.9893575561351
"Overbetuwe","GM1734",2021-01-07,61,61,61,61,60,51,51,2020-12-01,10,0,0,1,-100,"&#x2798;",48147,0,0,2.07697260473134
"Hof van Twente","GM1735",2021-01-07,75,75,74,73,70,58,58,2020-12-01,17,0,1,5,-75,"&#x2798;",35037,0,2.85412563861061,14.2706281930531
"Neder-Betuwe","GM1740",2021-01-07,83,83,80,79,76,64,64,2020-12-01,19,0,3,7,-25,"&#x2798;",24634,0,12.1782901680604,28.4160103921409
"Rijssen-Holten","GM1742",2021-01-07,89,89,84,82,74,60,60,2020-12-01,29,0,5,15,-50,"&#x2798;",38182,0,13.0951757372584,39.2855272117752
"Geldrop-Mierlo","GM1771",2021-01-07,116,116,110,110,104,85,85,2020-12-01,31,0,6,12,0,"-",40097,0,14.9637129959847,29.9274259919695
"Olst-Wijhe","GM1773",2021-01-07,16,16,16,16,14,12,12,2020-12-01,4,0,0,2,-100,"&#x2798;",18348,0,0,10.9003706126008
"Dinkelland","GM1774",2021-01-07,62,62,59,58,55,48,48,2020-12-01,14,0,3,7,-25,"&#x2798;",26616,0,11.2714156898106,26.2999699428915
"Westland","GM1783",2021-01-07,243,242,230,230,216,177,177,2020-12-01,66,1,13,27,-7.14285714285714,"&#x2798;",111342,0.898133678216666,11.6757378168167,24.24960931185
"Midden-Delfland","GM1842",2021-01-07,41,41,38,37,35,28,28,2020-12-01,13,0,3,6,0,"-",19378,0,15.4814738363092,30.9629476726184
"Berkelland","GM1859",2021-01-07,72,72,68,68,67,62,62,2020-12-01,10,0,4,5,300,"&#x279A;",43821,0,9.12804363204856,11.4100545400607
"Bronckhorst","GM1876",2021-01-07,63,63,61,60,58,47,47,2020-12-01,16,0,2,5,-33.3333333333333,"&#x2798;",36103,0,5.53970584161981,13.8492646040495
"Sittard-Geleen","GM1883",2021-01-07,197,197,194,193,184,166,166,2020-12-01,31,0,3,13,-70,"&#x2798;",91781,0,3.26865037426047,14.1641516217954
"Kaag en Braassem","GM1884",2021-01-07,40,40,38,38,34,26,26,2020-12-01,14,0,2,6,-50,"&#x2798;",27547,0,7.26031872799216,21.7809561839765
"Dantumadiel","GM1891",2021-01-07,10,10,9,9,7,3,3,2020-12-01,7,0,1,3,-50,"&#x2798;",18927,0,5.28345749458446,15.8503724837534
"Zuidplas","GM1892",2021-01-07,86,86,80,80,76,67,67,2020-12-01,19,0,6,10,50,"&#x279A;",45015,0,13.3288903698767,22.2148172831278
"Peel en Maas","GM1894",2021-01-07,36,36,36,36,35,34,34,2020-12-01,2,0,0,1,-100,"&#x2798;",43695,0,0,2.28859137201053
"Oldambt","GM1895",2021-01-07,47,47,45,45,36,21,21,2020-12-01,26,0,2,11,-77.7777777777778,"&#x2798;",38281,0,5.22452391525822,28.7348815339202
"Zwartewaterland","GM1896",2021-01-07,26,26,26,25,24,18,18,2020-12-01,8,0,0,2,-100,"&#x2798;",22797,0,0,8.77308417774269
"Súdwest-Fryslân","GM1900",2021-01-07,75,74,71,68,61,46,46,2020-12-01,29,1,4,14,-60,"&#x2798;",89930,1.1119759813188,4.44790392527521,15.5676637384633
"Bodegraven-Reeuwijk","GM1901",2021-01-07,71,71,67,67,63,52,52,2020-12-01,19,0,4,8,0,"-",35288,0,11.3352981183405,22.670596236681
"Eijsden-Margraten","GM1903",2021-01-07,74,74,71,71,70,64,64,2020-12-01,10,0,3,4,200,"&#x279A;",25903,0,11.5816700768251,15.4422267691001
"Stichtse Vecht","GM1904",2021-01-07,140,139,135,135,132,106,106,2020-12-01,34,1,5,8,66.6666666666667,"&#x279A;",65142,1.53510791808664,7.67553959043321,12.2808633446931
"Hollands Kroon","GM1911",2021-01-07,72,72,66,66,57,40,40,2020-12-01,32,0,6,15,-33.3333333333333,"&#x2798;",48532,0,12.3629770048628,30.9074425121569
"Leidschendam-Voorburg","GM1916",2021-01-07,137,137,130,129,124,105,105,2020-12-01,32,0,7,13,16.6666666666667,"&#x279A;",76451,0,9.15619154752718,17.0043557311219
"Goeree-Overflakkee","GM1924",2021-01-07,140,140,133,132,125,108,108,2020-12-01,32,0,7,15,-12.5,"&#x2798;",50567,0,13.8430201514822,29.663614610319
"Pijnacker-Nootdorp","GM1926",2021-01-07,79,79,77,76,73,70,70,2020-12-01,9,0,2,6,-50,"&#x2798;",55592,0,3.59763994819398,10.792919844582
"Nissewaard","GM1930",2021-01-07,224,224,215,215,207,172,172,2020-12-01,52,0,9,17,12.5,"&#x279A;",85302,0,10.5507491031863,19.9291927504631
"Krimpenerwaard","GM1931",2021-01-07,144,144,139,138,130,115,115,2020-12-01,29,0,5,14,-44.4444444444444,"&#x2798;",56559,0,8.84032603122403,24.7529128874273
"De Fryske Marren","GM1940",2021-01-07,47,47,42,41,38,33,33,2020-12-01,14,0,5,9,25,"&#x279A;",51735,0,9.66463709287716,17.3963467671789
"Gooise Meren","GM1942",2021-01-07,33,33,29,28,27,24,24,2020-12-01,9,0,4,6,100,"&#x279A;",58466,0,6.84158314233914,10.2623747135087
"Berg en Dal","GM1945",2021-01-07,94,94,94,92,87,79,79,2020-12-01,15,0,0,7,-100,"&#x2798;",35015,0,0,19.9914322433243
"Meierijstad","GM1948",2021-01-07,319,319,316,315,308,298,298,2020-12-01,21,0,3,11,-62.5,"&#x2798;",81653,0,3.67408423450455,13.4716421931833
"Waadhoeke","GM1949",2021-01-07,31,31,29,29,20,14,14,2020-12-01,17,0,2,11,-77.7777777777778,"&#x2798;",46082,0,4.34008940584176,23.8704917321297
"Westerwolde","GM1950",2021-01-07,29,29,27,27,27,19,19,2020-12-01,10,0,2,2,200,"&#x279A;",26284,0,7.60919190381981,7.60919190381981
"Midden-Groningen","GM1952",2021-01-07,73,72,66,66,56,42,42,2020-12-01,31,1,7,17,-30,"&#x2798;",60745,1.64622602683348,11.5235821878344,27.9858424561692
"Beekdaelen","GM1954",2021-01-07,84,84,84,82,77,68,68,2020-12-01,16,0,0,7,-100,"&#x2798;",36073,0,0,19.4050952235744
"Montferland","GM1955",2021-01-07,53,53,50,50,49,42,42,2020-12-01,11,0,3,4,200,"&#x279A;",36062,0,8.31900615606456,11.0920082080861
"Altena","GM1959",2021-01-07,155,155,147,142,129,99,99,2020-12-01,56,0,8,26,-55.5555555555556,"&#x2798;",56308,0,14.2075726362151,46.1746110676991
"West Betuwe","GM1960",2021-01-07,142,142,137,137,133,113,113,2020-12-01,29,0,5,9,25,"&#x279A;",51489,0,9.71081201810095,17.4794616325817
"Vijfheerenlanden","GM1961",2021-01-07,112,112,106,106,100,90,90,2020-12-01,22,0,6,12,0,"-",57786,0,10.3831377842384,20.7662755684768
"Hoeksche Waard","GM1963",2021-01-07,185,185,177,176,170,150,150,2020-12-01,35,0,8,15,14.2857142857143,"&#x279A;",87963,0,9.09473301274399,17.052624398895
"Het Hogeland","GM1966",2021-01-07,25,24,22,22,20,13,13,2020-12-01,12,1,3,5,50,"&#x279A;",47859,2.08947115485071,6.26841346455212,10.4473557742535
"Westerkwartier","GM1969",2021-01-07,62,62,56,56,51,39,39,2020-12-01,23,0,6,11,20,"&#x279A;",63603,0,9.43351728692043,17.2947816926875
"Noardeast-Fryslân","GM1970",2021-01-07,34,34,28,27,24,14,14,2020-12-01,20,0,6,10,50,"&#x279A;",45479,0,13.1929022186064,21.988170364344
"Molenlanden","GM1978",2021-01-07,82,82,76,75,69,60,60,2020-12-01,22,0,6,13,-14.2857142857143,"&#x2798;",44105,0,13.6038997846049,29.4751161999773
"Eemsdelta","GM1979",2021-01-07,60,60,54,53,45,25,25,2020-12-01,35,0,6,15,-33.3333333333333,"&#x2798;",45606,0,13.156163662676,32.8904091566899
