"municipality","Municipality_code","date","d0","d1","d7","d8","d14","dec1","lowest_since_dec1","lowest_since_dec1_date","current","increase_1d","increase_7d","increase_14d","increase_growth","growth","population","rel_increase_1d","rel_increase_7d","rel_increase_14d"
"Netherlands","",2021-01-07,36046,35751,34277,34030,32216,27813,27813,2020-12-01,8233,295,1769,3830,-14.1678796700631,"➘",17443797,1.69114556882312,10.1411407160952,21.9562289104832
"Unknown","",2021-01-07,1054,1010,991,986,927,787,787,2020-12-01,267,44,63,127,-1.5625,"-",NA,NA,NA,NA
"Groningen","GM0014",2021-01-07,128,128,116,113,108,76,76,2020-12-01,52,0,12,20,50,"➚",233456,0,5.14015489000069,8.56692481666781
"Almere","GM0034",2021-01-07,130,128,114,111,103,86,86,2020-12-01,44,2,16,27,45.4545454545455,"➚",214551,0.932179295365671,7.45743436292537,12.5844204874366
"Stadskanaal","GM0037",2021-01-07,35,35,34,34,30,21,21,2020-12-01,14,0,1,5,-75,"➘",31702,0,3.15437511828907,15.7718755914453
"Veendam","GM0047",2021-01-07,26,26,25,25,18,13,13,2020-12-01,13,0,1,8,-85.7142857142857,"➘",27416,0,3.64750510650715,29.1800408520572
"Zeewolde","GM0050",2021-01-07,36,36,33,31,28,20,20,2020-12-01,16,0,3,8,-40,"➘",22836,0,13.1371518654756,35.0324049746015
"Achtkarspelen","GM0059",2021-01-07,17,17,17,17,14,10,10,2020-12-01,7,0,0,3,-100,"➘",27881,0,0,10.7600157813565
"Ameland","GM0060",2021-01-07,3,3,3,3,0,0,0,2020-12-01,3,0,0,3,-100,"➘",3747,0,0,80.0640512409928
"Harlingen","GM0072",2021-01-07,10,9,9,8,7,7,7,2020-12-01,3,1,1,3,-50,"➘",15835,6.31512472371329,6.31512472371329,18.9453741711399
"Heerenveen","GM0074",2021-01-07,42,42,40,40,37,32,32,2020-12-01,10,0,2,5,-33.3333333333333,"➘",50626,0,3.95053924860744,9.87634812151859
"Leeuwarden","GM0080",2021-01-07,96,96,87,86,73,65,65,2020-12-01,31,0,9,23,-35.7142857142857,"➘",124517,0,7.22792871656079,18.4713733867665
"Ooststellingwerf","GM0085",2021-01-07,21,21,21,21,20,16,16,2020-12-01,5,0,0,1,-100,"➘",25437,0,0,3.93128120454456
"Opsterland","GM0086",2021-01-07,26,24,22,21,20,16,16,2020-12-01,10,2,4,6,100,"➚",29812,6.70870790285791,13.4174158057158,20.1261237085737
"Schiermonnikoog","GM0088",2021-01-07,1,1,1,1,1,1,1,2020-12-01,0,0,0,0,0,"-",936,0,0,0
"Smallingerland","GM0090",2021-01-07,46,45,41,41,35,29,29,2020-12-01,17,1,5,11,-16.6666666666667,"➘",56060,1.78380306814128,8.91901534070639,19.621833749554
"Terschelling","GM0093",2021-01-07,1,1,1,1,1,1,1,2020-12-01,0,0,0,0,0,"-",4883,0,0,0
"Vlieland","GM0096",2021-01-07,0,0,0,0,0,0,0,2020-12-01,0,0,0,0,0,"-",1200,0,0,0
"Weststellingwerf","GM0098",2021-01-07,15,15,15,15,14,10,10,2020-12-01,5,0,0,1,-100,"➘",26112,0,0,3.8296568627451
"Assen","GM0106",2021-01-07,58,58,54,53,46,35,35,2020-12-01,23,0,4,12,-50,"➘",68812,0,5.81293960355752,17.4388188106726
"Coevorden","GM0109",2021-01-07,53,52,45,44,39,28,28,2020-12-01,25,1,8,14,33.3333333333333,"➚",35309,2.83213911467331,22.6571129173865,39.6499476054264
"Emmen","GM0114",2021-01-07,156,155,146,146,137,117,117,2020-12-01,39,1,10,19,11.1111111111111,"➚",106984,0.934719210349211,9.34719210349211,17.759664996635
"Hoogeveen","GM0118",2021-01-07,93,93,85,82,68,55,55,2020-12-01,38,0,8,25,-52.9411764705882,"➘",55604,0,14.3874541399899,44.9607941874685
"Meppel","GM0119",2021-01-07,24,23,19,19,13,11,11,2020-12-01,13,1,5,11,-16.6666666666667,"➘",34324,2.91341335508682,14.5670667754341,32.047546905955
"Almelo","GM0141",2021-01-07,229,226,213,213,202,166,166,2020-12-01,63,3,16,27,45.4545454545455,"➚",73180,4.09948073244056,21.863897239683,36.895326591965
"Borne","GM0147",2021-01-07,55,55,52,52,48,38,38,2020-12-01,17,0,3,7,-25,"➘",23637,0,12.6919659855312,29.6145872995727
"Dalfsen","GM0148",2021-01-07,28,27,25,24,21,13,13,2020-12-01,15,1,3,7,-25,"➘",28919,3.45793423009094,10.3738026902728,24.2055396106366
"Deventer","GM0150",2021-01-07,185,185,177,177,166,132,132,2020-12-01,53,0,8,19,-27.2727272727273,"➘",101100,0,7.91295746785361,18.7932739861523
"Enschede","GM0153",2021-01-07,344,341,323,322,295,238,238,2020-12-01,106,3,21,49,-25,"➘",159872,1.87650120096077,13.1355084067254,30.6495196156926
"Haaksbergen","GM0158",2021-01-07,62,62,58,58,57,47,47,2020-12-01,15,0,4,5,300,"➚",24237,0,16.5036927012419,20.6296158765524
"Hardenberg","GM0160",2021-01-07,80,80,72,71,61,47,47,2020-12-01,33,0,8,19,-27.2727272727273,"➘",61327,0,13.0448252808714,30.9814600420696
"Hellendoorn","GM0163",2021-01-07,65,62,56,56,51,37,37,2020-12-01,28,3,9,14,80,"➚",35903,8.35584770074924,25.0675431022477,38.9939559368298
"Hengelo","GM0164",2021-01-07,169,169,158,158,146,127,127,2020-12-01,42,0,11,23,-8.33333333333334,"➘",81099,0,13.5636690957965,28.3603990184836
"Kampen","GM0166",2021-01-07,49,49,47,47,43,40,40,2020-12-01,9,0,2,6,-50,"➘",54438,0,3.67390425805503,11.0217127741651
"Losser","GM0168",2021-01-07,69,67,63,63,60,41,41,2020-12-01,28,2,6,9,100,"➚",22867,8.74622818909345,26.2386845672804,39.3580268509205
"Noordoostpolder","GM0171",2021-01-07,47,45,39,39,35,26,26,2020-12-01,21,2,8,12,100,"➚",47597,4.20194550076685,16.8077820030674,25.2116730046011
"Oldenzaal","GM0173",2021-01-07,85,84,81,81,75,58,58,2020-12-01,27,1,4,10,-33.3333333333333,"➘",31734,3.1511943026407,12.6047772105628,31.511943026407
"Ommen","GM0175",2021-01-07,32,32,28,28,25,19,19,2020-12-01,13,0,4,7,33.3333333333333,"➚",18272,0,21.8914185639229,38.3099824868652
"Raalte","GM0177",2021-01-07,50,49,49,48,44,36,36,2020-12-01,14,1,1,6,-80,"➘",37920,2.63713080168776,2.63713080168776,15.8227848101266
"Staphorst","GM0180",2021-01-07,28,28,24,22,18,15,15,2020-12-01,13,0,4,10,-33.3333333333333,"➘",17276,0,23.1535077564251,57.8837693910627
"Tubbergen","GM0183",2021-01-07,49,49,46,45,44,39,39,2020-12-01,10,0,3,5,50,"➚",21322,0,14.0699746740456,23.449957790076
"Urk","GM0184",2021-01-07,65,64,62,61,60,45,45,2020-12-01,20,1,3,5,50,"➚",21208,4.7152018106375,14.1456054319125,23.5760090531875
"Wierden","GM0189",2021-01-07,62,59,58,58,54,38,38,2020-12-01,24,3,4,8,0,"-",24532,12.2289254850807,16.3052339801076,32.6104679602152
"Zwolle","GM0193",2021-01-07,71,71,66,64,53,45,45,2020-12-01,26,0,5,18,-61.5384615384615,"➘",129697,0,3.85513928618241,13.8785014302567
"Aalten","GM0197",2021-01-07,38,37,37,36,32,24,24,2020-12-01,14,1,1,6,-80,"➘",27133,3.68554896251797,3.68554896251797,22.1132937751078
"Apeldoorn","GM0200",2021-01-07,306,302,283,280,261,224,224,2020-12-01,82,4,23,45,4.54545454545454,"-",164717,2.42840751106443,13.9633431886205,27.3195844994749
"Arnhem","GM0202",2021-01-07,120,118,116,114,104,67,67,2020-12-01,53,2,4,16,-66.6666666666667,"➘",162353,1.23188361163637,2.46376722327274,9.85506889309098
"Barneveld","GM0203",2021-01-07,94,91,84,84,77,64,64,2020-12-01,30,3,10,17,42.8571428571429,"➚",59938,5.00517201107811,16.6839067035937,28.3626413961093
"Beuningen","GM0209",2021-01-07,48,48,47,44,41,37,37,2020-12-01,11,0,1,7,-83.3333333333333,"➘",26159,0,3.82277610000382,26.7594327000268
"Brummen","GM0213",2021-01-07,34,34,31,31,24,21,21,2020-12-01,13,0,3,10,-57.1428571428571,"➘",20867,0,14.3767671442948,47.9225571476494
"Buren","GM0214",2021-01-07,70,70,66,66,62,47,47,2020-12-01,23,0,4,8,0,"-",26997,0,14.8164610882691,29.6329221765381
"Culemborg","GM0216",2021-01-07,71,71,71,71,71,60,60,2020-12-01,11,0,0,0,0,"-",29132,0,0,0
"Doesburg","GM0221",2021-01-07,17,17,14,14,14,10,10,2020-12-01,7,0,3,3,300,"➚",11061,0,27.122321670735,27.122321670735
"Doetinchem","GM0222",2021-01-07,88,86,80,79,73,66,66,2020-12-01,22,2,8,15,14.2857142857143,"➚",58227,3.43483263777972,13.7393305511189,25.7612447833479
"Druten","GM0225",2021-01-07,60,60,59,58,56,47,47,2020-12-01,13,0,1,4,-66.6666666666667,"➘",18980,0,5.26870389884089,21.0748155953635
"Duiven","GM0226",2021-01-07,19,19,19,19,16,11,11,2020-12-01,8,0,0,3,-100,"➘",25072,0,0,11.9655392469687
"Ede","GM0228",2021-01-07,234,231,222,219,213,172,172,2020-12-01,62,3,12,21,33.3333333333333,"➚",118538,2.53083399416221,10.1233359766488,17.7158379591355
"Elburg","GM0230",2021-01-07,38,38,34,34,29,25,25,2020-12-01,13,0,4,9,-20,"➘",23443,0,17.0626626285032,38.3909909141322
"Epe","GM0232",2021-01-07,70,70,67,67,61,49,49,2020-12-01,21,0,3,9,-50,"➘",33198,0,9.03668895716609,27.1100668714983
"Ermelo","GM0233",2021-01-07,75,74,71,71,63,53,53,2020-12-01,22,1,4,12,-50,"➘",27044,3.69767785830498,14.7907114332199,44.3721342996598
"Harderwijk","GM0243",2021-01-07,126,125,116,112,101,80,80,2020-12-01,46,1,10,25,-33.3333333333333,"➘",48657,2.05520274575087,20.5520274575087,51.3800686437717
"Hattem","GM0244",2021-01-07,11,11,10,10,10,9,9,2020-12-01,2,0,1,1,100,"➚",12235,0,8.1732733959951,8.1732733959951
"Heerde","GM0246",2021-01-07,23,23,22,22,19,18,18,2020-12-01,5,0,1,4,-66.6666666666667,"➘",18744,0,5.33504054630815,21.3401621852326
"Heumen","GM0252",2021-01-07,42,41,40,40,38,33,33,2020-12-01,9,1,2,4,0,"-",16579,6.03172688340672,12.0634537668134,24.1269075336269
"Lochem","GM0262",2021-01-07,48,47,47,47,44,34,34,2020-12-01,14,1,1,4,-66.6666666666667,"➘",33907,2.94924351903737,2.94924351903737,11.7969740761495
"Maasdriel","GM0263",2021-01-07,50,50,49,49,48,42,42,2020-12-01,8,0,1,2,0,"-",25441,0,3.93066310286545,7.86132620573091
"Nijkerk","GM0267",2021-01-07,79,76,71,71,68,57,57,2020-12-01,22,3,8,11,166.666666666667,"➚",43577,6.88436560570943,18.3583082818918,25.2426738876013
"Nijmegen","GM0268",2021-01-07,373,367,354,352,344,308,308,2020-12-01,65,6,19,29,90,"➚",177463,3.38098645914923,10.7064571206392,16.3414345525546
"Oldebroek","GM0269",2021-01-07,30,30,28,28,23,14,14,2020-12-01,16,0,2,7,-60,"➘",23749,0,8.42140721714599,29.4749252600109
"Putten","GM0273",2021-01-07,41,40,37,37,35,30,30,2020-12-01,11,1,4,6,100,"➚",24384,4.1010498687664,16.4041994750656,24.6062992125984
"Renkum","GM0274",2021-01-07,34,33,33,32,31,22,22,2020-12-01,12,1,1,3,-50,"➘",31413,3.18339540954382,3.18339540954382,9.55018622863146
"Rheden","GM0275",2021-01-07,28,27,26,25,24,15,15,2020-12-01,13,1,2,4,0,"-",43565,2.29542063583152,4.59084127166303,9.18168254332607
"Rozendaal","GM0277",2021-01-07,1,1,0,0,0,0,0,2020-12-01,1,0,1,1,100,"➚",1718,0,58.2072176949942,58.2072176949942
"Scherpenzeel","GM0279",2021-01-07,11,11,10,10,10,9,9,2020-12-01,2,0,1,1,100,"➚",10110,0,9.89119683481701,9.89119683481701
"Tiel","GM0281",2021-01-07,130,130,126,126,124,109,109,2020-12-01,21,0,4,6,100,"➚",41899,0,9.54676722594811,14.3201508389222
"Voorst","GM0285",2021-01-07,55,54,53,53,48,35,35,2020-12-01,20,1,2,7,-60,"➘",24762,4.0384460059769,8.0768920119538,28.2691220418383
"Wageningen","GM0289",2021-01-07,58,58,54,54,53,47,47,2020-12-01,11,0,4,5,300,"➚",39719,0,10.0707469976586,12.5884337470732
"Westervoort","GM0293",2021-01-07,16,16,16,16,16,9,9,2020-12-01,7,0,0,0,0,"-",15017,0,0,0
"Winterswijk","GM0294",2021-01-07,35,35,34,34,34,33,33,2020-12-01,2,0,1,1,100,"➚",29007,0,3.44744372048126,3.44744372048126
"Wijchen","GM0296",2021-01-07,119,119,117,115,111,94,94,2020-12-01,25,0,2,8,-66.6666666666667,"➘",41259,0,4.84742722799874,19.389708911995
"Zaltbommel","GM0297",2021-01-07,59,59,54,54,51,40,40,2020-12-01,19,0,5,8,66.6666666666667,"➚",29436,0,16.9860035330887,27.177605652942
"Zevenaar","GM0299",2021-01-07,40,40,39,38,36,30,30,2020-12-01,10,0,1,4,-66.6666666666667,"➘",44085,0,2.26834524214585,9.07338096858342
"Zutphen","GM0301",2021-01-07,79,79,75,74,67,57,57,2020-12-01,22,0,4,12,-50,"➘",48105,0,8.31514395592974,24.9454318677892
"Nunspeet","GM0302",2021-01-07,104,104,99,98,97,90,90,2020-12-01,14,0,5,7,150,"➚",28017,0,17.8463075989578,24.9848306385409
"Dronten","GM0303",2021-01-07,81,80,74,73,68,52,52,2020-12-01,29,1,7,13,16.6666666666667,"➚",41936,2.38458603586417,16.6921022510492,30.9996184662343
"Amersfoort","GM0307",2021-01-07,265,262,241,241,221,183,183,2020-12-01,82,3,24,44,20,"➚",157547,1.90419366919078,15.2335493535262,27.9281738147981
"Baarn","GM0308",2021-01-07,24,24,23,23,22,21,21,2020-12-01,3,0,1,2,0,"-",24844,0,4.02511672838512,8.05023345677025
"De Bilt","GM0310",2021-01-07,80,78,77,76,72,65,65,2020-12-01,15,2,3,8,-40,"➘",43371,4.61137626524636,6.91706439786954,18.4455050609855
"Bunnik","GM0312",2021-01-07,26,26,26,26,22,20,20,2020-12-01,6,0,0,4,-100,"➘",15345,0,0,26.0671228413164
"Bunschoten","GM0313",2021-01-07,78,76,73,73,67,54,54,2020-12-01,24,2,5,11,-16.6666666666667,"➘",22036,9.07605736068252,22.6901434017063,49.9183154837539
"Eemnes","GM0317",2021-01-07,3,3,2,2,2,1,1,2020-12-01,2,0,1,1,100,"➚",9361,0,10.6826193782716,10.6826193782716
"Houten","GM0321",2021-01-07,73,72,66,66,62,56,56,2020-12-01,17,1,7,11,75,"➚",50206,1.99179380950484,13.9425566665339,21.9097319045532
"Leusden","GM0327",2021-01-07,33,33,32,32,29,23,23,2020-12-01,10,0,1,4,-66.6666666666667,"➘",30522,0,3.27632527357316,13.1053010942926
"Lopik","GM0331",2021-01-07,33,33,33,33,31,30,30,2020-12-01,3,0,0,2,-100,"➘",14455,0,0,13.836042891733
"Montfoort","GM0335",2021-01-07,30,30,28,28,25,24,24,2020-12-01,6,0,2,5,-33.3333333333333,"➘",13878,0,14.4112984579911,36.0282461449777
"Renswoude","GM0339",2021-01-07,7,7,6,6,6,4,4,2020-12-01,3,0,1,1,100,"➚",5547,0,18.0277627546422,18.0277627546422
"Rhenen","GM0340",2021-01-07,38,37,35,35,31,27,27,2020-12-01,11,1,3,7,-25,"➘",20193,4.95221116228396,14.8566334868519,34.6654781359877
"Soest","GM0342",2021-01-07,85,83,79,78,71,61,61,2020-12-01,24,2,6,14,-25,"➘",46906,4.26384684262141,12.7915405278642,29.8469278983499
"Utrecht","GM0344",2021-01-07,742,731,711,707,688,627,627,2020-12-01,115,11,31,54,34.7826086956522,"➚",359548,3.05939679820219,8.62193643129707,15.0188570093562
"Veenendaal","GM0345",2021-01-07,175,174,166,164,153,115,115,2020-12-01,60,1,9,22,-30.7692307692308,"➘",66945,1.49376353723206,13.4438718350885,32.8627978191052
"Woudenberg","GM0351",2021-01-07,24,23,23,23,22,17,17,2020-12-01,7,1,1,2,0,"-",13625,7.3394495412844,7.3394495412844,14.6788990825688
"Wijk bij Duurstede","GM0352",2021-01-07,41,41,37,37,32,29,29,2020-12-01,12,0,4,9,-20,"➘",23917,0,16.7245055818037,37.6301375590584
"IJsselstein","GM0353",2021-01-07,92,92,91,91,87,79,79,2020-12-01,13,0,1,5,-75,"➘",33855,0,2.95377344557672,14.7688672278836
"Zeist","GM0355",2021-01-07,110,109,103,102,95,81,81,2020-12-01,29,1,7,15,-12.5,"➘",65005,1.53834320436889,10.7684024305823,23.0751480655334
"Nieuwegein","GM0356",2021-01-07,112,111,110,110,108,93,93,2020-12-01,19,1,2,4,0,"-",63811,1.56712792465249,3.13425584930498,6.26851169860996
"Aalsmeer","GM0358",2021-01-07,35,35,34,34,32,29,29,2020-12-01,6,0,1,3,-50,"➘",31957,0,3.12920486904278,9.38761460712833
"Alkmaar","GM0361",2021-01-07,214,212,200,197,178,148,148,2020-12-01,66,2,14,36,-36.3636363636364,"➘",109841,1.82081372165221,12.7456960515654,32.7746469897397
"Amstelveen","GM0362",2021-01-07,142,141,140,140,138,132,132,2020-12-01,10,1,2,4,0,"-",90956,1.09943269273055,2.1988653854611,4.3977307709222
"Amsterdam","GM0363",2021-01-07,2265,2258,2200,2185,2105,1876,1876,2020-12-01,389,7,65,160,-31.5789473684211,"➘",873289,0.80156740781116,7.44312592967506,18.3215407499694
"Beemster","GM0370",2021-01-07,11,11,11,11,10,9,9,2020-12-01,2,0,0,1,-100,"➘",10073,0,0,9.92752903802243
"Bergen (NH.)","GM0373",2021-01-07,63,63,58,57,58,44,44,2020-12-01,19,0,5,5,500,"➚",29706,0,16.8316165084495,16.8316165084495
"Beverwijk","GM0375",2021-01-07,49,49,47,47,45,39,39,2020-12-01,10,0,2,4,0,"-",41830,0,4.7812574707148,9.5625149414296
"Blaricum","GM0376",2021-01-07,4,4,3,3,3,3,3,2020-12-01,1,0,1,1,100,"➚",11919,0,8.38996560114104,8.38996560114104
"Bloemendaal","GM0377",2021-01-07,7,7,7,7,7,6,6,2020-12-01,1,0,0,0,0,"-",23529,0,0,0
"Castricum","GM0383",2021-01-07,47,47,45,45,41,32,32,2020-12-01,15,0,2,6,-50,"➘",36164,0,5.53036168565424,16.5910850569627
"Diemen","GM0384",2021-01-07,68,67,65,63,59,51,51,2020-12-01,17,1,3,9,-50,"➘",31304,3.19447993866599,9.58343981599796,28.7503194479939
"Edam-Volendam","GM0385",2021-01-07,96,95,92,92,88,78,78,2020-12-01,18,1,4,8,0,"-",36247,2.75884900819378,11.0353960327751,22.0707920655503
"Enkhuizen","GM0388",2021-01-07,54,53,48,48,40,29,29,2020-12-01,25,1,6,14,-25,"➘",18666,5.3573341905068,32.1440051430408,75.0026786670953
"Haarlem","GM0392",2021-01-07,118,118,112,111,101,76,76,2020-12-01,42,0,6,17,-45.4545454545455,"➘",162754,0,3.68654533836342,10.4452117920297
"Haarlemmermeer","GM0394",2021-01-07,158,158,154,151,135,110,110,2020-12-01,48,0,4,23,-78.9473684210526,"➘",157730,0,2.53597920497052,14.5818804285805
"Heemskerk","GM0396",2021-01-07,63,63,58,58,55,51,51,2020-12-01,12,0,5,8,66.6666666666667,"➚",39233,0,12.7443733591619,20.3909973746591
"Heemstede","GM0397",2021-01-07,13,13,13,13,12,9,9,2020-12-01,4,0,0,1,-100,"➘",27494,0,0,3.63715719793409
"Heerhugowaard","GM0398",2021-01-07,88,88,80,80,76,66,66,2020-12-01,22,0,8,12,100,"➚",58303,0,13.7214208531293,20.582131279694
"Heiloo","GM0399",2021-01-07,30,26,25,25,23,20,20,2020-12-01,10,4,5,7,150,"➚",24119,16.5844355072764,20.7305443840955,29.0227621377337
"Den Helder","GM0400",2021-01-07,68,67,60,59,51,37,37,2020-12-01,31,1,8,17,-11.1111111111111,"➘",56531,1.76894093506218,14.1515274804974,30.071995896057
"Hilversum","GM0402",2021-01-07,33,30,28,28,28,26,26,2020-12-01,7,3,5,5,500,"➚",91247,3.28777932425176,5.47963220708626,5.47963220708626
"Hoorn","GM0405",2021-01-07,122,121,109,109,103,85,85,2020-12-01,37,1,13,19,116.666666666667,"➚",73579,1.35908343413202,17.6680846437163,25.8225852485084
"Huizen","GM0406",2021-01-07,31,29,27,27,26,24,24,2020-12-01,7,2,4,5,300,"➚",41130,4.86263068319961,9.72526136639922,12.156576707999
"Landsmeer","GM0415",2021-01-07,22,21,18,18,15,12,12,2020-12-01,10,1,4,7,33.3333333333333,"➚",11564,8.6475268073331,34.5901072293324,60.5326876513317
"Langedijk","GM0416",2021-01-07,48,48,44,43,40,35,35,2020-12-01,13,0,4,8,0,"-",28332,0,14.1183114499506,28.2366228999012
"Laren","GM0417",2021-01-07,8,8,8,8,8,7,7,2020-12-01,1,0,0,0,0,"-",11401,0,0,0
"Medemblik","GM0420",2021-01-07,75,74,66,66,56,43,43,2020-12-01,32,1,9,19,-10,"➘",45194,2.21268309952649,19.9141478957384,42.0409788910032
"Oostzaan","GM0431",2021-01-07,24,24,23,23,22,20,20,2020-12-01,4,0,1,2,0,"-",9685,0,10.3252452245741,20.6504904491482
"Opmeer","GM0432",2021-01-07,9,8,8,8,8,7,7,2020-12-01,2,1,1,1,100,"➚",11988,8.34167500834168,8.34167500834168,8.34167500834168
"Ouder-Amstel","GM0437",2021-01-07,18,18,18,18,18,16,16,2020-12-01,2,0,0,0,0,"-",14120,0,0,0
"Purmerend","GM0439",2021-01-07,198,196,184,184,175,154,154,2020-12-01,44,2,14,23,55.5555555555556,"➚",81708,2.44774073530132,17.1341851471092,28.1490184559651
"Schagen","GM0441",2021-01-07,72,71,65,62,56,40,40,2020-12-01,32,1,7,16,-22.2222222222222,"➘",46546,2.14841232329309,15.0388862630516,34.3745971726894
"Texel","GM0448",2021-01-07,13,13,13,13,12,11,11,2020-12-01,2,0,0,1,-100,"➘",13658,0,0,7.32171621027969
"Uitgeest","GM0450",2021-01-07,17,17,17,17,16,13,13,2020-12-01,4,0,0,1,-100,"➘",13644,0,0,7.32922896511287
"Uithoorn","GM0451",2021-01-07,41,41,41,41,40,39,39,2020-12-01,2,0,0,1,-100,"➘",30138,0,0,3.31807021036565
"Velsen","GM0453",2021-01-07,81,81,77,76,72,57,57,2020-12-01,24,0,4,9,-20,"➘",68683,0,5.82385743197007,13.1036792219326
"Weesp","GM0457",2021-01-07,18,18,18,18,17,14,14,2020-12-01,4,0,0,1,-100,"➘",20459,0,0,4.8878244293465
"Zandvoort","GM0473",2021-01-07,14,14,14,12,11,9,9,2020-12-01,5,0,0,3,-100,"➘",17168,0,0,17.4743709226468
"Zaanstad","GM0479",2021-01-07,412,410,396,394,378,327,327,2020-12-01,85,2,16,34,-11.1111111111111,"➘",157106,1.27302585515512,10.1842068412409,21.641439537637
"Alblasserdam","GM0482",2021-01-07,68,67,62,61,53,49,49,2020-12-01,19,1,6,15,-33.3333333333333,"➘",20193,4.95221116228396,29.7132669737038,74.2831674342594
"Alphen aan den Rijn","GM0484",2021-01-07,223,224,216,214,199,162,162,2020-12-01,61,-1,7,24,-58.8235294117647,"➘",112552,-0.88847821451418,6.21934750159926,21.3234771483403
"Barendrecht","GM0489",2021-01-07,114,113,108,108,106,91,91,2020-12-01,23,1,6,8,200,"➚",48635,2.05613241492752,12.3367944895651,16.4490593194202
"Drechterland","GM0498",2021-01-07,29,29,26,26,21,19,19,2020-12-01,10,0,3,8,-40,"➘",19834,0,15.1255419985883,40.3347786629021
"Brielle","GM0501",2021-01-07,44,44,41,41,39,34,34,2020-12-01,10,0,3,5,50,"➚",17408,0,17.2334558823529,28.7224264705882
"Capelle aan den IJssel","GM0502",2021-01-07,228,227,209,209,194,178,178,2020-12-01,50,1,19,34,26.6666666666667,"➚",67204,1.48800666626986,28.2721266591274,50.5922266531754
"Delft","GM0503",2021-01-07,180,179,173,173,166,144,144,2020-12-01,36,1,7,14,0,"-",103880,0.962649210627647,6.73854447439353,13.4770889487871
"Dordrecht","GM0505",2021-01-07,390,385,373,369,354,304,304,2020-12-01,86,5,17,36,-10.5263157894737,"➘",119184,4.1951939857699,14.2636595516177,30.2053966975433
"Gorinchem","GM0512",2021-01-07,63,64,61,60,58,44,44,2020-12-01,19,-1,2,5,-33.3333333333333,"➘",37405,-2.67343937976206,5.34687875952413,13.3671968988103
"Gouda","GM0513",2021-01-07,204,204,191,188,181,161,161,2020-12-01,43,0,13,23,30,"➚",73754,0,17.6261626488055,31.1847493017328
"'s-Gravenhage","GM0518",2021-01-07,1392,1388,1358,1353,1303,1170,1170,2020-12-01,222,4,34,89,-38.1818181818182,"➘",548076,0.729825790583788,6.2035192199622,16.2386238404893
"Hardinxveld-Giessendam","GM0523",2021-01-07,27,26,24,24,20,15,15,2020-12-01,12,1,3,7,-25,"➘",18399,5.4350779933692,16.3052339801076,38.0455459535844
"Hellevoetsluis","GM0530",2021-01-07,76,75,73,73,72,61,61,2020-12-01,15,1,3,4,200,"➚",40235,2.48539828507518,7.45619485522555,9.94159314030073
"Hendrik-Ido-Ambacht","GM0531",2021-01-07,83,83,78,78,75,67,67,2020-12-01,16,0,5,8,66.6666666666667,"➚",31255,0,15.9974404095345,25.5959046552552
"Stede Broec","GM0532",2021-01-07,54,52,42,41,41,35,35,2020-12-01,19,2,12,13,1100,"➚",21768,9.18779860345461,55.1267916207277,59.720690922455
"Hillegom","GM0534",2021-01-07,17,17,17,15,14,12,12,2020-12-01,5,0,0,3,-100,"➘",22217,0,0,13.5031732457127
"Katwijk","GM0537",2021-01-07,157,155,142,136,127,97,97,2020-12-01,60,2,15,30,0,"-",66005,3.03007347928187,22.725551094614,45.4511021892281
"Krimpen aan den IJssel","GM0542",2021-01-07,77,77,70,70,63,57,57,2020-12-01,20,0,7,14,0,"-",29443,0,23.7747512142105,47.549502428421
"Leiden","GM0546",2021-01-07,175,174,170,168,161,137,137,2020-12-01,38,1,5,14,-44.4444444444444,"➘",124121,0.805665439369647,4.02832719684824,11.2793161511751
"Leiderdorp","GM0547",2021-01-07,62,62,61,61,59,50,50,2020-12-01,12,0,1,3,-50,"➘",27374,0,3.6531014831592,10.9593044494776
"Lisse","GM0553",2021-01-07,39,39,39,38,33,21,21,2020-12-01,18,0,0,6,-100,"➘",22999,0,0,26.0880907865559
"Maassluis","GM0556",2021-01-07,91,91,88,88,84,80,80,2020-12-01,11,0,3,7,-25,"➘",33557,0,8.94001251601752,20.8600292040409
"Nieuwkoop","GM0569",2021-01-07,43,43,38,38,35,23,23,2020-12-01,20,0,5,8,66.6666666666667,"➚",29146,0,17.1550126947094,27.448020311535
"Noordwijk","GM0575",2021-01-07,88,88,85,85,77,66,66,2020-12-01,22,0,3,11,-62.5,"➘",43998,0,6.81849174962498,25.0011364152916
"Oegstgeest","GM0579",2021-01-07,38,38,35,35,33,30,30,2020-12-01,8,0,3,5,50,"➚",25061,0,11.9707912693029,19.9513187821715
"Oudewater","GM0589",2021-01-07,36,36,36,36,35,33,33,2020-12-01,3,0,0,1,-100,"➘",10156,0,0,9.84639621898385
"Papendrecht","GM0590",2021-01-07,87,87,85,84,81,63,63,2020-12-01,24,0,2,6,-50,"➘",32142,0,6.22238815257296,18.6671644577189
"Ridderkerk","GM0597",2021-01-07,135,135,131,129,124,102,102,2020-12-01,33,0,4,11,-42.8571428571429,"➘",46633,0,8.57761670919735,23.5884459502927
"Rotterdam","GM0599",2021-01-07,2274,2265,2219,2209,2144,1941,1941,2020-12-01,333,9,55,130,-26.6666666666667,"➘",652742,1.37879897417356,8.42599373106066,19.915985182507
"Rijswijk","GM0603",2021-01-07,139,137,134,134,130,113,113,2020-12-01,26,2,5,9,25,"➚",55236,3.62082699688609,9.05206749221522,16.2937214859874
"Schiedam","GM0606",2021-01-07,226,226,222,220,213,196,196,2020-12-01,30,0,4,13,-55.5555555555556,"➘",79316,0,5.04311866458218,16.3901356598921
"Sliedrecht","GM0610",2021-01-07,97,97,90,90,81,60,60,2020-12-01,37,0,7,16,-22.2222222222222,"➘",25570,0,27.3758310520141,62.5733281188893
"Albrandswaard","GM0613",2021-01-07,63,62,62,62,61,55,55,2020-12-01,8,1,1,2,0,"-",25806,3.87506781368674,3.87506781368674,7.75013562737348
"Westvoorne","GM0614",2021-01-07,21,21,18,18,17,15,15,2020-12-01,6,0,3,4,200,"➚",14893,0,20.1436916672262,26.8582555563016
"Vlaardingen","GM0622",2021-01-07,177,177,170,170,169,156,156,2020-12-01,21,0,7,8,600,"➚",73950,0,9.4658553076403,10.8181203515889
"Voorschoten","GM0626",2021-01-07,30,30,30,30,26,20,20,2020-12-01,10,0,0,4,-100,"➘",25643,0,0,15.5987988924853
"Waddinxveen","GM0627",2021-01-07,70,70,70,69,67,55,55,2020-12-01,15,0,0,3,-100,"➘",30320,0,0,9.89445910290237
"Wassenaar","GM0629",2021-01-07,34,33,33,33,32,26,26,2020-12-01,8,1,1,2,0,"-",26845,3.72508847085118,3.72508847085118,7.45017694170236
"Woerden","GM0632",2021-01-07,122,122,114,114,112,99,99,2020-12-01,23,0,8,10,300,"➚",52671,0,15.1886237208331,18.9857796510414
"Zoetermeer","GM0637",2021-01-07,245,245,236,236,218,184,184,2020-12-01,61,0,9,27,-50,"➘",125284,0,7.18367868203442,21.5510360461033
"Zoeterwoude","GM0638",2021-01-07,14,14,14,14,12,9,9,2020-12-01,5,0,0,2,-100,"➘",8813,0,0,22.6937478724611
"Zwijndrecht","GM0642",2021-01-07,147,147,141,141,127,108,108,2020-12-01,39,0,6,20,-57.1428571428571,"➘",44763,0,13.4039273507138,44.6797578357125
"Borsele","GM0654",2021-01-07,19,17,15,14,11,9,9,2020-12-01,10,2,4,8,0,"-",22779,8.78001668203169,17.5600333640634,35.1200667281268
"Goes","GM0664",2021-01-07,44,44,44,44,43,32,32,2020-12-01,12,0,0,1,-100,"➘",38571,0,0,2.59262139949703
"West Maas en Waal","GM0668",2021-01-07,38,37,37,37,35,33,33,2020-12-01,5,1,1,3,-50,"➘",19560,5.11247443762781,5.11247443762781,15.3374233128834
"Hulst","GM0677",2021-01-07,35,34,34,34,32,29,29,2020-12-01,6,1,1,3,-50,"➘",27563,3.62805209882814,3.62805209882814,10.8841562964844
"Kapelle","GM0678",2021-01-07,10,10,10,10,10,7,7,2020-12-01,3,0,0,0,0,"-",12842,0,0,0
"Middelburg","GM0687",2021-01-07,41,41,39,36,36,31,31,2020-12-01,10,0,2,5,-33.3333333333333,"➘",48973,0,4.08388295591448,10.2097073897862
"Reimerswaal","GM0703",2021-01-07,22,20,18,17,16,14,14,2020-12-01,8,2,4,6,100,"➚",22931,8.72181762679342,17.4436352535868,26.1654528803803
"Terneuzen","GM0715",2021-01-07,88,85,81,81,77,63,63,2020-12-01,25,3,7,11,75,"➚",54486,5.50600154168043,12.8473369305877,20.1886723194949
"Tholen","GM0716",2021-01-07,65,65,64,64,61,58,58,2020-12-01,7,0,1,4,-66.6666666666667,"➘",26050,0,3.83877159309021,15.3550863723608
"Veere","GM0717",2021-01-07,15,15,14,14,14,14,14,2020-12-01,1,0,1,1,100,"➚",21981,0,4.54938355852782,4.54938355852782
"Vlissingen","GM0718",2021-01-07,41,38,37,36,36,28,28,2020-12-01,13,3,4,5,300,"➚",44330,6.76742612226483,9.02323482968644,11.2790435371081
"De Ronde Venen","GM0736",2021-01-07,112,112,111,111,106,95,95,2020-12-01,17,0,1,6,-80,"➘",44696,0,2.23733667442277,13.4240200465366
"Tytsjerksteradiel","GM0737",2021-01-07,15,14,12,11,8,7,7,2020-12-01,8,1,3,7,-25,"➘",32039,3.12119604232342,9.36358812697025,21.8483722962639
"Asten","GM0743",2021-01-07,43,43,41,41,40,38,38,2020-12-01,5,0,2,3,100,"➚",16802,0,11.9033448399,17.85501725985
"Baarle-Nassau","GM0744",2021-01-07,19,19,19,19,19,18,18,2020-12-01,1,0,0,0,0,"-",6901,0,0,0
"Bergen op Zoom","GM0748",2021-01-07,160,159,154,154,148,123,123,2020-12-01,37,1,6,12,0,"-",67501,1.48145953393283,8.88875720359698,17.777514407194
"Best","GM0753",2021-01-07,86,84,71,69,63,50,50,2020-12-01,36,2,15,23,87.5,"➚",30196,6.62339382699695,49.6754537024771,76.169029010465
"Boekel","GM0755",2021-01-07,38,38,38,38,37,35,35,2020-12-01,3,0,0,1,-100,"➘",10922,0,0,9.1558322651529
"Boxmeer","GM0756",2021-01-07,81,80,74,74,70,56,56,2020-12-01,25,1,7,11,75,"➚",29592,3.37929170045958,23.6550419032171,37.1722087050554
"Boxtel","GM0757",2021-01-07,84,82,77,76,72,52,52,2020-12-01,32,2,7,12,40,"➚",32675,6.12088752869166,21.4231063504208,36.72532517215
"Breda","GM0758",2021-01-07,438,437,425,423,405,365,365,2020-12-01,73,1,13,33,-35,"➘",184151,0.543032619969481,7.05942405960326,17.9200764589929
"Deurne","GM0762",2021-01-07,113,113,105,104,103,93,93,2020-12-01,20,0,8,10,300,"➚",32482,0,24.6290253063235,30.7862816329044
"Pekela","GM0765",2021-01-07,19,19,17,17,14,9,9,2020-12-01,10,0,2,5,-33.3333333333333,"➘",12163,0,16.443311682973,41.1082792074324
"Dongen","GM0766",2021-01-07,92,91,86,86,79,63,63,2020-12-01,29,1,6,13,-14.2857142857143,"➘",26358,3.79391456104408,22.7634873662645,49.3208892935731
"Eersel","GM0770",2021-01-07,83,83,82,82,81,73,73,2020-12-01,10,0,1,2,0,"-",19494,0,5.12978352313532,10.2595670462706
"Eindhoven","GM0772",2021-01-07,594,592,574,569,546,457,457,2020-12-01,137,2,20,48,-28.5714285714286,"➘",235728,0.848435484965723,8.48435484965723,20.3624516391774
"Etten-Leur","GM0777",2021-01-07,113,113,111,111,107,100,100,2020-12-01,13,0,2,6,-50,"➘",43881,0,4.55778127207675,13.6733438162303
"Geertruidenberg","GM0779",2021-01-07,40,40,38,38,36,32,32,2020-12-01,8,0,2,4,0,"-",21792,0,9.1776798825257,18.3553597650514
"Gilze en Rijen","GM0784",2021-01-07,58,58,57,57,53,44,44,2020-12-01,14,0,1,5,-75,"➘",26806,0,3.73050809520257,18.6525404760128
"Goirle","GM0785",2021-01-07,79,79,78,78,73,65,65,2020-12-01,14,0,1,6,-80,"➘",23939,0,4.17728392998872,25.0637035799323
"Grave","GM0786",2021-01-07,52,51,49,49,48,46,46,2020-12-01,6,1,3,4,200,"➚",12429,8.04569957357792,24.1370987207338,32.1827982943117
"Helmond","GM0794",2021-01-07,288,288,279,279,273,245,245,2020-12-01,43,0,9,15,50,"➚",92614,0,9.71775325544734,16.1962554257456
"'s-Hertogenbosch","GM0796",2021-01-07,356,356,342,340,326,284,284,2020-12-01,72,0,14,30,-12.5,"➘",155491,0,9.00373655066853,19.293721180004
"Heusden","GM0797",2021-01-07,128,128,123,121,114,103,103,2020-12-01,25,0,5,14,-44.4444444444444,"➘",45008,0,11.1091361535727,31.1055812300036
"Hilvarenbeek","GM0798",2021-01-07,38,38,38,38,37,33,33,2020-12-01,5,0,0,1,-100,"➘",15683,0,0,6.37633105910859
"Loon op Zand","GM0809",2021-01-07,87,86,82,81,77,72,72,2020-12-01,15,1,5,10,0,"-",23497,4.2558624505256,21.279312252628,42.558624505256
"Mill en Sint Hubert","GM0815",2021-01-07,26,26,25,25,24,23,23,2020-12-01,3,0,1,2,0,"-",11003,0,9.08843042806507,18.1768608561301
"Nuenen, Gerwen en Nederwetten","GM0820",2021-01-07,47,47,44,44,43,40,40,2020-12-01,7,0,3,4,200,"➚",23657,0,12.6812359978019,16.9083146637359
"Oirschot","GM0823",2021-01-07,53,52,48,48,46,39,39,2020-12-01,14,1,5,7,150,"➚",18838,5.3084191527763,26.5420957638815,37.1589340694341
"Oisterwijk","GM0824",2021-01-07,69,68,63,63,60,51,51,2020-12-01,18,1,6,9,100,"➚",30700,3.25732899022801,19.5439739413681,29.3159609120521
"Oosterhout","GM0826",2021-01-07,156,156,151,148,136,113,113,2020-12-01,43,0,5,20,-66.6666666666667,"➘",56184,0,8.89933077032607,35.5973230813043
"Oss","GM0828",2021-01-07,295,295,293,292,291,280,280,2020-12-01,15,0,2,4,0,"-",92442,0,2.16351874688994,4.32703749377988
"Rucphen","GM0840",2021-01-07,65,64,60,59,56,49,49,2020-12-01,16,1,5,9,25,"➚",23089,4.33106674173849,21.6553337086924,38.9796006756464
"Sint-Michielsgestel","GM0845",2021-01-07,78,78,75,75,72,64,64,2020-12-01,14,0,3,6,0,"-",29510,0,10.1660454083362,20.3320908166723
"Someren","GM0847",2021-01-07,50,50,44,44,40,36,36,2020-12-01,14,0,6,10,50,"➚",19395,0,30.9358081979892,51.559680329982
"Son en Breugel","GM0848",2021-01-07,51,51,49,48,47,44,44,2020-12-01,7,0,2,4,0,"-",17526,0,11.4116170261326,22.8232340522652
"Steenbergen","GM0851",2021-01-07,68,68,63,63,57,53,53,2020-12-01,15,0,5,11,-16.6666666666667,"➘",24315,0,20.5634382068682,45.23956405511
"Waterland","GM0852",2021-01-07,42,42,41,41,39,34,34,2020-12-01,8,0,1,3,-50,"➘",17325,0,5.77200577200577,17.3160173160173
"Tilburg","GM0855",2021-01-07,755,753,726,724,696,608,608,2020-12-01,147,2,29,59,-3.33333333333333,"-",221358,0.90351376503221,13.100949592967,26.6536560684502
"Uden","GM0856",2021-01-07,146,144,143,143,142,136,136,2020-12-01,10,2,3,4,200,"➚",42244,4.7344001515008,7.10160022725121,9.46880030300161
"Valkenswaard","GM0858",2021-01-07,68,68,65,64,63,53,53,2020-12-01,15,0,3,5,50,"➚",31253,0,9.59907848846511,15.9984641474418
"Veldhoven","GM0861",2021-01-07,131,131,126,126,123,99,99,2020-12-01,32,0,5,8,66.6666666666667,"➚",45562,0,10.9740573284755,17.5584917255608
"Vught","GM0865",2021-01-07,89,89,88,86,86,69,69,2020-12-01,20,0,1,3,-50,"➘",30756,0,3.25139810118351,9.75419430355053
"Waalre","GM0866",2021-01-07,32,32,30,30,30,28,28,2020-12-01,4,0,2,2,200,"➚",17519,0,11.4161767224157,11.4161767224157
"Waalwijk","GM0867",2021-01-07,174,172,167,166,152,135,135,2020-12-01,39,2,7,22,-53.3333333333333,"➘",48826,4.09617826567812,14.3366239298734,45.0579609224593
"Woensdrecht","GM0873",2021-01-07,42,42,41,40,40,36,36,2020-12-01,6,0,1,2,0,"-",22002,0,4.54504135987638,9.09008271975275
"Zundert","GM0879",2021-01-07,56,56,56,56,55,47,47,2020-12-01,9,0,0,1,-100,"➘",21995,0,0,4.54648783814503
"Wormerland","GM0880",2021-01-07,43,42,40,39,38,37,37,2020-12-01,6,1,3,5,50,"➚",16295,6.13685179502915,18.4105553850875,30.6842589751458
"Landgraaf","GM0882",2021-01-07,99,99,93,90,83,76,76,2020-12-01,23,0,6,16,-40,"➘",37325,0,16.0750167448091,42.866711319491
"Beek","GM0888",2021-01-07,30,30,30,30,26,22,22,2020-12-01,8,0,0,4,-100,"➘",15872,0,0,25.2016129032258
"Beesel","GM0889",2021-01-07,11,11,10,10,10,9,9,2020-12-01,2,0,1,1,100,"➚",13464,0,7.42721330956625,7.42721330956625
"Bergen (L.)","GM0893",2021-01-07,21,21,18,18,16,13,13,2020-12-01,8,0,3,5,50,"➚",13111,0,22.8815498436427,38.1359164060712
"Brunssum","GM0899",2021-01-07,77,77,73,73,69,60,60,2020-12-01,17,0,4,8,0,"-",27655,0,14.4639305731332,28.9278611462665
"Gennep","GM0907",2021-01-07,40,40,38,37,35,27,27,2020-12-01,13,0,2,5,-33.3333333333333,"➘",17019,0,11.7515717727246,29.3789294318115
"Heerlen","GM0917",2021-01-07,203,202,191,191,182,169,169,2020-12-01,34,1,12,21,33.3333333333333,"➚",86829,1.15168895184789,13.8202674221746,24.1854679888056
"Kerkrade","GM0928",2021-01-07,114,113,112,112,102,94,94,2020-12-01,20,1,2,12,-80,"➘",45499,2.19785050220884,4.39570100441768,26.3742060265061
"Maastricht","GM0935",2021-01-07,325,324,304,297,281,240,240,2020-12-01,85,1,21,44,-8.69565217391305,"➘",120379,0.830709675275588,17.4449031807873,36.5512257121259
"Meerssen","GM0938",2021-01-07,37,37,36,35,34,29,29,2020-12-01,8,0,1,3,-50,"➘",18710,0,5.34473543559594,16.0342063067878
"Mook en Middelaar","GM0944",2021-01-07,20,20,20,20,19,18,18,2020-12-01,2,0,0,1,-100,"➘",7901,0,0,12.6566257435768
"Nederweert","GM0946",2021-01-07,38,36,35,34,33,29,29,2020-12-01,9,2,3,5,50,"➚",17171,11.6475452798323,17.4713179197484,29.1188631995807
"Roermond","GM0957",2021-01-07,146,146,142,142,133,121,121,2020-12-01,25,0,4,13,-55.5555555555556,"➘",58784,0,6.80457267283615,22.1148611867175
"Simpelveld","GM0965",2021-01-07,27,27,25,25,25,24,24,2020-12-01,3,0,2,2,200,"➚",10495,0,19.0566936636494,19.0566936636494
"Stein","GM0971",2021-01-07,69,69,69,69,65,59,59,2020-12-01,10,0,0,4,-100,"➘",24876,0,0,16.0797555877151
"Vaals","GM0981",2021-01-07,18,18,18,18,15,14,14,2020-12-01,4,0,0,3,-100,"➘",10113,0,0,29.6647878967665
"Venlo","GM0983",2021-01-07,29,29,29,29,27,20,20,2020-12-01,9,0,0,2,-100,"➘",101967,0,0,1.96141889042533
"Venray","GM0984",2021-01-07,39,39,34,34,33,29,29,2020-12-01,10,0,5,6,400,"➚",43704,0,11.4406004027091,13.728720483251
"Voerendaal","GM0986",2021-01-07,25,25,25,25,24,22,22,2020-12-01,3,0,0,1,-100,"➘",12478,0,0,8.0141048244911
"Weert","GM0988",2021-01-07,127,125,121,118,106,74,74,2020-12-01,53,2,6,21,-60,"➘",50008,3.99936010238362,11.9980803071509,41.993281075028
"Valkenburg aan de Geul","GM0994",2021-01-07,28,28,26,25,25,20,20,2020-12-01,8,0,2,3,100,"➚",16399,0,12.1958656015611,18.2937984023416
"Lelystad","GM0995",2021-01-07,196,195,185,183,171,147,147,2020-12-01,49,1,11,25,-21.4285714285714,"➘",79703,1.25465791751879,13.8012370927067,31.3664479379697
"Horst aan de Maas","GM1507",2021-01-07,13,13,13,13,12,10,10,2020-12-01,3,0,0,1,-100,"➘",42464,0,0,2.35493594574228
"Oude IJsselstreek","GM1509",2021-01-07,59,58,56,56,52,47,47,2020-12-01,12,1,3,7,-25,"➘",39348,2.5414252312697,7.62427569380909,17.7899766188879
"Teylingen","GM1525",2021-01-07,56,55,52,51,47,42,42,2020-12-01,14,1,4,9,-20,"➘",37761,2.64823495140489,10.5929398056196,23.834114562644
"Utrechtse Heuvelrug","GM1581",2021-01-07,75,75,71,71,67,53,53,2020-12-01,22,0,4,8,0,"-",49962,0,8.00608462431448,16.012169248629
"Oost Gelre","GM1586",2021-01-07,62,62,60,60,60,52,52,2020-12-01,10,0,2,2,200,"➚",29574,0,6.76269696354906,6.76269696354906
"Koggenland","GM1598",2021-01-07,27,26,24,24,21,19,19,2020-12-01,8,1,3,6,0,"-",22932,4.36071864643293,13.0821559392988,26.1643118785976
"Lansingerland","GM1621",2021-01-07,116,115,113,111,109,101,101,2020-12-01,15,1,3,7,-25,"➘",63295,1.57990362587882,4.73971087763646,11.0593253811517
"Leudal","GM1640",2021-01-07,82,82,79,78,74,66,66,2020-12-01,16,0,3,8,-40,"➘",36027,0,8.32708801732034,22.2055680461876
"Maasgouw","GM1641",2021-01-07,56,56,51,51,47,42,42,2020-12-01,14,0,5,9,25,"➚",23976,0,20.8541875208542,37.5375375375375
"Gemert-Bakel","GM1652",2021-01-07,112,110,104,104,102,97,97,2020-12-01,15,2,8,10,300,"➚",30751,6.50385353321843,26.0154141328737,32.5192676660922
"Halderberge","GM1655",2021-01-07,82,82,82,81,78,68,68,2020-12-01,14,0,0,4,-100,"➘",30461,0,0,13.1315452545878
"Heeze-Leende","GM1658",2021-01-07,39,38,37,37,35,29,29,2020-12-01,10,1,2,4,0,"-",16222,6.16446800641105,12.3289360128221,24.6578720256442
"Laarbeek","GM1659",2021-01-07,75,75,74,73,68,64,64,2020-12-01,11,0,1,7,-83.3333333333333,"➘",22787,0,4.38846710843902,30.7192697590732
"Reusel-De Mierden","GM1667",2021-01-07,39,39,38,38,36,35,35,2020-12-01,4,0,1,3,-50,"➘",13123,0,7.62020879372095,22.8606263811628
"Roerdalen","GM1669",2021-01-07,45,45,43,43,41,40,40,2020-12-01,5,0,2,4,0,"-",20612,0,9.70308558121483,19.4061711624297
"Roosendaal","GM1674",2021-01-07,181,181,177,177,172,151,151,2020-12-01,30,0,4,9,-20,"➘",77256,0,5.17759138448794,11.6495806150979
"Schouwen-Duiveland","GM1676",2021-01-07,32,32,29,27,27,23,23,2020-12-01,9,0,3,5,50,"➚",33990,0,8.8261253309797,14.7102088849662
"Aa en Hunze","GM1680",2021-01-07,8,8,8,8,7,5,5,2020-12-01,3,0,0,1,-100,"➘",25366,0,0,3.94228494835607
"Borger-Odoorn","GM1681",2021-01-07,27,26,21,20,17,13,13,2020-12-01,14,1,6,10,50,"➚",25587,3.90823465040841,23.4494079024505,39.0823465040841
"Cuijk","GM1684",2021-01-07,48,47,42,42,42,37,37,2020-12-01,11,1,6,6,600,"➚",25373,3.9411973357506,23.6471840145036,23.6471840145036
"Landerd","GM1685",2021-01-07,52,51,49,49,49,48,48,2020-12-01,4,1,3,3,300,"➚",15838,6.31392852632908,18.9417855789872,18.9417855789872
"De Wolden","GM1690",2021-01-07,30,30,25,25,23,20,20,2020-12-01,10,0,5,7,150,"➚",24374,0,20.5136620989579,28.7191269385411
"Noord-Beveland","GM1695",2021-01-07,4,4,4,4,4,4,4,2020-12-01,0,0,0,0,0,"-",7570,0,0,0
"Wijdemeren","GM1696",2021-01-07,15,14,12,12,12,12,12,2020-12-01,3,1,3,3,300,"➚",24440,4.09165302782324,12.2749590834697,12.2749590834697
"Noordenveld","GM1699",2021-01-07,12,12,12,12,12,8,8,2020-12-01,4,0,0,0,0,"-",31216,0,0,0
"Twenterand","GM1700",2021-01-07,104,102,92,92,74,55,55,2020-12-01,49,2,12,30,-33.3333333333333,"➘",33696,5.93542260208927,35.6125356125356,89.031339031339
"Westerveld","GM1701",2021-01-07,14,14,14,13,12,8,8,2020-12-01,6,0,0,2,-100,"➘",19638,0,0,10.1843364904776
"Sint Anthonis","GM1702",2021-01-07,26,26,25,25,24,22,22,2020-12-01,4,0,1,2,0,"-",11687,0,8.55651578677163,17.1130315735433
"Lingewaard","GM1705",2021-01-07,67,66,66,66,54,37,37,2020-12-01,30,1,1,13,-91.6666666666667,"➘",46781,2.13761997392104,2.13761997392104,27.7890596609735
"Cranendonck","GM1706",2021-01-07,68,68,65,64,63,57,57,2020-12-01,11,0,3,5,50,"➚",21007,0,14.280953967725,23.8015899462084
"Steenwijkerland","GM1708",2021-01-07,35,35,32,31,26,16,16,2020-12-01,19,0,3,9,-50,"➘",44301,0,6.77185616577504,20.3155684973251
"Moerdijk","GM1709",2021-01-07,77,77,74,73,66,55,55,2020-12-01,22,0,3,11,-62.5,"➘",37193,0,8.06603393111607,29.5754577474256
"Echt-Susteren","GM1711",2021-01-07,68,68,60,60,59,57,57,2020-12-01,11,0,8,9,700,"➚",31751,0,25.1960568171081,28.3455639192466
"Sluis","GM1714",2021-01-07,40,39,38,38,34,22,22,2020-12-01,18,1,2,6,-50,"➘",23143,4.32096098172233,8.64192196344467,25.925765890334
"Drimmelen","GM1719",2021-01-07,63,63,59,59,50,43,43,2020-12-01,20,0,4,13,-55.5555555555556,"➘",27334,0,14.6337894197703,47.5598156142533
"Bernheze","GM1721",2021-01-07,121,121,121,121,118,116,116,2020-12-01,5,0,0,3,-100,"➘",31398,0,0,9.55474871010892
"Alphen-Chaam","GM1723",2021-01-07,40,40,40,40,40,38,38,2020-12-01,2,0,0,0,0,"-",10362,0,0,0
"Bergeijk","GM1724",2021-01-07,61,60,59,59,56,52,52,2020-12-01,9,1,2,5,-33.3333333333333,"➘",18745,5.33475593491598,10.669511869832,26.6737796745799
"Bladel","GM1728",2021-01-07,61,61,60,60,58,53,53,2020-12-01,8,0,1,3,-50,"➘",20552,0,4.86570650058388,14.5971195017517
"Gulpen-Wittem","GM1729",2021-01-07,34,34,32,32,30,28,28,2020-12-01,6,0,2,4,0,"-",14184,0,14.1003948110547,28.2007896221094
"Tynaarlo","GM1730",2021-01-07,18,18,15,15,14,11,11,2020-12-01,7,0,3,4,200,"➚",33927,0,8.84251481121231,11.7900197482831
"Midden-Drenthe","GM1731",2021-01-07,25,24,23,21,20,14,14,2020-12-01,11,1,2,5,-33.3333333333333,"➘",33357,2.99787151122703,5.99574302245406,14.9893575561351
"Overbetuwe","GM1734",2021-01-07,61,61,61,60,60,51,51,2020-12-01,10,0,0,1,-100,"➘",48147,0,0,2.07697260473134
"Hof van Twente","GM1735",2021-01-07,75,75,73,73,69,58,58,2020-12-01,17,0,2,6,-50,"➘",35037,0,5.70825127722122,17.1247538316637
"Neder-Betuwe","GM1740",2021-01-07,83,82,79,79,76,64,64,2020-12-01,19,1,4,7,33.3333333333333,"➚",24634,4.05943005602013,16.2377202240805,28.4160103921409
"Rijssen-Holten","GM1742",2021-01-07,89,89,82,81,74,60,60,2020-12-01,29,0,7,15,-12.5,"➘",38182,0,18.3332460321618,39.2855272117752
"Geldrop-Mierlo","GM1771",2021-01-07,116,115,109,109,102,85,85,2020-12-01,31,1,7,14,0,"-",40097,2.49395216599746,17.4576651619822,34.9153303239644
"Olst-Wijhe","GM1773",2021-01-07,16,16,16,16,13,12,12,2020-12-01,4,0,0,3,-100,"➘",18348,0,0,16.3505559189012
"Dinkelland","GM1774",2021-01-07,62,62,58,57,55,48,48,2020-12-01,14,0,4,7,33.3333333333333,"➚",26616,0,15.0285542530809,26.2999699428915
"Westland","GM1783",2021-01-07,243,239,230,227,215,177,177,2020-12-01,66,4,13,28,-13.3333333333333,"➘",111342,3.59253471286666,11.6757378168167,25.1477429900666
"Midden-Delfland","GM1842",2021-01-07,41,40,37,37,35,28,28,2020-12-01,13,1,4,6,100,"➚",19378,5.16049127876974,20.641965115079,30.9629476726184
"Berkelland","GM1859",2021-01-07,72,72,68,68,66,61,61,2020-12-01,11,0,4,6,100,"➚",43821,0,9.12804363204856,13.6920654480728
"Bronckhorst","GM1876",2021-01-07,63,63,61,59,58,47,47,2020-12-01,16,0,2,5,-33.3333333333333,"➘",36103,0,5.53970584161981,13.8492646040495
"Sittard-Geleen","GM1883",2021-01-07,197,196,185,183,173,158,158,2020-12-01,39,1,12,24,0,"-",91781,1.08955012475349,13.0746014970419,26.1492029940837
"Kaag en Braassem","GM1884",2021-01-07,40,40,38,38,34,26,26,2020-12-01,14,0,2,6,-50,"➘",27547,0,7.26031872799216,21.7809561839765
"Dantumadiel","GM1891",2021-01-07,10,10,9,9,6,3,3,2020-12-01,7,0,1,4,-66.6666666666667,"➘",18927,0,5.28345749458446,21.1338299783378
"Zuidplas","GM1892",2021-01-07,86,86,79,79,75,66,66,2020-12-01,20,0,7,11,75,"➚",45015,0,15.5503720981895,24.4362990114406
"Peel en Maas","GM1894",2021-01-07,36,36,36,36,35,34,34,2020-12-01,2,0,0,1,-100,"➘",43695,0,0,2.28859137201053
"Oldambt","GM1895",2021-01-07,47,47,45,45,33,21,21,2020-12-01,26,0,2,14,-83.3333333333333,"➘",38281,0,5.22452391525822,36.5716674068076
"Zwartewaterland","GM1896",2021-01-07,26,26,25,24,22,18,18,2020-12-01,8,0,1,4,-66.6666666666667,"➘",22797,0,4.38654208887134,17.5461683554854
"Súdwest-Fryslân","GM1900",2021-01-07,75,73,71,67,61,46,46,2020-12-01,29,2,4,14,-60,"➘",89930,2.22395196263761,4.44790392527521,15.5676637384633
"Bodegraven-Reeuwijk","GM1901",2021-01-07,71,69,67,67,63,51,51,2020-12-01,20,2,4,8,0,"-",35288,5.66764905917026,11.3352981183405,22.670596236681
"Eijsden-Margraten","GM1903",2021-01-07,74,74,71,70,69,64,64,2020-12-01,10,0,3,5,50,"➚",25903,0,11.5816700768251,19.3027834613751
"Stichtse Vecht","GM1904",2021-01-07,140,138,135,133,128,106,106,2020-12-01,34,2,5,12,-28.5714285714286,"➘",65142,3.07021583617328,7.67553959043321,18.4212950170397
"Hollands Kroon","GM1911",2021-01-07,72,72,63,63,54,40,40,2020-12-01,32,0,9,18,0,"-",48532,0,18.5444655072942,37.0889310145883
"Leidschendam-Voorburg","GM1916",2021-01-07,137,137,129,129,120,105,105,2020-12-01,32,0,8,17,-11.1111111111111,"➘",76451,0,10.4642189114596,22.2364651868517
"Goeree-Overflakkee","GM1924",2021-01-07,140,138,130,128,124,108,108,2020-12-01,32,2,10,16,66.6666666666667,"➚",50567,3.9551486147092,19.775743073546,31.6411889176736
"Pijnacker-Nootdorp","GM1926",2021-01-07,79,79,76,76,73,70,70,2020-12-01,9,0,3,6,0,"-",55592,0,5.39645992229098,10.792919844582
"Nissewaard","GM1930",2021-01-07,224,223,214,214,206,172,172,2020-12-01,52,1,10,18,25,"➚",85302,1.17230545590959,11.7230545590959,21.1014982063727
"Krimpenerwaard","GM1931",2021-01-07,144,141,137,135,127,115,115,2020-12-01,29,3,7,17,-30,"➘",56559,5.30419561873442,12.3764564437136,30.0571085061617
"De Fryske Marren","GM1940",2021-01-07,47,46,41,41,38,33,33,2020-12-01,14,1,6,9,100,"➚",51735,1.93292741857543,11.5975645114526,17.3963467671789
"Gooise Meren","GM1942",2021-01-07,33,32,28,28,27,24,24,2020-12-01,9,1,5,6,400,"➚",58466,1.71039578558478,8.55197892792392,10.2623747135087
"Berg en Dal","GM1945",2021-01-07,94,94,92,92,87,79,79,2020-12-01,15,0,2,7,-60,"➘",35015,0,5.71183778380694,19.9914322433243
"Meierijstad","GM1948",2021-01-07,319,319,314,314,305,297,297,2020-12-01,22,0,5,14,-44.4444444444444,"➘",81653,0,6.12347372417425,17.1457264276879
"Waadhoeke","GM1949",2021-01-07,31,30,27,27,19,15,15,2020-12-01,16,1,4,12,-50,"➘",46082,2.17004470292088,8.68017881168352,26.0405364350506
"Westerwolde","GM1950",2021-01-07,29,29,27,27,26,19,19,2020-12-01,10,0,2,3,100,"➚",26284,0,7.60919190381981,11.4137878557297
"Midden-Groningen","GM1952",2021-01-07,73,72,66,65,53,42,42,2020-12-01,31,1,7,20,-46.1538461538462,"➘",60745,1.64622602683348,11.5235821878344,32.9245205366697
"Beekdaelen","GM1954",2021-01-07,84,84,82,81,73,67,67,2020-12-01,17,0,2,11,-77.7777777777778,"➘",36073,0,5.54431292102126,30.4937210656169
"Montferland","GM1955",2021-01-07,53,53,50,50,49,42,42,2020-12-01,11,0,3,4,200,"➚",36062,0,8.31900615606456,11.0920082080861
"Altena","GM1959",2021-01-07,155,152,142,141,127,98,98,2020-12-01,57,3,13,28,-13.3333333333333,"➘",56308,5.32783973858066,23.0873055338495,49.7265042267529
"West Betuwe","GM1960",2021-01-07,142,141,137,136,132,113,113,2020-12-01,29,1,5,10,0,"-",51489,1.94216240362019,9.71081201810095,19.4216240362019
"Vijfheerenlanden","GM1961",2021-01-07,112,110,106,105,97,90,90,2020-12-01,22,2,6,15,-33.3333333333333,"➘",57786,3.46104592807947,10.3831377842384,25.957844460596
"Hoeksche Waard","GM1963",2021-01-07,185,182,174,174,166,150,150,2020-12-01,35,3,11,19,37.5,"➚",87963,3.410524879779,12.505257892523,21.599990905267
"Het Hogeland","GM1966",2021-01-07,25,22,22,22,20,13,13,2020-12-01,12,3,3,5,50,"➚",47859,6.26841346455212,6.26841346455212,10.4473557742535
"Westerkwartier","GM1969",2021-01-07,62,62,56,56,51,39,39,2020-12-01,23,0,6,11,20,"➚",63603,0,9.43351728692043,17.2947816926875
"Noardeast-Fryslân","GM1970",2021-01-07,34,32,27,27,24,14,14,2020-12-01,20,2,7,10,133.333333333333,"➚",45479,4.3976340728688,15.3917192550408,21.988170364344
"Molenlanden","GM1978",2021-01-07,82,80,75,74,68,60,60,2020-12-01,22,2,7,14,0,"-",44105,4.53463326153497,15.8712164153724,31.7424328307448
"Eemsdelta","GM1979",2021-01-07,60,60,54,53,45,25,25,2020-12-01,35,0,6,15,-33.3333333333333,"➘",45606,0,13.156163662676,32.8904091566899
