"municipality","Municipality_code","date","d0","d1","d7","d8","d14","dec1","lowest_since_dec1","lowest_since_dec1_date","current","increase_1d","increase_7d","increase_14d","increase_growth","growth","population","rel_increase_1d","rel_increase_7d","rel_increase_14d"
"Netherlands","",2021-01-28,40846,40657,39768,39550,38388,27928,27928,2020-12-01,12918,189,1078,2458,-21.8840579710145,"&#x2798;",17443797,1.08347970341549,6.17984719725872,14.0909688412448
"Unknown","",2021-01-28,1160,1154,1124,1118,1086,813,813,2020-12-01,347,6,36,74,-5.26315789473685,"&#x2798;",NA,NA,NA,NA
"Groningen","GM0014",2021-01-28,155,155,143,143,136,76,76,2020-12-01,79,0,12,19,71.4285714285714,"&#x279A;",233456,0,5.14015489000069,8.13857857583442
"Almere","GM0034",2021-01-28,155,155,149,148,146,86,86,2020-12-01,69,0,6,9,100,"&#x279A;",214551,0,2.79653788609701,4.19480682914552
"Stadskanaal","GM0037",2021-01-28,45,45,43,42,39,22,22,2020-12-01,23,0,2,6,-50,"&#x2798;",31702,0,6.30875023657813,18.9262507097344
"Veendam","GM0047",2021-01-28,34,34,31,30,28,13,13,2020-12-01,21,0,3,6,0,"-",27416,0,10.9425153195214,21.8850306390429
"Zeewolde","GM0050",2021-01-28,43,42,42,42,41,20,20,2020-12-01,23,1,1,2,0,"-",22836,4.37905062182519,4.37905062182519,8.75810124365038
"Achtkarspelen","GM0059",2021-01-28,35,33,29,28,21,10,10,2020-12-01,25,2,6,14,-25,"&#x2798;",27881,7.17334385423765,21.520031562713,50.2134069796636
"Ameland","GM0060",2021-01-28,3,3,3,3,3,0,0,2020-12-01,3,0,0,0,0,"-",3747,0,0,0
"Harlingen","GM0072",2021-01-28,10,10,10,10,10,7,7,2020-12-01,3,0,0,0,0,"-",15835,0,0,0
"Heerenveen","GM0074",2021-01-28,54,51,51,51,48,32,32,2020-12-01,22,3,3,6,0,"-",50626,5.92580887291115,5.92580887291115,11.8516177458223
"Leeuwarden","GM0080",2021-01-28,119,118,114,113,109,65,65,2020-12-01,54,1,5,10,0,"-",124517,0.803103190728977,4.01551595364488,8.03103190728977
"Ooststellingwerf","GM0085",2021-01-28,24,24,23,23,22,16,16,2020-12-01,8,0,1,2,0,"-",25437,0,3.93128120454456,7.86256240908912
"Opsterland","GM0086",2021-01-28,36,35,34,34,33,16,16,2020-12-01,20,1,2,3,100,"&#x279A;",29812,3.35435395142895,6.70870790285791,10.0630618542869
"Schiermonnikoog","GM0088",2021-01-28,1,1,1,1,1,1,1,2020-12-01,0,0,0,0,0,"-",936,0,0,0
"Smallingerland","GM0090",2021-01-28,68,66,61,59,52,30,30,2020-12-01,38,2,7,16,-22.2222222222222,"&#x2798;",56060,3.56760613628255,12.4866214769889,28.5408490902604
"Terschelling","GM0093",2021-01-28,2,2,2,2,2,1,1,2020-12-01,1,0,0,0,0,"-",4883,0,0,0
"Vlieland","GM0096",2021-01-28,0,0,0,0,0,0,0,2020-12-01,0,0,0,0,0,"-",1200,0,0,0
"Weststellingwerf","GM0098",2021-01-28,18,18,18,17,17,10,10,2020-12-01,8,0,0,1,-100,"&#x2798;",26112,0,0,3.8296568627451
"Assen","GM0106",2021-01-28,72,72,68,67,63,35,35,2020-12-01,37,0,4,9,-20,"&#x2798;",68812,0,5.81293960355752,13.0791141080044
"Coevorden","GM0109",2021-01-28,76,76,71,71,63,28,28,2020-12-01,48,0,5,13,-37.5,"&#x2798;",35309,0,14.1606955733666,36.8178084907531
"Emmen","GM0114",2021-01-28,185,185,180,175,165,116,116,2020-12-01,69,0,5,20,-66.6666666666667,"&#x2798;",106984,0,4.67359605174606,18.6943842069842
"Hoogeveen","GM0118",2021-01-28,106,106,103,103,101,56,56,2020-12-01,50,0,3,5,50,"&#x279A;",55604,0,5.39529530249622,8.9921588374937
"Meppel","GM0119",2021-01-28,30,30,28,28,25,11,11,2020-12-01,19,0,2,5,-33.3333333333333,"&#x2798;",34324,0,5.82682671017364,14.5670667754341
"Almelo","GM0141",2021-01-28,254,254,246,246,240,166,166,2020-12-01,88,0,8,14,33.3333333333333,"&#x279A;",73180,0,10.9319486198415,19.1309100847226
"Borne","GM0147",2021-01-28,60,60,58,58,55,38,38,2020-12-01,22,0,2,5,-33.3333333333333,"&#x2798;",23637,0,8.46131065702077,21.1532766425519
"Dalfsen","GM0148",2021-01-28,31,29,28,28,28,13,13,2020-12-01,18,2,3,3,300,"&#x279A;",28919,6.91586846018189,10.3738026902728,10.3738026902728
"Deventer","GM0150",2021-01-28,206,205,199,199,194,133,133,2020-12-01,73,1,7,12,40,"&#x279A;",101100,0.989119683481701,6.92383778437191,11.8694362017804
"Enschede","GM0153",2021-01-28,377,377,374,370,359,239,239,2020-12-01,138,0,3,18,-80,"&#x2798;",159872,0,1.87650120096077,11.2590072057646
"Haaksbergen","GM0158",2021-01-28,76,76,75,73,68,47,47,2020-12-01,29,0,1,8,-85.7142857142857,"&#x2798;",24237,0,4.12592317531048,33.0073854024838
"Hardenberg","GM0160",2021-01-28,101,101,98,97,91,47,47,2020-12-01,54,0,3,10,-57.1428571428571,"&#x2798;",61327,0,4.89180948032677,16.3060316010892
"Hellendoorn","GM0163",2021-01-28,80,79,75,74,71,37,37,2020-12-01,43,1,5,9,25,"&#x279A;",35903,2.78528256691641,13.9264128345821,25.0675431022477
"Hengelo","GM0164",2021-01-28,195,195,188,187,180,127,127,2020-12-01,68,0,7,15,-12.5,"&#x2798;",81099,0,8.63142578823413,18.4959124033589
"Kampen","GM0166",2021-01-28,51,51,51,51,49,40,40,2020-12-01,11,0,0,2,-100,"&#x2798;",54438,0,0,3.67390425805503
"Losser","GM0168",2021-01-28,78,78,76,76,72,41,41,2020-12-01,37,0,2,6,-50,"&#x2798;",22867,0,8.74622818909345,26.2386845672804
"Noordoostpolder","GM0171",2021-01-28,55,55,54,54,50,26,26,2020-12-01,29,0,1,5,-75,"&#x2798;",47597,0,2.10097275038343,10.5048637519171
"Oldenzaal","GM0173",2021-01-28,96,96,95,93,91,58,58,2020-12-01,38,0,1,5,-75,"&#x2798;",31734,0,3.1511943026407,15.7559715132035
"Ommen","GM0175",2021-01-28,37,37,34,34,33,19,19,2020-12-01,18,0,3,4,200,"&#x279A;",18272,0,16.4185639229422,21.8914185639229
"Raalte","GM0177",2021-01-28,64,63,60,58,53,36,36,2020-12-01,28,1,4,11,-42.8571428571429,"&#x2798;",37920,2.63713080168776,10.5485232067511,29.0084388185654
"Staphorst","GM0180",2021-01-28,33,33,31,31,29,15,15,2020-12-01,18,0,2,4,0,"-",17276,0,11.5767538782125,23.1535077564251
"Tubbergen","GM0183",2021-01-28,56,56,55,54,52,39,39,2020-12-01,17,0,1,4,-66.6666666666667,"&#x2798;",21322,0,4.6899915580152,18.7599662320608
"Urk","GM0184",2021-01-28,69,69,69,69,67,45,45,2020-12-01,24,0,0,2,-100,"&#x2798;",21208,0,0,9.43040362127499
"Wierden","GM0189",2021-01-28,68,67,64,64,63,38,38,2020-12-01,30,1,4,5,300,"&#x279A;",24532,4.0763084950269,16.3052339801076,20.3815424751345
"Zwolle","GM0193",2021-01-28,81,81,79,79,77,45,45,2020-12-01,36,0,2,4,0,"-",129697,0,1.54205571447296,3.08411142894593
"Aalten","GM0197",2021-01-28,45,44,42,42,41,24,24,2020-12-01,21,1,3,4,200,"&#x279A;",27133,3.68554896251797,11.0566468875539,14.7421958500719
"Apeldoorn","GM0200",2021-01-28,335,334,330,329,317,224,224,2020-12-01,111,1,5,18,-61.5384615384615,"&#x2798;",164717,0.607101877766108,3.03550938883054,10.9278337997899
"Arnhem","GM0202",2021-01-28,131,131,129,129,127,67,67,2020-12-01,64,0,2,4,0,"-",162353,0,1.23188361163637,2.46376722327274
"Barneveld","GM0203",2021-01-28,122,121,115,115,109,64,64,2020-12-01,58,1,7,13,16.6666666666667,"&#x279A;",59938,1.66839067035937,11.6787346925156,21.6890787146718
"Beuningen","GM0209",2021-01-28,55,55,53,53,52,37,37,2020-12-01,18,0,2,3,100,"&#x279A;",26159,0,7.64555220000764,11.4683283000115
"Brummen","GM0213",2021-01-28,42,42,42,42,40,21,21,2020-12-01,21,0,0,2,-100,"&#x2798;",20867,0,0,9.58451142952988
"Buren","GM0214",2021-01-28,85,83,81,80,75,47,47,2020-12-01,38,2,4,10,-33.3333333333333,"&#x2798;",26997,7.40823054413453,14.8164610882691,37.0411527206727
"Culemborg","GM0216",2021-01-28,88,86,83,82,75,60,60,2020-12-01,28,2,5,13,-37.5,"&#x2798;",29132,6.86530275985171,17.1632568996293,44.6244679390361
"Doesburg","GM0221",2021-01-28,19,19,19,19,19,10,10,2020-12-01,9,0,0,0,0,"-",11061,0,0,0
"Doetinchem","GM0222",2021-01-28,98,98,95,95,94,66,66,2020-12-01,32,0,3,4,200,"&#x279A;",58227,0,5.15224895666959,6.86966527555945
"Druten","GM0225",2021-01-28,71,71,67,66,65,47,47,2020-12-01,24,0,4,6,100,"&#x279A;",18980,0,21.0748155953635,31.6122233930453
"Duiven","GM0226",2021-01-28,22,22,22,22,22,11,11,2020-12-01,11,0,0,0,0,"-",25072,0,0,0
"Ede","GM0228",2021-01-28,275,275,272,270,259,172,172,2020-12-01,103,0,3,16,-76.9230769230769,"&#x2798;",118538,0,2.53083399416221,13.4977813021984
"Elburg","GM0230",2021-01-28,45,45,45,45,43,25,25,2020-12-01,20,0,0,2,-100,"&#x2798;",23443,0,0,8.53133131425159
"Epe","GM0232",2021-01-28,77,76,76,76,74,50,50,2020-12-01,27,1,1,3,-50,"&#x2798;",33198,3.0122296523887,3.0122296523887,9.03668895716609
"Ermelo","GM0233",2021-01-28,86,85,83,82,80,53,53,2020-12-01,33,1,3,6,0,"-",27044,3.69767785830498,11.093033574915,22.1860671498299
"Harderwijk","GM0243",2021-01-28,145,145,145,144,133,80,80,2020-12-01,65,0,0,12,-100,"&#x2798;",48657,0,0,24.6624329490104
"Hattem","GM0244",2021-01-28,12,12,12,12,12,9,9,2020-12-01,3,0,0,0,0,"-",12235,0,0,0
"Heerde","GM0246",2021-01-28,25,25,25,24,23,18,18,2020-12-01,7,0,0,2,-100,"&#x2798;",18744,0,0,10.6700810926163
"Heumen","GM0252",2021-01-28,48,48,45,44,43,33,33,2020-12-01,15,0,3,5,50,"&#x279A;",16579,0,18.0951806502202,30.1586344170336
"Lochem","GM0262",2021-01-28,55,55,55,55,52,34,34,2020-12-01,21,0,0,3,-100,"&#x2798;",33907,0,0,8.8477305571121
"Maasdriel","GM0263",2021-01-28,57,55,55,55,54,42,42,2020-12-01,15,2,2,3,100,"&#x279A;",25441,7.86132620573091,7.86132620573091,11.7919893085964
"Nijkerk","GM0267",2021-01-28,95,95,93,93,88,57,57,2020-12-01,38,0,2,7,-60,"&#x2798;",43577,0,4.58957707047296,16.0635197466553
"Nijmegen","GM0268",2021-01-28,418,418,408,407,394,308,308,2020-12-01,110,0,10,24,-28.5714285714286,"&#x2798;",177463,0,5.63497743191539,13.5239458365969
"Oldebroek","GM0269",2021-01-28,34,34,34,34,33,14,14,2020-12-01,20,0,0,1,-100,"&#x2798;",23749,0,0,4.21070360857299
"Putten","GM0273",2021-01-28,45,45,45,44,43,30,30,2020-12-01,15,0,0,2,-100,"&#x2798;",24384,0,0,8.20209973753281
"Renkum","GM0274",2021-01-28,38,38,37,37,36,22,22,2020-12-01,16,0,1,2,0,"-",31413,0,3.18339540954382,6.36679081908764
"Rheden","GM0275",2021-01-28,33,33,33,33,32,15,15,2020-12-01,18,0,0,1,-100,"&#x2798;",43565,0,0,2.29542063583152
"Rozendaal","GM0277",2021-01-28,1,1,1,1,1,0,0,2020-12-01,1,0,0,0,0,"-",1718,0,0,0
"Scherpenzeel","GM0279",2021-01-28,19,19,19,19,17,9,9,2020-12-01,10,0,0,2,-100,"&#x2798;",10110,0,0,19.782393669634
"Tiel","GM0281",2021-01-28,144,144,142,141,138,109,109,2020-12-01,35,0,2,6,-50,"&#x2798;",41899,0,4.77338361297406,14.3201508389222
"Voorst","GM0285",2021-01-28,63,60,58,58,58,35,35,2020-12-01,28,3,5,5,500,"&#x279A;",24762,12.1153380179307,20.1922300298845,20.1922300298845
"Wageningen","GM0289",2021-01-28,65,65,63,63,63,47,47,2020-12-01,18,0,2,2,200,"&#x279A;",39719,0,5.03537349882928,5.03537349882928
"Westervoort","GM0293",2021-01-28,18,18,18,18,18,9,9,2020-12-01,9,0,0,0,0,"-",15017,0,0,0
"Winterswijk","GM0294",2021-01-28,40,40,40,40,39,33,33,2020-12-01,7,0,0,1,-100,"&#x2798;",29007,0,0,3.44744372048126
"Wijchen","GM0296",2021-01-28,131,129,126,126,125,94,94,2020-12-01,37,2,5,6,400,"&#x279A;",41259,4.84742722799874,12.1185680699968,14.5422816839962
"Zaltbommel","GM0297",2021-01-28,77,76,73,73,67,40,40,2020-12-01,37,1,4,10,-33.3333333333333,"&#x2798;",29436,3.39720070661775,13.588802826471,33.9720070661775
"Zevenaar","GM0299",2021-01-28,48,48,43,42,42,31,31,2020-12-01,17,0,5,6,400,"&#x279A;",44085,0,11.3417262107293,13.6100714528751
"Zutphen","GM0301",2021-01-28,81,81,81,81,81,57,57,2020-12-01,24,0,0,0,0,"-",48105,0,0,0
"Nunspeet","GM0302",2021-01-28,118,117,114,113,109,91,91,2020-12-01,27,1,4,9,-20,"&#x2798;",28017,3.56926151979155,14.2770460791662,32.123353678124
"Dronten","GM0303",2021-01-28,89,88,87,86,84,52,52,2020-12-01,37,1,2,5,-33.3333333333333,"&#x2798;",41936,2.38458603586417,4.76917207172835,11.9229301793209
"Amersfoort","GM0307",2021-01-28,300,298,292,288,285,183,183,2020-12-01,117,2,8,15,14.2857142857143,"&#x279A;",157547,1.26946244612719,5.07784978450875,9.52096834595391
"Baarn","GM0308",2021-01-28,30,30,30,30,29,21,21,2020-12-01,9,0,0,1,-100,"&#x2798;",24844,0,0,4.02511672838512
"De Bilt","GM0310",2021-01-28,85,84,83,82,81,65,65,2020-12-01,20,1,2,4,0,"-",43371,2.30568813262318,4.61137626524636,9.22275253049273
"Bunnik","GM0312",2021-01-28,28,28,28,27,27,20,20,2020-12-01,8,0,0,1,-100,"&#x2798;",15345,0,0,6.5167807103291
"Bunschoten","GM0313",2021-01-28,88,88,87,87,87,54,54,2020-12-01,34,0,1,1,100,"&#x279A;",22036,0,4.53802868034126,4.53802868034126
"Eemnes","GM0317",2021-01-28,11,10,10,10,7,1,1,2020-12-01,10,1,1,4,-66.6666666666667,"&#x2798;",9361,10.6826193782716,10.6826193782716,42.7304775130862
"Houten","GM0321",2021-01-28,77,77,75,75,75,56,56,2020-12-01,21,0,2,2,200,"&#x279A;",50206,0,3.98358761900968,3.98358761900968
"Leusden","GM0327",2021-01-28,37,36,35,35,34,23,23,2020-12-01,14,1,2,3,100,"&#x279A;",30522,3.27632527357316,6.55265054714632,9.82897582071948
"Lopik","GM0331",2021-01-28,35,35,33,33,33,30,30,2020-12-01,5,0,2,2,200,"&#x279A;",14455,0,13.836042891733,13.836042891733
"Montfoort","GM0335",2021-01-28,30,30,30,30,30,24,24,2020-12-01,6,0,0,0,0,"-",13878,0,0,0
"Renswoude","GM0339",2021-01-28,7,7,7,7,7,4,4,2020-12-01,3,0,0,0,0,"-",5547,0,0,0
"Rhenen","GM0340",2021-01-28,45,45,44,43,41,28,28,2020-12-01,17,0,1,4,-66.6666666666667,"&#x2798;",20193,0,4.95221116228396,19.8088446491358
"Soest","GM0342",2021-01-28,103,100,99,99,96,61,61,2020-12-01,42,3,4,7,33.3333333333333,"&#x279A;",46906,6.39577026393212,8.52769368524283,14.9234639491749
"Utrecht","GM0344",2021-01-28,820,819,808,805,783,631,631,2020-12-01,189,1,12,37,-52,"&#x2798;",359548,0.278126981654744,3.33752377985693,10.2906983212255
"Veenendaal","GM0345",2021-01-28,186,185,184,184,181,116,116,2020-12-01,70,1,2,5,-33.3333333333333,"&#x2798;",66945,1.49376353723206,2.98752707446411,7.46881768616028
"Woudenberg","GM0351",2021-01-28,29,29,29,28,27,17,17,2020-12-01,12,0,0,2,-100,"&#x2798;",13625,0,0,14.6788990825688
"Wijk bij Duurstede","GM0352",2021-01-28,51,51,48,47,44,29,29,2020-12-01,22,0,3,7,-25,"&#x2798;",23917,0,12.5433791863528,29.2678847681565
"IJsselstein","GM0353",2021-01-28,99,98,97,97,96,79,79,2020-12-01,20,1,2,3,100,"&#x279A;",33855,2.95377344557672,5.90754689115345,8.86132033673017
"Zeist","GM0355",2021-01-28,117,116,114,114,113,81,81,2020-12-01,36,1,3,4,200,"&#x279A;",65005,1.53834320436889,4.61502961310668,6.15337281747558
"Nieuwegein","GM0356",2021-01-28,124,123,122,122,119,93,93,2020-12-01,31,1,2,5,-33.3333333333333,"&#x2798;",63811,1.56712792465249,3.13425584930498,7.83563962326245
"Aalsmeer","GM0358",2021-01-28,44,44,44,43,42,30,30,2020-12-01,14,0,0,2,-100,"&#x2798;",31957,0,0,6.25840973808555
"Alkmaar","GM0361",2021-01-28,245,244,237,234,228,149,149,2020-12-01,96,1,8,17,-11.1111111111111,"&#x2798;",109841,0.910406860826103,7.28325488660882,15.4769166340438
"Amstelveen","GM0362",2021-01-28,174,174,170,169,168,137,137,2020-12-01,37,0,4,6,100,"&#x279A;",90956,0,4.3977307709222,6.59659615638331
"Amsterdam","GM0363",2021-01-28,2522,2506,2450,2433,2367,1876,1876,2020-12-01,646,16,72,155,-13.2530120481928,"&#x2798;",873289,1.83215407499694,8.24469333748622,17.7489926015328
"Beemster","GM0370",2021-01-28,13,13,13,12,11,9,9,2020-12-01,4,0,0,2,-100,"&#x2798;",10073,0,0,19.8550580760449
"Bergen (NH.)","GM0373",2021-01-28,69,68,68,68,66,44,44,2020-12-01,25,1,1,3,-50,"&#x2798;",29706,3.36632330168989,3.36632330168989,10.0989699050697
"Beverwijk","GM0375",2021-01-28,55,54,52,52,52,39,39,2020-12-01,16,1,3,3,300,"&#x279A;",41830,2.3906287353574,7.1718862060722,7.1718862060722
"Blaricum","GM0376",2021-01-28,8,8,8,8,7,3,3,2020-12-01,5,0,0,1,-100,"&#x2798;",11919,0,0,8.38996560114104
"Bloemendaal","GM0377",2021-01-28,12,12,12,11,10,6,6,2020-12-01,6,0,0,2,-100,"&#x2798;",23529,0,0,8.50014875260317
"Castricum","GM0383",2021-01-28,51,51,50,50,48,32,32,2020-12-01,19,0,1,3,-50,"&#x2798;",36164,0,2.76518084282712,8.29554252848136
"Diemen","GM0384",2021-01-28,73,73,72,72,70,51,51,2020-12-01,22,0,1,3,-50,"&#x2798;",31304,0,3.19447993866599,9.58343981599796
"Edam-Volendam","GM0385",2021-01-28,107,106,101,100,98,78,78,2020-12-01,29,1,6,9,100,"&#x279A;",36247,2.75884900819378,16.5530940491627,24.829641073744
"Enkhuizen","GM0388",2021-01-28,62,61,61,61,60,29,29,2020-12-01,33,1,1,2,0,"-",18666,5.3573341905068,5.3573341905068,10.7146683810136
"Haarlem","GM0392",2021-01-28,143,142,140,140,130,76,76,2020-12-01,67,1,3,13,-70,"&#x2798;",162754,0.61442422306057,1.84327266918171,7.98751489978741
"Haarlemmermeer","GM0394",2021-01-28,194,194,190,190,183,110,110,2020-12-01,84,0,4,11,-42.8571428571429,"&#x2798;",157730,0,2.53597920497052,6.97394281366893
"Heemskerk","GM0396",2021-01-28,66,66,66,65,65,51,51,2020-12-01,15,0,0,1,-100,"&#x2798;",39233,0,0,2.54887467183239
"Heemstede","GM0397",2021-01-28,18,18,18,18,16,9,9,2020-12-01,9,0,0,2,-100,"&#x2798;",27494,0,0,7.27431439586819
"Heerhugowaard","GM0398",2021-01-28,106,105,102,102,98,66,66,2020-12-01,40,1,4,8,0,"-",58303,1.71517760664117,6.86071042656467,13.7214208531293
"Heiloo","GM0399",2021-01-28,35,35,34,33,32,20,20,2020-12-01,15,0,1,3,-50,"&#x2798;",24119,0,4.14610887681911,12.4383266304573
"Den Helder","GM0400",2021-01-28,85,85,81,80,77,37,37,2020-12-01,48,0,4,8,0,"-",56531,0,7.07576374024871,14.1515274804974
"Hilversum","GM0402",2021-01-28,57,57,54,54,48,26,26,2020-12-01,31,0,3,9,-50,"&#x2798;",91247,0,3.28777932425176,9.86333797275527
"Hoorn","GM0405",2021-01-28,155,153,150,148,143,85,85,2020-12-01,70,2,5,12,-28.5714285714286,"&#x2798;",73579,2.71816686826404,6.79541717066011,16.3090012095843
"Huizen","GM0406",2021-01-28,48,47,44,43,39,24,24,2020-12-01,24,1,4,9,-20,"&#x2798;",41130,2.43131534159981,9.72526136639922,21.8818380743982
"Landsmeer","GM0415",2021-01-28,25,25,23,23,23,12,12,2020-12-01,13,0,2,2,200,"&#x279A;",11564,0,17.2950536146662,17.2950536146662
"Langedijk","GM0416",2021-01-28,53,53,53,53,50,36,36,2020-12-01,17,0,0,3,-100,"&#x2798;",28332,0,0,10.5887335874629
"Laren","GM0417",2021-01-28,14,14,14,14,14,7,7,2020-12-01,7,0,0,0,0,"-",11401,0,0,0
"Medemblik","GM0420",2021-01-28,94,94,92,90,82,44,44,2020-12-01,50,0,2,12,-80,"&#x2798;",45194,0,4.42536619905297,26.5521971943178
"Oostzaan","GM0431",2021-01-28,27,27,27,27,26,20,20,2020-12-01,7,0,0,1,-100,"&#x2798;",9685,0,0,10.3252452245741
"Opmeer","GM0432",2021-01-28,11,11,10,10,9,7,7,2020-12-01,4,0,1,2,0,"-",11988,0,8.34167500834168,16.6833500166834
"Ouder-Amstel","GM0437",2021-01-28,22,21,20,20,20,16,16,2020-12-01,6,1,2,2,200,"&#x279A;",14120,7.08215297450425,14.1643059490085,14.1643059490085
"Purmerend","GM0439",2021-01-28,247,246,241,239,224,154,154,2020-12-01,93,1,6,23,-64.7058823529412,"&#x2798;",81708,1.22387036765066,7.34322220590395,28.1490184559651
"Schagen","GM0441",2021-01-28,85,85,82,81,80,41,41,2020-12-01,44,0,3,5,50,"&#x279A;",46546,0,6.44523696987926,10.7420616164654
"Texel","GM0448",2021-01-28,13,13,13,13,13,11,11,2020-12-01,2,0,0,0,0,"-",13658,0,0,0
"Uitgeest","GM0450",2021-01-28,18,18,18,18,18,13,13,2020-12-01,5,0,0,0,0,"-",13644,0,0,0
"Uithoorn","GM0451",2021-01-28,49,49,49,49,47,39,39,2020-12-01,10,0,0,2,-100,"&#x2798;",30138,0,0,6.6361404207313
"Velsen","GM0453",2021-01-28,97,97,90,90,87,57,57,2020-12-01,40,0,7,10,133.333333333333,"&#x279A;",68683,0,10.1917505059476,14.5596435799252
"Weesp","GM0457",2021-01-28,27,27,24,24,21,14,14,2020-12-01,13,0,3,6,0,"-",20459,0,14.6634732880395,29.326946576079
"Zandvoort","GM0473",2021-01-28,17,17,17,17,17,9,9,2020-12-01,8,0,0,0,0,"-",17168,0,0,0
"Zaanstad","GM0479",2021-01-28,434,432,429,429,419,327,327,2020-12-01,107,2,5,15,-50,"&#x2798;",157106,1.27302585515512,3.1825646378878,9.54769391366339
"Alblasserdam","GM0482",2021-01-28,75,75,75,75,74,49,49,2020-12-01,26,0,0,1,-100,"&#x2798;",20193,0,0,4.95221116228396
"Alphen aan den Rijn","GM0484",2021-01-28,250,250,238,234,231,162,162,2020-12-01,88,0,12,19,71.4285714285714,"&#x279A;",112552,0,10.6617385741702,16.8810860757694
"Barendrecht","GM0489",2021-01-28,129,129,125,123,120,91,91,2020-12-01,38,0,4,9,-20,"&#x2798;",48635,0,8.22452965971009,18.5051917343477
"Drechterland","GM0498",2021-01-28,35,35,34,34,32,19,19,2020-12-01,16,0,1,3,-50,"&#x2798;",19834,0,5.04184733286276,15.1255419985883
"Brielle","GM0501",2021-01-28,49,49,48,48,47,34,34,2020-12-01,15,0,1,2,0,"-",17408,0,5.74448529411765,11.4889705882353
"Capelle aan den IJssel","GM0502",2021-01-28,248,248,243,243,239,180,180,2020-12-01,68,0,5,9,25,"&#x279A;",67204,0,7.44003333134932,13.3920599964288
"Delft","GM0503",2021-01-28,208,207,203,202,193,145,145,2020-12-01,63,1,5,15,-50,"&#x2798;",103880,0.962649210627647,4.81324605313824,14.4397381594147
"Dordrecht","GM0505",2021-01-28,434,430,420,419,408,306,306,2020-12-01,128,4,14,26,16.6666666666667,"&#x279A;",119184,3.35615518861592,11.7465431601557,21.8150087260035
"Gorinchem","GM0512",2021-01-28,87,86,84,83,74,44,44,2020-12-01,43,1,3,13,-70,"&#x2798;",37405,2.67343937976206,8.02031813928619,34.7547119369068
"Gouda","GM0513",2021-01-28,221,221,213,211,210,162,162,2020-12-01,59,0,8,11,166.666666666667,"&#x279A;",73754,0,10.8468693223418,14.91444531822
"'s-Gravenhage","GM0518",2021-01-28,1539,1533,1507,1500,1455,1171,1171,2020-12-01,368,6,32,84,-38.4615384615385,"&#x2798;",548076,1.09473868587568,5.8386063246703,15.3263416022595
"Hardinxveld-Giessendam","GM0523",2021-01-28,33,33,31,31,30,15,15,2020-12-01,18,0,2,3,100,"&#x279A;",18399,0,10.8701559867384,16.3052339801076
"Hellevoetsluis","GM0530",2021-01-28,96,96,95,95,91,61,61,2020-12-01,35,0,1,5,-75,"&#x2798;",40235,0,2.48539828507518,12.4269914253759
"Hendrik-Ido-Ambacht","GM0531",2021-01-28,98,96,93,92,88,67,67,2020-12-01,31,2,5,10,0,"-",31255,6.39897616381379,15.9974404095345,31.9948808190689
"Stede Broec","GM0532",2021-01-28,69,69,66,66,60,36,36,2020-12-01,33,0,3,9,-50,"&#x2798;",21768,0,13.7816979051819,41.3450937155458
"Hillegom","GM0534",2021-01-28,20,20,19,19,19,11,11,2020-12-01,9,0,1,1,100,"&#x279A;",22217,0,4.50105774857091,4.50105774857091
"Katwijk","GM0537",2021-01-28,180,180,178,175,167,97,97,2020-12-01,83,0,2,13,-81.8181818181818,"&#x2798;",66005,0,3.03007347928187,19.6954776153322
"Krimpen aan den IJssel","GM0542",2021-01-28,94,94,90,90,83,57,57,2020-12-01,37,0,4,11,-42.8571428571429,"&#x2798;",29443,0,13.585572122406,37.3603233366165
"Leiden","GM0546",2021-01-28,189,189,184,183,179,137,137,2020-12-01,52,0,5,10,0,"-",124121,0,4.02832719684824,8.05665439369647
"Leiderdorp","GM0547",2021-01-28,69,69,68,68,67,50,50,2020-12-01,19,0,1,2,0,"-",27374,0,3.6531014831592,7.3062029663184
"Lisse","GM0553",2021-01-28,44,44,43,43,42,21,21,2020-12-01,23,0,1,2,0,"-",22999,0,4.34801513109266,8.69603026218531
"Maassluis","GM0556",2021-01-28,100,100,98,98,96,80,80,2020-12-01,20,0,2,4,0,"-",33557,0,5.96000834401168,11.9200166880234
"Nieuwkoop","GM0569",2021-01-28,46,46,45,45,45,23,23,2020-12-01,23,0,1,1,100,"&#x279A;",29146,0,3.43100253894188,3.43100253894188
"Noordwijk","GM0575",2021-01-28,97,96,94,93,91,66,66,2020-12-01,31,1,3,6,0,"-",43998,2.27283058320833,6.81849174962498,13.63698349925
"Oegstgeest","GM0579",2021-01-28,39,39,39,39,38,30,30,2020-12-01,9,0,0,1,-100,"&#x2798;",25061,0,0,3.9902637564343
"Oudewater","GM0589",2021-01-28,39,39,38,37,37,33,33,2020-12-01,6,0,1,2,0,"-",10156,0,9.84639621898385,19.6927924379677
"Papendrecht","GM0590",2021-01-28,99,97,93,93,91,63,63,2020-12-01,36,2,6,8,200,"&#x279A;",32142,6.22238815257296,18.6671644577189,24.8895526102918
"Ridderkerk","GM0597",2021-01-28,155,154,151,151,145,102,102,2020-12-01,53,1,4,10,-33.3333333333333,"&#x2798;",46633,2.14440417729934,8.57761670919735,21.4440417729934
"Rotterdam","GM0599",2021-01-28,2502,2496,2454,2442,2390,1943,1943,2020-12-01,559,6,48,112,-25,"&#x2798;",652742,0.919199316115709,7.35359452892567,17.1583872341599
"Rijswijk","GM0603",2021-01-28,148,147,147,145,144,113,113,2020-12-01,35,1,1,4,-66.6666666666667,"&#x2798;",55236,1.81041349844304,1.81041349844304,7.24165399377218
"Schiedam","GM0606",2021-01-28,250,250,243,243,238,196,196,2020-12-01,54,0,7,12,40,"&#x279A;",79316,0,8.82545766301881,15.1293559937465
"Sliedrecht","GM0610",2021-01-28,117,117,115,114,111,60,60,2020-12-01,57,0,2,6,-50,"&#x2798;",25570,0,7.82166601486117,23.4649980445835
"Albrandswaard","GM0613",2021-01-28,74,74,70,70,69,55,55,2020-12-01,19,0,4,5,300,"&#x279A;",25806,0,15.500271254747,19.3753390684337
"Westvoorne","GM0614",2021-01-28,27,27,27,26,25,15,15,2020-12-01,12,0,0,2,-100,"&#x2798;",14893,0,0,13.4291277781508
"Vlaardingen","GM0622",2021-01-28,195,195,190,190,188,156,156,2020-12-01,39,0,5,7,150,"&#x279A;",73950,0,6.76132521974307,9.4658553076403
"Voorschoten","GM0626",2021-01-28,33,33,33,33,33,20,20,2020-12-01,13,0,0,0,0,"-",25643,0,0,0
"Waddinxveen","GM0627",2021-01-28,78,77,75,74,73,55,55,2020-12-01,23,1,3,5,50,"&#x279A;",30320,3.29815303430079,9.89445910290237,16.490765171504
"Wassenaar","GM0629",2021-01-28,42,42,42,42,39,26,26,2020-12-01,16,0,0,3,-100,"&#x2798;",26845,0,0,11.1752654125535
"Woerden","GM0632",2021-01-28,134,133,132,132,127,100,100,2020-12-01,34,1,2,7,-60,"&#x2798;",52671,1.89857796510414,3.79715593020827,13.290045755729
"Zoetermeer","GM0637",2021-01-28,269,266,265,265,260,184,184,2020-12-01,85,3,4,9,-20,"&#x2798;",125284,2.39455956067814,3.19274608090419,7.18367868203442
"Zoeterwoude","GM0638",2021-01-28,16,16,16,16,15,9,9,2020-12-01,7,0,0,1,-100,"&#x2798;",8813,0,0,11.3468739362306
"Zwijndrecht","GM0642",2021-01-28,165,163,157,157,155,109,109,2020-12-01,56,2,8,10,300,"&#x279A;",44763,4.46797578357125,17.871903134285,22.3398789178563
"Borsele","GM0654",2021-01-28,25,25,23,23,23,9,9,2020-12-01,16,0,2,2,200,"&#x279A;",22779,0,8.78001668203169,8.78001668203169
"Goes","GM0664",2021-01-28,55,55,53,53,48,32,32,2020-12-01,23,0,2,7,-60,"&#x2798;",38571,0,5.18524279899406,18.1483497964792
"West Maas en Waal","GM0668",2021-01-28,43,43,41,41,41,33,33,2020-12-01,10,0,2,2,200,"&#x279A;",19560,0,10.2249488752556,10.2249488752556
"Hulst","GM0677",2021-01-28,41,40,39,39,39,29,29,2020-12-01,12,1,2,2,200,"&#x279A;",27563,3.62805209882814,7.25610419765628,7.25610419765628
"Kapelle","GM0678",2021-01-28,10,10,10,10,10,7,7,2020-12-01,3,0,0,0,0,"-",12842,0,0,0
"Middelburg","GM0687",2021-01-28,49,48,46,46,44,31,31,2020-12-01,18,1,3,5,50,"&#x279A;",48973,2.04194147795724,6.12582443387173,10.2097073897862
"Reimerswaal","GM0703",2021-01-28,34,34,32,32,24,14,14,2020-12-01,20,0,2,10,-75,"&#x2798;",22931,0,8.72181762679342,43.6090881339671
"Terneuzen","GM0715",2021-01-28,102,102,96,95,93,63,63,2020-12-01,39,0,6,9,100,"&#x279A;",54486,0,11.0120030833609,16.5180046250413
"Tholen","GM0716",2021-01-28,71,71,71,71,70,58,58,2020-12-01,13,0,0,1,-100,"&#x2798;",26050,0,0,3.83877159309021
"Veere","GM0717",2021-01-28,21,21,19,19,18,14,14,2020-12-01,7,0,2,3,100,"&#x279A;",21981,0,9.09876711705564,13.6481506755835
"Vlissingen","GM0718",2021-01-28,51,51,48,47,46,28,28,2020-12-01,23,0,3,5,50,"&#x279A;",44330,0,6.76742612226483,11.2790435371081
"De Ronde Venen","GM0736",2021-01-28,126,126,125,124,118,95,95,2020-12-01,31,0,1,8,-85.7142857142857,"&#x2798;",44696,0,2.23733667442277,17.8986933953821
"Tytsjerksteradiel","GM0737",2021-01-28,22,22,22,22,21,7,7,2020-12-01,15,0,0,1,-100,"&#x2798;",32039,0,0,3.12119604232342
"Asten","GM0743",2021-01-28,46,46,45,45,44,38,38,2020-12-01,8,0,1,2,0,"-",16802,0,5.95167241995001,11.9033448399
"Baarle-Nassau","GM0744",2021-01-28,19,19,19,19,19,18,18,2020-12-01,1,0,0,0,0,"-",6901,0,0,0
"Bergen op Zoom","GM0748",2021-01-28,189,189,183,183,178,124,124,2020-12-01,65,0,6,11,20,"&#x279A;",67501,0,8.88875720359698,16.2960548732611
"Best","GM0753",2021-01-28,104,102,100,100,98,51,51,2020-12-01,53,2,4,6,100,"&#x279A;",30196,6.62339382699695,13.2467876539939,19.8701814809909
"Boekel","GM0755",2021-01-28,41,41,40,40,39,35,35,2020-12-01,6,0,1,2,0,"-",10922,0,9.1558322651529,18.3116645303058
"Boxmeer","GM0756",2021-01-28,90,90,90,89,88,56,56,2020-12-01,34,0,0,2,-100,"&#x2798;",29592,0,0,6.75858340091917
"Boxtel","GM0757",2021-01-28,92,92,91,91,88,52,52,2020-12-01,40,0,1,4,-66.6666666666667,"&#x2798;",32675,0,3.06044376434583,12.2417750573833
"Breda","GM0758",2021-01-28,469,469,458,456,450,365,365,2020-12-01,104,0,11,19,37.5,"&#x279A;",184151,0,5.9733588196643,10.3176197794202
"Deurne","GM0762",2021-01-28,124,124,121,121,117,93,93,2020-12-01,31,0,3,7,-25,"&#x2798;",32482,0,9.23588448987131,21.5503971430331
"Pekela","GM0765",2021-01-28,27,27,26,26,24,9,9,2020-12-01,18,0,1,3,-50,"&#x2798;",12163,0,8.22165584148648,24.6649675244594
"Dongen","GM0766",2021-01-28,105,105,105,105,101,66,66,2020-12-01,39,0,0,4,-100,"&#x2798;",26358,0,0,15.1756582441763
"Eersel","GM0770",2021-01-28,85,85,84,84,83,73,73,2020-12-01,12,0,1,2,0,"-",19494,0,5.12978352313532,10.2595670462706
"Eindhoven","GM0772",2021-01-28,699,693,663,655,635,457,457,2020-12-01,242,6,36,64,28.5714285714286,"&#x279A;",235728,2.54530645489717,15.271838729383,27.1499355189031
"Etten-Leur","GM0777",2021-01-28,119,119,118,118,116,100,100,2020-12-01,19,0,1,3,-50,"&#x2798;",43881,0,2.27889063603838,6.83667190811513
"Geertruidenberg","GM0779",2021-01-28,53,53,52,52,49,32,32,2020-12-01,21,0,1,4,-66.6666666666667,"&#x2798;",21792,0,4.58883994126285,18.3553597650514
"Gilze en Rijen","GM0784",2021-01-28,62,61,61,61,60,44,44,2020-12-01,18,1,1,2,0,"-",26806,3.73050809520257,3.73050809520257,7.46101619040513
"Goirle","GM0785",2021-01-28,87,87,85,84,82,65,65,2020-12-01,22,0,2,5,-33.3333333333333,"&#x2798;",23939,0,8.35456785997744,20.8864196499436
"Grave","GM0786",2021-01-28,55,55,55,55,54,46,46,2020-12-01,9,0,0,1,-100,"&#x2798;",12429,0,0,8.04569957357792
"Helmond","GM0794",2021-01-28,331,330,319,316,306,245,245,2020-12-01,86,1,12,25,-7.69230769230769,"&#x2798;",92614,1.07975036171637,12.9570043405965,26.9937590429093
"'s-Hertogenbosch","GM0796",2021-01-28,397,396,388,386,376,285,285,2020-12-01,112,1,9,21,-25,"&#x2798;",155491,0.643124039333466,5.7881163540012,13.5056048260028
"Heusden","GM0797",2021-01-28,142,142,140,140,136,103,103,2020-12-01,39,0,2,6,-50,"&#x2798;",45008,0,4.44365446142908,13.3309633842872
"Hilvarenbeek","GM0798",2021-01-28,39,39,38,38,38,33,33,2020-12-01,6,0,1,1,100,"&#x279A;",15683,0,6.37633105910859,6.37633105910859
"Loon op Zand","GM0809",2021-01-28,102,101,99,99,95,73,73,2020-12-01,29,1,3,7,-25,"&#x2798;",23497,4.2558624505256,12.7675873515768,29.7910371536792
"Mill en Sint Hubert","GM0815",2021-01-28,32,32,31,30,29,23,23,2020-12-01,9,0,1,3,-50,"&#x2798;",11003,0,9.08843042806507,27.2652912841952
"Nuenen, Gerwen en Nederwetten","GM0820",2021-01-28,61,59,57,56,52,40,40,2020-12-01,21,2,4,9,-20,"&#x2798;",23657,8.45415733186795,16.9083146637359,38.0437079934058
"Oirschot","GM0823",2021-01-28,53,53,53,53,53,39,39,2020-12-01,14,0,0,0,0,"-",18838,0,0,0
"Oisterwijk","GM0824",2021-01-28,74,73,71,71,70,51,51,2020-12-01,23,1,3,4,200,"&#x279A;",30700,3.25732899022801,9.77198697068404,13.0293159609121
"Oosterhout","GM0826",2021-01-28,162,161,159,159,157,113,113,2020-12-01,49,1,3,5,50,"&#x279A;",56184,1.77986615406521,5.33959846219564,8.89933077032607
"Oss","GM0828",2021-01-28,318,316,308,307,302,280,280,2020-12-01,38,2,10,16,66.6666666666667,"&#x279A;",92442,2.16351874688994,10.8175937344497,17.3081499751195
"Rucphen","GM0840",2021-01-28,82,80,77,76,73,49,49,2020-12-01,33,2,5,9,25,"&#x279A;",23089,8.66213348347698,21.6553337086924,38.9796006756464
"Sint-Michielsgestel","GM0845",2021-01-28,84,83,83,83,82,64,64,2020-12-01,20,1,1,2,0,"-",29510,3.38868180277872,3.38868180277872,6.77736360555744
"Someren","GM0847",2021-01-28,56,56,56,56,53,36,36,2020-12-01,20,0,0,3,-100,"&#x2798;",19395,0,0,15.4679040989946
"Son en Breugel","GM0848",2021-01-28,53,53,52,52,52,44,44,2020-12-01,9,0,1,1,100,"&#x279A;",17526,0,5.7058085130663,5.7058085130663
"Steenbergen","GM0851",2021-01-28,73,73,71,71,70,54,54,2020-12-01,19,0,2,3,100,"&#x279A;",24315,0,8.22537528274728,12.3380629241209
"Waterland","GM0852",2021-01-28,50,50,49,48,46,34,34,2020-12-01,16,0,1,4,-66.6666666666667,"&#x2798;",17325,0,5.77200577200577,23.0880230880231
"Tilburg","GM0855",2021-01-28,799,795,789,788,773,618,618,2020-12-01,181,4,10,26,-37.5,"&#x2798;",221358,1.80702753006442,4.51756882516105,11.7456789454187
"Uden","GM0856",2021-01-28,152,152,152,152,149,136,136,2020-12-01,16,0,0,3,-100,"&#x2798;",42244,0,0,7.10160022725121
"Valkenswaard","GM0858",2021-01-28,80,80,78,78,77,54,54,2020-12-01,26,0,2,3,100,"&#x279A;",31253,0,6.39938565897674,9.59907848846511
"Veldhoven","GM0861",2021-01-28,152,150,145,144,141,99,99,2020-12-01,53,2,7,11,75,"&#x279A;",45562,4.38962293139019,15.3636802598657,24.1429261226461
"Vught","GM0865",2021-01-28,95,95,95,95,95,69,69,2020-12-01,26,0,0,0,0,"-",30756,0,0,0
"Waalre","GM0866",2021-01-28,41,41,41,41,39,28,28,2020-12-01,13,0,0,2,-100,"&#x2798;",17519,0,0,11.4161767224157
"Waalwijk","GM0867",2021-01-28,179,179,179,179,177,136,136,2020-12-01,43,0,0,2,-100,"&#x2798;",48826,0,0,4.09617826567812
"Woensdrecht","GM0873",2021-01-28,52,51,49,48,45,36,36,2020-12-01,16,1,3,7,-25,"&#x2798;",22002,4.54504135987638,13.6351240796291,31.8152895191346
"Zundert","GM0879",2021-01-28,60,60,60,59,57,47,47,2020-12-01,13,0,0,3,-100,"&#x2798;",21995,0,0,13.6394635144351
"Wormerland","GM0880",2021-01-28,45,45,44,44,43,37,37,2020-12-01,8,0,1,2,0,"-",16295,0,6.13685179502915,12.2737035900583
"Landgraaf","GM0882",2021-01-28,113,113,111,109,108,77,77,2020-12-01,36,0,2,5,-33.3333333333333,"&#x2798;",37325,0,5.35833891493637,13.3958472873409
"Beek","GM0888",2021-01-28,33,33,33,33,33,23,23,2020-12-01,10,0,0,0,0,"-",15872,0,0,0
"Beesel","GM0889",2021-01-28,11,11,11,11,11,9,9,2020-12-01,2,0,0,0,0,"-",13464,0,0,0
"Bergen (L.)","GM0893",2021-01-28,29,29,29,29,25,13,13,2020-12-01,16,0,0,4,-100,"&#x2798;",13111,0,0,30.508733124857
"Brunssum","GM0899",2021-01-28,87,87,86,86,82,60,60,2020-12-01,27,0,1,5,-75,"&#x2798;",27655,0,3.61598264328331,18.0799132164166
"Gennep","GM0907",2021-01-28,46,45,44,44,43,27,27,2020-12-01,19,1,2,3,100,"&#x279A;",17019,5.8757858863623,11.7515717727246,17.6273576590869
"Heerlen","GM0917",2021-01-28,227,227,224,224,222,170,170,2020-12-01,57,0,3,5,50,"&#x279A;",86829,0,3.45506685554366,5.75844475923943
"Kerkrade","GM0928",2021-01-28,134,134,131,130,125,98,98,2020-12-01,36,0,3,9,-50,"&#x2798;",45499,0,6.59355150662652,19.7806545198796
"Maastricht","GM0935",2021-01-28,367,367,360,359,349,241,241,2020-12-01,126,0,7,18,-36.3636363636364,"&#x2798;",120379,0,5.81496772692912,14.9527741549606
"Meerssen","GM0938",2021-01-28,42,42,42,42,41,29,29,2020-12-01,13,0,0,1,-100,"&#x2798;",18710,0,0,5.34473543559594
"Mook en Middelaar","GM0944",2021-01-28,22,22,22,22,22,18,18,2020-12-01,4,0,0,0,0,"-",7901,0,0,0
"Nederweert","GM0946",2021-01-28,47,47,47,47,42,29,29,2020-12-01,18,0,0,5,-100,"&#x2798;",17171,0,0,29.1188631995807
"Roermond","GM0957",2021-01-28,161,161,157,157,153,121,121,2020-12-01,40,0,4,8,0,"-",58784,0,6.80457267283615,13.6091453456723
"Simpelveld","GM0965",2021-01-28,30,30,29,29,29,24,24,2020-12-01,6,0,1,1,100,"&#x279A;",10495,0,9.52834683182468,9.52834683182468
"Stein","GM0971",2021-01-28,76,76,74,74,74,61,61,2020-12-01,15,0,2,2,200,"&#x279A;",24876,0,8.03987779385753,8.03987779385753
"Vaals","GM0981",2021-01-28,23,23,23,23,22,14,14,2020-12-01,9,0,0,1,-100,"&#x2798;",10113,0,0,9.88826263225551
"Venlo","GM0983",2021-01-28,30,30,30,30,30,20,20,2020-12-01,10,0,0,0,0,"-",101967,0,0,0
"Venray","GM0984",2021-01-28,40,40,40,40,40,29,29,2020-12-01,11,0,0,0,0,"-",43704,0,0,0
"Voerendaal","GM0986",2021-01-28,28,28,28,28,28,22,22,2020-12-01,6,0,0,0,0,"-",12478,0,0,0
"Weert","GM0988",2021-01-28,144,144,139,138,132,75,75,2020-12-01,69,0,5,12,-28.5714285714286,"&#x2798;",50008,0,9.99840025595905,23.9961606143017
"Valkenburg aan de Geul","GM0994",2021-01-28,31,31,31,31,29,20,20,2020-12-01,11,0,0,2,-100,"&#x2798;",16399,0,0,12.1958656015611
"Lelystad","GM0995",2021-01-28,207,207,207,206,202,147,147,2020-12-01,60,0,0,5,-100,"&#x2798;",79703,0,0,6.27328958759394
"Horst aan de Maas","GM1507",2021-01-28,16,16,15,14,13,10,10,2020-12-01,6,0,1,3,-50,"&#x2798;",42464,0,2.35493594574228,7.06480783722683
"Oude IJsselstreek","GM1509",2021-01-28,72,70,70,70,64,47,47,2020-12-01,25,2,2,8,-66.6666666666667,"&#x2798;",39348,5.08285046253939,5.08285046253939,20.3314018501576
"Teylingen","GM1525",2021-01-28,65,65,65,65,64,42,42,2020-12-01,23,0,0,1,-100,"&#x2798;",37761,0,0,2.64823495140489
"Utrechtse Heuvelrug","GM1581",2021-01-28,84,82,82,82,78,53,53,2020-12-01,31,2,2,6,-50,"&#x2798;",49962,4.00304231215724,4.00304231215724,12.0091269364717
"Oost Gelre","GM1586",2021-01-28,66,66,65,65,64,53,53,2020-12-01,13,0,1,2,0,"-",29574,0,3.38134848177453,6.76269696354906
"Koggenland","GM1598",2021-01-28,31,31,29,29,28,19,19,2020-12-01,12,0,2,3,100,"&#x279A;",22932,0,8.72143729286586,13.0821559392988
"Lansingerland","GM1621",2021-01-28,128,128,127,127,127,102,102,2020-12-01,26,0,1,1,100,"&#x279A;",63295,0,1.57990362587882,1.57990362587882
"Leudal","GM1640",2021-01-28,93,93,91,91,89,66,66,2020-12-01,27,0,2,4,0,"-",36027,0,5.55139201154689,11.1027840230938
"Maasgouw","GM1641",2021-01-28,66,66,65,63,61,42,42,2020-12-01,24,0,1,5,-75,"&#x2798;",23976,0,4.17083750417084,20.8541875208542
"Gemert-Bakel","GM1652",2021-01-28,117,116,115,115,115,97,97,2020-12-01,20,1,2,2,200,"&#x279A;",30751,3.25192676660922,6.50385353321843,6.50385353321843
"Halderberge","GM1655",2021-01-28,97,97,91,91,88,69,69,2020-12-01,28,0,6,9,100,"&#x279A;",30461,0,19.6973178818818,29.5459768228226
"Heeze-Leende","GM1658",2021-01-28,41,41,41,40,39,29,29,2020-12-01,12,0,0,2,-100,"&#x2798;",16222,0,0,12.3289360128221
"Laarbeek","GM1659",2021-01-28,87,87,82,82,80,64,64,2020-12-01,23,0,5,7,150,"&#x279A;",22787,0,21.9423355421951,30.7192697590732
"Reusel-De Mierden","GM1667",2021-01-28,42,42,42,41,40,35,35,2020-12-01,7,0,0,2,-100,"&#x2798;",13123,0,0,15.2404175874419
"Roerdalen","GM1669",2021-01-28,51,51,49,49,48,40,40,2020-12-01,11,0,2,3,100,"&#x279A;",20612,0,9.70308558121483,14.5546283718222
"Roosendaal","GM1674",2021-01-28,218,214,210,210,200,151,151,2020-12-01,67,4,8,18,-20,"&#x2798;",77256,5.17759138448794,10.3551827689759,23.2991612301957
"Schouwen-Duiveland","GM1676",2021-01-28,35,35,35,35,34,23,23,2020-12-01,12,0,0,1,-100,"&#x2798;",33990,0,0,2.94204177699323
"Aa en Hunze","GM1680",2021-01-28,13,13,12,12,9,5,5,2020-12-01,8,0,1,4,-66.6666666666667,"&#x2798;",25366,0,3.94228494835607,15.7691397934243
"Borger-Odoorn","GM1681",2021-01-28,31,31,31,31,31,13,13,2020-12-01,18,0,0,0,0,"-",25587,0,0,0
"Cuijk","GM1684",2021-01-28,52,52,52,52,51,37,37,2020-12-01,15,0,0,1,-100,"&#x2798;",25373,0,0,3.9411973357506
"Landerd","GM1685",2021-01-28,54,54,54,54,54,48,48,2020-12-01,6,0,0,0,0,"-",15838,0,0,0
"De Wolden","GM1690",2021-01-28,34,34,33,33,32,21,21,2020-12-01,13,0,1,2,0,"-",24374,0,4.10273241979158,8.20546483958316
"Noord-Beveland","GM1695",2021-01-28,5,5,5,5,4,4,4,2020-12-01,1,0,0,1,-100,"&#x2798;",7570,0,0,13.2100396301189
"Wijdemeren","GM1696",2021-01-28,21,21,19,19,19,12,12,2020-12-01,9,0,2,2,200,"&#x279A;",24440,0,8.18330605564648,8.18330605564648
"Noordenveld","GM1699",2021-01-28,17,17,15,15,15,8,8,2020-12-01,9,0,2,2,200,"&#x279A;",31216,0,6.40697078421322,6.40697078421322
"Twenterand","GM1700",2021-01-28,126,124,120,120,115,55,55,2020-12-01,71,2,6,11,20,"&#x279A;",33696,5.93542260208927,17.8062678062678,32.644824311491
"Westerveld","GM1701",2021-01-28,16,16,15,15,14,8,8,2020-12-01,8,0,1,2,0,"-",19638,0,5.09216824523882,10.1843364904776
"Sint Anthonis","GM1702",2021-01-28,27,27,26,26,26,22,22,2020-12-01,5,0,1,1,100,"&#x279A;",11687,0,8.55651578677163,8.55651578677163
"Lingewaard","GM1705",2021-01-28,75,75,73,73,72,37,37,2020-12-01,38,0,2,3,100,"&#x279A;",46781,0,4.27523994784207,6.41285992176311
"Cranendonck","GM1706",2021-01-28,74,74,72,71,70,57,57,2020-12-01,17,0,2,4,0,"-",21007,0,9.52063597848336,19.0412719569667
"Steenwijkerland","GM1708",2021-01-28,44,44,43,43,42,16,16,2020-12-01,28,0,1,2,0,"-",44301,0,2.25728538859168,4.51457077718336
"Moerdijk","GM1709",2021-01-28,90,89,86,85,85,57,57,2020-12-01,33,1,4,5,300,"&#x279A;",37193,2.68867797703869,10.7547119081548,13.4433898851934
"Echt-Susteren","GM1711",2021-01-28,82,82,81,81,77,59,59,2020-12-01,23,0,1,5,-75,"&#x2798;",31751,0,3.14950710213852,15.7475355106926
"Sluis","GM1714",2021-01-28,42,42,41,41,40,22,22,2020-12-01,20,0,1,2,0,"-",23143,0,4.32096098172233,8.64192196344467
"Drimmelen","GM1719",2021-01-28,70,70,69,69,66,43,43,2020-12-01,27,0,1,4,-66.6666666666667,"&#x2798;",27334,0,3.65844735494256,14.6337894197703
"Bernheze","GM1721",2021-01-28,126,126,126,126,125,116,116,2020-12-01,10,0,0,1,-100,"&#x2798;",31398,0,0,3.18491623670297
"Alphen-Chaam","GM1723",2021-01-28,40,40,40,40,40,38,38,2020-12-01,2,0,0,0,0,"-",10362,0,0,0
"Bergeijk","GM1724",2021-01-28,67,66,64,64,62,52,52,2020-12-01,15,1,3,5,50,"&#x279A;",18745,5.33475593491598,16.0042678047479,26.6737796745799
"Bladel","GM1728",2021-01-28,74,73,68,67,65,52,52,2020-12-01,22,1,6,9,100,"&#x279A;",20552,4.86570650058388,29.1942390035033,43.791358505255
"Gulpen-Wittem","GM1729",2021-01-28,37,37,36,36,35,28,28,2020-12-01,9,0,1,2,0,"-",14184,0,7.05019740552736,14.1003948110547
"Tynaarlo","GM1730",2021-01-28,24,24,23,22,19,11,11,2020-12-01,13,0,1,5,-75,"&#x2798;",33927,0,2.94750493707077,14.7375246853538
"Midden-Drenthe","GM1731",2021-01-28,39,39,37,36,34,14,14,2020-12-01,25,0,2,5,-33.3333333333333,"&#x2798;",33357,0,5.99574302245406,14.9893575561351
"Overbetuwe","GM1734",2021-01-28,68,68,68,67,67,51,51,2020-12-01,17,0,0,1,-100,"&#x2798;",48147,0,0,2.07697260473134
"Hof van Twente","GM1735",2021-01-28,90,87,85,84,82,58,58,2020-12-01,32,3,5,8,66.6666666666667,"&#x279A;",35037,8.56237691583184,14.2706281930531,22.8330051088849
"Neder-Betuwe","GM1740",2021-01-28,91,91,89,89,88,64,64,2020-12-01,27,0,2,3,100,"&#x279A;",24634,0,8.11886011204027,12.1782901680604
"Rijssen-Holten","GM1742",2021-01-28,108,106,102,101,96,60,60,2020-12-01,48,2,6,12,0,"-",38182,5.23807029490336,15.7142108847101,31.4284217694201
"Geldrop-Mierlo","GM1771",2021-01-28,135,135,130,130,122,85,85,2020-12-01,50,0,5,13,-37.5,"&#x2798;",40097,0,12.4697608299873,32.4213781579669
"Olst-Wijhe","GM1773",2021-01-28,17,17,17,17,17,12,12,2020-12-01,5,0,0,0,0,"-",18348,0,0,0
"Dinkelland","GM1774",2021-01-28,72,71,69,69,66,48,48,2020-12-01,24,1,3,6,0,"-",26616,3.75713856327021,11.2714156898106,22.5428313796213
"Westland","GM1783",2021-01-28,275,275,271,269,263,177,177,2020-12-01,98,0,4,12,-50,"&#x2798;",111342,0,3.59253471286666,10.7776041386
"Midden-Delfland","GM1842",2021-01-28,46,45,45,45,44,28,28,2020-12-01,18,1,1,2,0,"-",19378,5.16049127876974,5.16049127876974,10.3209825575395
"Berkelland","GM1859",2021-01-28,82,82,80,79,78,62,62,2020-12-01,20,0,2,4,0,"-",43821,0,4.56402181602428,9.12804363204856
"Bronckhorst","GM1876",2021-01-28,67,67,67,67,65,47,47,2020-12-01,20,0,0,2,-100,"&#x2798;",36103,0,0,5.53970584161981
"Sittard-Geleen","GM1883",2021-01-28,225,225,223,221,217,168,168,2020-12-01,57,0,2,8,-66.6666666666667,"&#x2798;",91781,0,2.17910024950698,8.71640099802791
"Kaag en Braassem","GM1884",2021-01-28,47,47,47,47,47,26,26,2020-12-01,21,0,0,0,0,"-",27547,0,0,0
"Dantumadiel","GM1891",2021-01-28,20,19,18,18,17,3,3,2020-12-01,17,1,2,3,100,"&#x279A;",18927,5.28345749458446,10.5669149891689,15.8503724837534
"Zuidplas","GM1892",2021-01-28,128,127,118,114,101,67,67,2020-12-01,61,1,10,27,-41.1764705882353,"&#x2798;",45015,2.22148172831278,22.2148172831278,59.9800066644452
"Peel en Maas","GM1894",2021-01-28,39,39,39,39,38,34,34,2020-12-01,5,0,0,1,-100,"&#x2798;",43695,0,0,2.28859137201053
"Oldambt","GM1895",2021-01-28,73,72,68,66,57,21,21,2020-12-01,52,1,5,16,-54.5454545454545,"&#x2798;",38281,2.61226195762911,13.0613097881456,41.7961913220658
"Zwartewaterland","GM1896",2021-01-28,29,29,29,29,29,18,18,2020-12-01,11,0,0,0,0,"-",22797,0,0,0
"Súdwest-Fryslân","GM1900",2021-01-28,89,88,85,85,84,46,46,2020-12-01,43,1,4,5,300,"&#x279A;",89930,1.1119759813188,4.44790392527521,5.55987990659402
"Bodegraven-Reeuwijk","GM1901",2021-01-28,83,83,79,79,75,52,52,2020-12-01,31,0,4,8,0,"-",35288,0,11.3352981183405,22.670596236681
"Eijsden-Margraten","GM1903",2021-01-28,82,81,81,81,80,64,64,2020-12-01,18,1,1,2,0,"-",25903,3.86055669227503,3.86055669227503,7.72111338455005
"Stichtse Vecht","GM1904",2021-01-28,152,152,149,149,148,106,106,2020-12-01,46,0,3,4,200,"&#x279A;",65142,0,4.60532375425993,6.14043167234657
"Hollands Kroon","GM1911",2021-01-28,85,84,78,77,75,40,40,2020-12-01,45,1,7,10,133.333333333333,"&#x279A;",48532,2.06049616747713,14.4234731723399,20.6049616747713
"Leidschendam-Voorburg","GM1916",2021-01-28,157,157,152,151,145,105,105,2020-12-01,52,0,5,12,-28.5714285714286,"&#x2798;",76451,0,6.54013681966227,15.6963283671894
"Goeree-Overflakkee","GM1924",2021-01-28,160,160,157,156,147,108,108,2020-12-01,52,0,3,13,-70,"&#x2798;",50567,0,5.9327229220638,25.7084659956098
"Pijnacker-Nootdorp","GM1926",2021-01-28,85,85,84,84,84,70,70,2020-12-01,15,0,1,1,100,"&#x279A;",55592,0,1.79881997409699,1.79881997409699
"Nissewaard","GM1930",2021-01-28,253,252,247,243,235,172,172,2020-12-01,81,1,6,18,-50,"&#x2798;",85302,1.17230545590959,7.03383273545755,21.1014982063727
"Krimpenerwaard","GM1931",2021-01-28,165,164,161,158,152,115,115,2020-12-01,50,1,4,13,-55.5555555555556,"&#x2798;",56559,1.76806520624481,7.07226082497923,22.9848476811825
"De Fryske Marren","GM1940",2021-01-28,54,54,52,52,50,33,33,2020-12-01,21,0,2,4,0,"-",51735,0,3.86585483715087,7.73170967430173
"Gooise Meren","GM1942",2021-01-28,51,51,49,49,46,24,24,2020-12-01,27,0,2,5,-33.3333333333333,"&#x2798;",58466,0,3.42079157116957,8.55197892792392
"Berg en Dal","GM1945",2021-01-28,99,99,99,99,99,79,79,2020-12-01,20,0,0,0,0,"-",35015,0,0,0
"Meierijstad","GM1948",2021-01-28,338,338,335,335,334,299,299,2020-12-01,39,0,3,4,200,"&#x279A;",81653,0,3.67408423450455,4.8987789793394
"Waadhoeke","GM1949",2021-01-28,35,35,35,35,34,14,14,2020-12-01,21,0,0,1,-100,"&#x2798;",46082,0,0,2.17004470292088
"Westerwolde","GM1950",2021-01-28,41,40,38,38,33,19,19,2020-12-01,22,1,3,8,-40,"&#x2798;",26284,3.80459595190991,11.4137878557297,30.4367676152793
"Midden-Groningen","GM1952",2021-01-28,90,89,87,85,82,42,42,2020-12-01,48,1,3,8,-40,"&#x2798;",60745,1.64622602683348,4.93867808050045,13.1698082146679
"Beekdaelen","GM1954",2021-01-28,93,92,92,92,90,68,68,2020-12-01,25,1,1,3,-50,"&#x2798;",36073,2.77215646051063,2.77215646051063,8.31646938153189
"Montferland","GM1955",2021-01-28,60,60,60,59,57,42,42,2020-12-01,18,0,0,3,-100,"&#x2798;",36062,0,0,8.31900615606456
"Altena","GM1959",2021-01-28,168,168,165,163,161,99,99,2020-12-01,69,0,3,7,-25,"&#x2798;",56308,0,5.32783973858066,12.4316260566882
"West Betuwe","GM1960",2021-01-28,155,155,153,153,148,114,114,2020-12-01,41,0,2,7,-60,"&#x2798;",51489,0,3.88432480724038,13.5951368253413
"Vijfheerenlanden","GM1961",2021-01-28,131,129,125,124,120,90,90,2020-12-01,41,2,6,11,20,"&#x279A;",57786,3.46104592807947,10.3831377842384,19.0357526044371
"Hoeksche Waard","GM1963",2021-01-28,211,208,206,204,199,150,150,2020-12-01,61,3,5,12,-28.5714285714286,"&#x2798;",87963,3.410524879779,5.684208132965,13.642099519116
"Het Hogeland","GM1966",2021-01-28,33,33,33,32,31,13,13,2020-12-01,20,0,0,2,-100,"&#x2798;",47859,0,0,4.17894230970141
"Westerkwartier","GM1969",2021-01-28,70,69,68,68,66,39,39,2020-12-01,31,1,2,4,0,"-",63603,1.5722528811534,3.14450576230681,6.28901152461362
"Noardeast-Fryslân","GM1970",2021-01-28,62,61,58,58,49,14,14,2020-12-01,48,1,4,13,-55.5555555555556,"&#x2798;",45479,2.1988170364344,8.79526814573759,28.5846214736472
"Molenlanden","GM1978",2021-01-28,91,90,85,85,84,60,60,2020-12-01,31,1,6,7,500,"&#x279A;",44105,2.26731663076749,13.6038997846049,15.8712164153724
"Eemsdelta","GM1979",2021-01-28,81,79,75,75,72,25,25,2020-12-01,56,2,6,9,100,"&#x279A;",45606,4.38538788755865,13.156163662676,19.7342454940139
