"municipality","Municipality_code","date","d0","d1","d7","d8","d14","dec1","lowest_since_dec1","lowest_since_dec1_date","current","increase_1d","increase_7d","increase_14d","increase_growth","growth","population","rel_increase_1d","rel_increase_7d","rel_increase_14d"
"Netherlands","",2021-01-15,38213,38025,37034,36814,35290,27921,27921,2020-12-01,10292,188,1179,2923,-32.3967889908257,"&#x2798;",17443797,1.07774700657202,6.758849578449,16.7566728734575
"Unknown","",2021-01-15,1095,1090,1064,1058,1025,813,813,2020-12-01,282,5,31,70,-20.5128205128205,"&#x2798;",NA,NA,NA,NA
"Groningen","GM0014",2021-01-15,136,134,131,131,122,76,76,2020-12-01,60,2,5,14,-44.4444444444444,"&#x2798;",233456,0.856692481666781,2.14173120416695,5.99684737166747
"Almere","GM0034",2021-01-15,146,146,139,138,131,86,86,2020-12-01,60,0,7,15,-12.5,"&#x2798;",214551,0,3.26262753377985,6.99134471524253
"Stadskanaal","GM0037",2021-01-15,39,39,39,39,36,22,22,2020-12-01,17,0,0,3,-100,"&#x2798;",31702,0,0,9.4631253548672
"Veendam","GM0047",2021-01-15,27,27,26,26,26,13,13,2020-12-01,14,0,1,1,100,"&#x279A;",27416,0,3.64750510650715,3.64750510650715
"Zeewolde","GM0050",2021-01-15,41,41,38,38,35,20,20,2020-12-01,21,0,3,6,0,"-",22836,0,13.1371518654756,26.2743037309511
"Achtkarspelen","GM0059",2021-01-15,21,20,18,18,17,10,10,2020-12-01,11,1,3,4,200,"&#x279A;",27881,3.58667192711883,10.7600157813565,14.3466877084753
"Ameland","GM0060",2021-01-15,3,3,3,3,3,0,0,2020-12-01,3,0,0,0,0,"-",3747,0,0,0
"Harlingen","GM0072",2021-01-15,10,10,10,10,9,7,7,2020-12-01,3,0,0,1,-100,"&#x2798;",15835,0,0,6.31512472371329
"Heerenveen","GM0074",2021-01-15,49,49,44,43,43,32,32,2020-12-01,17,0,5,6,400,"&#x279A;",50626,0,9.87634812151859,11.8516177458223
"Leeuwarden","GM0080",2021-01-15,123,122,113,109,96,65,65,2020-12-01,58,1,10,27,-41.1764705882353,"&#x2798;",124517,0.803103190728977,8.03103190728977,21.6837861496824
"Ooststellingwerf","GM0085",2021-01-15,23,22,21,21,21,16,16,2020-12-01,7,1,2,2,200,"&#x279A;",25437,3.93128120454456,7.86256240908912,7.86256240908912
"Opsterland","GM0086",2021-01-15,32,32,28,28,23,16,16,2020-12-01,16,0,4,9,-20,"&#x2798;",29812,0,13.4174158057158,30.1891855628606
"Schiermonnikoog","GM0088",2021-01-15,1,1,1,1,1,1,1,2020-12-01,0,0,0,0,0,"-",936,0,0,0
"Smallingerland","GM0090",2021-01-15,50,49,49,48,41,29,29,2020-12-01,21,1,1,9,-87.5,"&#x2798;",56060,1.78380306814128,1.78380306814128,16.0542276132715
"Terschelling","GM0093",2021-01-15,3,3,2,2,1,1,1,2020-12-01,2,0,1,2,0,"-",4883,0,20.4792135981978,40.9584271963957
"Vlieland","GM0096",2021-01-15,0,0,0,0,0,0,0,2020-12-01,0,0,0,0,0,"-",1200,0,0,0
"Weststellingwerf","GM0098",2021-01-15,17,17,15,15,15,10,10,2020-12-01,7,0,2,2,200,"&#x279A;",26112,0,7.6593137254902,7.6593137254902
"Assen","GM0106",2021-01-15,62,62,60,60,56,35,35,2020-12-01,27,0,2,6,-50,"&#x2798;",68812,0,2.90646980177876,8.71940940533628
"Coevorden","GM0109",2021-01-15,63,63,57,55,48,28,28,2020-12-01,35,0,6,15,-33.3333333333333,"&#x2798;",35309,0,16.9928346880399,42.4820867200997
"Emmen","GM0114",2021-01-15,165,165,157,157,150,116,116,2020-12-01,49,0,8,15,14.2857142857143,"&#x279A;",106984,0,7.47775368279369,14.0207881552382
"Hoogeveen","GM0118",2021-01-15,101,100,94,94,87,56,56,2020-12-01,45,1,7,14,0,"-",55604,1.79843176749874,12.5890223724912,25.1780447449824
"Meppel","GM0119",2021-01-15,25,25,24,24,21,11,11,2020-12-01,14,0,1,4,-66.6666666666667,"&#x2798;",34324,0,2.91341335508682,11.6536534203473
"Almelo","GM0141",2021-01-15,243,240,231,229,219,166,166,2020-12-01,77,3,12,24,0,"-",73180,4.09948073244056,16.3979229297622,32.7958458595245
"Borne","GM0147",2021-01-15,54,54,54,54,53,38,38,2020-12-01,16,0,0,1,-100,"&#x2798;",23637,0,0,4.23065532851039
"Dalfsen","GM0148",2021-01-15,28,28,28,28,26,13,13,2020-12-01,15,0,0,2,-100,"&#x2798;",28919,0,0,6.91586846018189
"Deventer","GM0150",2021-01-15,194,193,189,187,180,133,133,2020-12-01,61,1,5,14,-44.4444444444444,"&#x2798;",101100,0.989119683481701,4.94559841740851,13.8476755687438
"Enschede","GM0153",2021-01-15,359,358,353,351,331,239,239,2020-12-01,120,1,6,28,-72.7272727272727,"&#x2798;",159872,0.625500400320256,3.75300240192154,17.5140112089672
"Haaksbergen","GM0158",2021-01-15,70,68,63,62,60,47,47,2020-12-01,23,2,7,10,133.333333333333,"&#x279A;",24237,8.25184635062095,28.8814622271733,41.2592317531048
"Hardenberg","GM0160",2021-01-15,91,91,86,84,77,47,47,2020-12-01,44,0,5,14,-44.4444444444444,"&#x2798;",61327,0,8.15301580054462,22.8284442415249
"Hellendoorn","GM0163",2021-01-15,71,71,67,67,57,37,37,2020-12-01,34,0,4,14,-60,"&#x2798;",35903,0,11.1411302676657,38.9939559368298
"Hengelo","GM0164",2021-01-15,180,180,172,172,162,127,127,2020-12-01,53,0,8,18,-20,"&#x2798;",81099,0,9.86448661512472,22.1950948840306
"Kampen","GM0166",2021-01-15,50,49,49,49,47,40,40,2020-12-01,10,1,1,3,-50,"&#x2798;",54438,1.83695212902752,1.83695212902752,5.51085638708255
"Losser","GM0168",2021-01-15,73,72,70,69,65,41,41,2020-12-01,32,1,3,8,-40,"&#x2798;",22867,4.37311409454673,13.1193422836402,34.9849127563738
"Noordoostpolder","GM0171",2021-01-15,50,50,47,47,42,26,26,2020-12-01,24,0,3,8,-40,"&#x2798;",47597,0,6.30291825115028,16.8077820030674
"Oldenzaal","GM0173",2021-01-15,91,91,88,88,82,58,58,2020-12-01,33,0,3,9,-50,"&#x2798;",31734,0,9.4535829079221,28.3607487237663
"Ommen","GM0175",2021-01-15,33,33,32,32,29,19,19,2020-12-01,14,0,1,4,-66.6666666666667,"&#x2798;",18272,0,5.47285464098074,21.8914185639229
"Raalte","GM0177",2021-01-15,53,53,51,51,50,36,36,2020-12-01,17,0,2,3,100,"&#x279A;",37920,0,5.27426160337553,7.91139240506329
"Staphorst","GM0180",2021-01-15,29,29,29,29,24,15,15,2020-12-01,14,0,0,5,-100,"&#x2798;",17276,0,0,28.9418846955314
"Tubbergen","GM0183",2021-01-15,52,52,49,49,47,39,39,2020-12-01,13,0,3,5,50,"&#x279A;",21322,0,14.0699746740456,23.449957790076
"Urk","GM0184",2021-01-15,66,66,66,66,64,45,45,2020-12-01,21,0,0,2,-100,"&#x2798;",21208,0,0,9.43040362127499
"Wierden","GM0189",2021-01-15,63,63,63,63,59,38,38,2020-12-01,25,0,0,4,-100,"&#x2798;",24532,0,0,16.3052339801076
"Zwolle","GM0193",2021-01-15,77,77,72,71,70,45,45,2020-12-01,32,0,5,7,150,"&#x279A;",129697,0,3.85513928618241,5.39719500065537
"Aalten","GM0197",2021-01-15,41,41,39,39,37,24,24,2020-12-01,17,0,2,4,0,"-",27133,0,7.37109792503593,14.7421958500719
"Apeldoorn","GM0200",2021-01-15,317,317,309,308,289,224,224,2020-12-01,93,0,8,28,-60,"&#x2798;",164717,0,4.85681502212886,16.998852577451
"Arnhem","GM0202",2021-01-15,125,125,121,119,116,67,67,2020-12-01,58,0,4,9,-20,"&#x2798;",162353,0,2.46376722327274,5.54347625236368
"Barneveld","GM0203",2021-01-15,109,106,99,98,91,64,64,2020-12-01,45,3,10,18,25,"&#x279A;",59938,5.00517201107811,16.6839067035937,30.0310320664687
"Beuningen","GM0209",2021-01-15,51,50,50,49,47,37,37,2020-12-01,14,1,1,4,-66.6666666666667,"&#x2798;",26159,3.82277610000382,3.82277610000382,15.2911044000153
"Brummen","GM0213",2021-01-15,40,39,36,36,33,21,21,2020-12-01,19,1,4,7,33.3333333333333,"&#x279A;",20867,4.79225571476494,19.1690228590598,33.5457900033546
"Buren","GM0214",2021-01-15,75,75,72,72,68,47,47,2020-12-01,28,0,3,7,-25,"&#x2798;",26997,0,11.1123458162018,25.9288069044709
"Culemborg","GM0216",2021-01-15,75,75,74,72,71,60,60,2020-12-01,15,0,1,4,-66.6666666666667,"&#x2798;",29132,0,3.43265137992585,13.7306055197034
"Doesburg","GM0221",2021-01-15,19,19,17,17,16,10,10,2020-12-01,9,0,2,3,100,"&#x279A;",11061,0,18.08154778049,27.122321670735
"Doetinchem","GM0222",2021-01-15,94,93,90,90,84,66,66,2020-12-01,28,1,4,10,-33.3333333333333,"&#x2798;",58227,1.71741631888986,6.86966527555945,17.1741631888986
"Druten","GM0225",2021-01-15,65,64,63,62,60,47,47,2020-12-01,18,1,2,5,-33.3333333333333,"&#x2798;",18980,5.26870389884089,10.5374077976818,26.3435194942044
"Duiven","GM0226",2021-01-15,22,22,20,19,19,11,11,2020-12-01,11,0,2,3,100,"&#x279A;",25072,0,7.97702616464582,11.9655392469687
"Ede","GM0228",2021-01-15,259,257,243,242,225,172,172,2020-12-01,87,2,16,34,-11.1111111111111,"&#x2798;",118538,1.68722266277481,13.4977813021984,28.6827852671717
"Elburg","GM0230",2021-01-15,43,42,39,39,37,25,25,2020-12-01,18,1,4,6,100,"&#x279A;",23443,4.26566565712579,17.0626626285032,25.5939939427548
"Epe","GM0232",2021-01-15,74,73,73,73,68,50,50,2020-12-01,24,1,1,6,-80,"&#x2798;",33198,3.0122296523887,3.0122296523887,18.0733779143322
"Ermelo","GM0233",2021-01-15,80,79,76,75,73,53,53,2020-12-01,27,1,4,7,33.3333333333333,"&#x279A;",27044,3.69767785830498,14.7907114332199,25.8837450081349
"Harderwijk","GM0243",2021-01-15,133,133,130,128,120,80,80,2020-12-01,53,0,3,13,-70,"&#x2798;",48657,0,6.1656082372526,26.7176356947613
"Hattem","GM0244",2021-01-15,12,12,11,11,10,9,9,2020-12-01,3,0,1,2,0,"-",12235,0,8.1732733959951,16.3465467919902
"Heerde","GM0246",2021-01-15,23,23,23,23,22,18,18,2020-12-01,5,0,0,1,-100,"&#x2798;",18744,0,0,5.33504054630815
"Heumen","GM0252",2021-01-15,43,43,42,42,40,33,33,2020-12-01,10,0,1,3,-50,"&#x2798;",16579,0,6.03172688340672,18.0951806502202
"Lochem","GM0262",2021-01-15,52,51,50,48,47,34,34,2020-12-01,18,1,2,5,-33.3333333333333,"&#x2798;",33907,2.94924351903737,5.89848703807473,14.7462175951868
"Maasdriel","GM0263",2021-01-15,51,51,51,51,49,42,42,2020-12-01,9,0,0,2,-100,"&#x2798;",25441,0,0,7.86132620573091
"Nijkerk","GM0267",2021-01-15,86,85,83,82,74,57,57,2020-12-01,29,1,3,12,-66.6666666666667,"&#x2798;",43577,2.29478853523648,6.88436560570943,27.5374624228377
"Nijmegen","GM0268",2021-01-15,396,390,380,379,360,308,308,2020-12-01,88,6,16,36,-20,"&#x2798;",177463,3.38098645914923,9.01596389106462,20.2859187548954
"Oldebroek","GM0269",2021-01-15,33,32,32,32,28,14,14,2020-12-01,19,1,1,5,-75,"&#x2798;",23749,4.21070360857299,4.21070360857299,21.053518042865
"Putten","GM0273",2021-01-15,43,43,43,43,38,30,30,2020-12-01,13,0,0,5,-100,"&#x2798;",24384,0,0,20.505249343832
"Renkum","GM0274",2021-01-15,36,35,35,34,33,22,22,2020-12-01,14,1,1,3,-50,"&#x2798;",31413,3.18339540954382,3.18339540954382,9.55018622863146
"Rheden","GM0275",2021-01-15,32,32,28,28,26,15,15,2020-12-01,17,0,4,6,100,"&#x279A;",43565,0,9.18168254332607,13.7725238149891
"Rozendaal","GM0277",2021-01-15,1,1,1,1,0,0,0,2020-12-01,1,0,0,1,-100,"&#x2798;",1718,0,0,58.2072176949942
"Scherpenzeel","GM0279",2021-01-15,17,16,15,15,11,9,9,2020-12-01,8,1,2,6,-50,"&#x2798;",10110,9.89119683481701,19.782393669634,59.3471810089021
"Tiel","GM0281",2021-01-15,138,138,134,133,128,109,109,2020-12-01,29,0,4,10,-33.3333333333333,"&#x2798;",41899,0,9.54676722594811,23.8669180648703
"Voorst","GM0285",2021-01-15,58,57,56,56,53,35,35,2020-12-01,23,1,2,5,-33.3333333333333,"&#x2798;",24762,4.0384460059769,8.0768920119538,20.1922300298845
"Wageningen","GM0289",2021-01-15,63,61,58,58,54,47,47,2020-12-01,16,2,5,9,25,"&#x279A;",39719,5.03537349882928,12.5884337470732,22.6591807447317
"Westervoort","GM0293",2021-01-15,18,18,16,16,16,9,9,2020-12-01,9,0,2,2,200,"&#x279A;",15017,0,13.3182393287607,13.3182393287607
"Winterswijk","GM0294",2021-01-15,39,37,36,36,34,33,33,2020-12-01,6,2,3,5,50,"&#x279A;",29007,6.89488744096253,10.3423311614438,17.2372186024063
"Wijchen","GM0296",2021-01-15,124,124,122,120,117,94,94,2020-12-01,30,0,2,7,-60,"&#x2798;",41259,0,4.84742722799874,16.9659952979956
"Zaltbommel","GM0297",2021-01-15,64,64,62,62,56,40,40,2020-12-01,24,0,2,8,-66.6666666666667,"&#x2798;",29436,0,6.79440141323549,27.177605652942
"Zevenaar","GM0299",2021-01-15,41,41,41,41,41,30,30,2020-12-01,11,0,0,0,0,"-",44085,0,0,0
"Zutphen","GM0301",2021-01-15,81,81,80,80,77,57,57,2020-12-01,24,0,1,4,-66.6666666666667,"&#x2798;",48105,0,2.07878598898243,8.31514395592974
"Nunspeet","GM0302",2021-01-15,109,109,108,108,104,91,91,2020-12-01,18,0,1,5,-75,"&#x2798;",28017,0,3.56926151979155,17.8463075989578
"Dronten","GM0303",2021-01-15,84,83,82,82,78,52,52,2020-12-01,32,1,2,6,-50,"&#x2798;",41936,2.38458603586417,4.76917207172835,14.307516215185
"Amersfoort","GM0307",2021-01-15,282,280,275,272,263,183,183,2020-12-01,99,2,7,19,-41.6666666666667,"&#x2798;",157547,1.26946244612719,4.44311856144516,12.0598932382083
"Baarn","GM0308",2021-01-15,28,28,28,28,27,21,21,2020-12-01,7,0,0,1,-100,"&#x2798;",24844,0,0,4.02511672838512
"De Bilt","GM0310",2021-01-15,81,81,80,80,79,65,65,2020-12-01,16,0,1,2,0,"-",43371,0,2.30568813262318,4.61137626524636
"Bunnik","GM0312",2021-01-15,27,27,27,27,27,20,20,2020-12-01,7,0,0,0,0,"-",15345,0,0,0
"Bunschoten","GM0313",2021-01-15,86,86,82,82,75,54,54,2020-12-01,32,0,4,11,-42.8571428571429,"&#x2798;",22036,0,18.152114721365,49.9183154837539
"Eemnes","GM0317",2021-01-15,7,7,6,5,5,1,1,2020-12-01,6,0,1,2,0,"-",9361,0,10.6826193782716,21.3652387565431
"Houten","GM0321",2021-01-15,75,75,74,73,72,56,56,2020-12-01,19,0,1,3,-50,"&#x2798;",50206,0,1.99179380950484,5.97538142851452
"Leusden","GM0327",2021-01-15,34,34,34,34,34,23,23,2020-12-01,11,0,0,0,0,"-",30522,0,0,0
"Lopik","GM0331",2021-01-15,33,33,33,33,33,30,30,2020-12-01,3,0,0,0,0,"-",14455,0,0,0
"Montfoort","GM0335",2021-01-15,30,30,30,30,28,24,24,2020-12-01,6,0,0,2,-100,"&#x2798;",13878,0,0,14.4112984579911
"Renswoude","GM0339",2021-01-15,7,7,7,7,6,4,4,2020-12-01,3,0,0,1,-100,"&#x2798;",5547,0,0,18.0277627546422
"Rhenen","GM0340",2021-01-15,42,42,42,42,39,28,28,2020-12-01,14,0,0,3,-100,"&#x2798;",20193,0,0,14.8566334868519
"Soest","GM0342",2021-01-15,93,93,89,88,84,61,61,2020-12-01,32,0,4,9,-20,"&#x2798;",46906,0,8.52769368524283,19.1873107917964
"Utrecht","GM0344",2021-01-15,782,781,763,758,727,631,631,2020-12-01,151,1,19,55,-47.2222222222222,"&#x2798;",359548,0.278126981654744,5.28441265144014,15.2969839910109
"Veenendaal","GM0345",2021-01-15,181,181,177,176,171,116,116,2020-12-01,65,0,4,10,-33.3333333333333,"&#x2798;",66945,0,5.97505414892822,14.9376353723206
"Woudenberg","GM0351",2021-01-15,27,27,26,25,24,17,17,2020-12-01,10,0,1,3,-50,"&#x2798;",13625,0,7.3394495412844,22.0183486238532
"Wijk bij Duurstede","GM0352",2021-01-15,44,44,44,44,40,29,29,2020-12-01,15,0,0,4,-100,"&#x2798;",23917,0,0,16.7245055818037
"IJsselstein","GM0353",2021-01-15,96,95,94,94,92,79,79,2020-12-01,17,1,2,4,0,"-",33855,2.95377344557672,5.90754689115345,11.8150937823069
"Zeist","GM0355",2021-01-15,112,112,110,110,106,81,81,2020-12-01,31,0,2,6,-50,"&#x2798;",65005,0,3.07668640873779,9.23005922621337
"Nieuwegein","GM0356",2021-01-15,117,117,114,113,110,93,93,2020-12-01,24,0,3,7,-25,"&#x2798;",63811,0,4.70138377395747,10.9698954725674
"Aalsmeer","GM0358",2021-01-15,42,42,42,42,38,30,30,2020-12-01,12,0,0,4,-100,"&#x2798;",31957,0,0,12.5168194761711
"Alkmaar","GM0361",2021-01-15,227,225,219,216,209,149,149,2020-12-01,78,2,8,18,-20,"&#x2798;",109841,1.82081372165221,7.28325488660882,16.3873234948699
"Amstelveen","GM0362",2021-01-15,168,167,163,162,157,137,137,2020-12-01,31,1,5,11,-16.6666666666667,"&#x2798;",90956,1.09943269273055,5.49716346365276,12.0937596200361
"Amsterdam","GM0363",2021-01-15,2358,2348,2308,2297,2237,1876,1876,2020-12-01,482,10,50,121,-29.5774647887324,"&#x2798;",873289,1.14509629687309,5.72548148436543,13.8556651921643
"Beemster","GM0370",2021-01-15,11,11,11,11,11,9,9,2020-12-01,2,0,0,0,0,"-",10073,0,0,0
"Bergen (NH.)","GM0373",2021-01-15,66,66,64,64,63,44,44,2020-12-01,22,0,2,3,100,"&#x279A;",29706,0,6.73264660337979,10.0989699050697
"Beverwijk","GM0375",2021-01-15,52,52,51,50,48,39,39,2020-12-01,13,0,1,4,-66.6666666666667,"&#x2798;",41830,0,2.3906287353574,9.5625149414296
"Blaricum","GM0376",2021-01-15,7,7,7,7,5,3,3,2020-12-01,4,0,0,2,-100,"&#x2798;",11919,0,0,16.7799312022821
"Bloemendaal","GM0377",2021-01-15,10,9,9,8,7,6,6,2020-12-01,4,1,1,3,-50,"&#x2798;",23529,4.25007437630159,4.25007437630159,12.7502231289048
"Castricum","GM0383",2021-01-15,48,48,47,47,47,32,32,2020-12-01,16,0,1,1,100,"&#x279A;",36164,0,2.76518084282712,2.76518084282712
"Diemen","GM0384",2021-01-15,70,70,69,69,66,51,51,2020-12-01,19,0,1,4,-66.6666666666667,"&#x2798;",31304,0,3.19447993866599,12.7779197546639
"Edam-Volendam","GM0385",2021-01-15,98,97,97,97,93,78,78,2020-12-01,20,1,1,5,-75,"&#x2798;",36247,2.75884900819378,2.75884900819378,13.7942450409689
"Enkhuizen","GM0388",2021-01-15,60,60,56,54,50,29,29,2020-12-01,31,0,4,10,-33.3333333333333,"&#x2798;",18666,0,21.4293367620272,53.573341905068
"Haarlem","GM0392",2021-01-15,130,130,126,126,116,76,76,2020-12-01,54,0,4,14,-60,"&#x2798;",162754,0,2.45769689224228,8.60193912284798
"Haarlemmermeer","GM0394",2021-01-15,182,181,177,176,158,110,110,2020-12-01,72,1,5,24,-73.6842105263158,"&#x2798;",157730,0.63399480124263,3.16997400621315,15.2158752298231
"Heemskerk","GM0396",2021-01-15,65,65,65,64,61,51,51,2020-12-01,14,0,0,4,-100,"&#x2798;",39233,0,0,10.1954986873295
"Heemstede","GM0397",2021-01-15,16,16,15,15,14,9,9,2020-12-01,7,0,1,2,0,"-",27494,0,3.63715719793409,7.27431439586819
"Heerhugowaard","GM0398",2021-01-15,98,98,95,91,83,66,66,2020-12-01,32,0,3,15,-75,"&#x2798;",58303,0,5.1455328199235,25.7276640996175
"Heiloo","GM0399",2021-01-15,32,32,30,30,25,20,20,2020-12-01,12,0,2,7,-60,"&#x2798;",24119,0,8.29221775363821,29.0227621377337
"Den Helder","GM0400",2021-01-15,76,76,71,70,65,37,37,2020-12-01,39,0,5,11,-16.6666666666667,"&#x2798;",56531,0,8.84470467531089,19.458350285684
"Hilversum","GM0402",2021-01-15,48,48,47,46,35,26,26,2020-12-01,22,0,1,13,-91.6666666666667,"&#x2798;",91247,0,1.09592644141725,14.2470437384243
"Hoorn","GM0405",2021-01-15,143,140,131,128,117,85,85,2020-12-01,58,3,12,26,-14.2857142857143,"&#x2798;",73579,4.07725030239606,16.3090012095843,35.3361692874326
"Huizen","GM0406",2021-01-15,39,39,39,39,32,24,24,2020-12-01,15,0,0,7,-100,"&#x2798;",41130,0,0,17.0192073911986
"Landsmeer","GM0415",2021-01-15,23,23,22,22,20,12,12,2020-12-01,11,0,1,3,-50,"&#x2798;",11564,0,8.6475268073331,25.9425804219993
"Langedijk","GM0416",2021-01-15,50,50,50,50,46,36,36,2020-12-01,14,0,0,4,-100,"&#x2798;",28332,0,0,14.1183114499506
"Laren","GM0417",2021-01-15,12,12,11,11,10,7,7,2020-12-01,5,0,1,2,0,"-",11401,0,8.77116042452416,17.5423208490483
"Medemblik","GM0420",2021-01-15,81,81,78,76,71,44,44,2020-12-01,37,0,3,10,-57.1428571428571,"&#x2798;",45194,0,6.63804929857946,22.1268309952649
"Oostzaan","GM0431",2021-01-15,26,26,26,25,24,20,20,2020-12-01,6,0,0,2,-100,"&#x2798;",9685,0,0,20.6504904491482
"Opmeer","GM0432",2021-01-15,9,9,9,9,8,7,7,2020-12-01,2,0,0,1,-100,"&#x2798;",11988,0,0,8.34167500834168
"Ouder-Amstel","GM0437",2021-01-15,20,20,19,19,19,16,16,2020-12-01,4,0,1,1,100,"&#x279A;",14120,0,7.08215297450425,7.08215297450425
"Purmerend","GM0439",2021-01-15,224,221,209,207,190,154,154,2020-12-01,70,3,15,34,-21.0526315789474,"&#x2798;",81708,3.67161110295197,18.3580555147599,41.6115925001224
"Schagen","GM0441",2021-01-15,79,79,77,76,69,41,41,2020-12-01,38,0,2,10,-75,"&#x2798;",46546,0,4.29682464658617,21.4841232329309
"Texel","GM0448",2021-01-15,13,13,13,13,13,11,11,2020-12-01,2,0,0,0,0,"-",13658,0,0,0
"Uitgeest","GM0450",2021-01-15,18,18,18,18,17,13,13,2020-12-01,5,0,0,1,-100,"&#x2798;",13644,0,0,7.32922896511287
"Uithoorn","GM0451",2021-01-15,46,46,45,45,44,39,39,2020-12-01,7,0,1,2,0,"-",30138,0,3.31807021036565,6.6361404207313
"Velsen","GM0453",2021-01-15,88,88,87,86,79,57,57,2020-12-01,31,0,1,9,-87.5,"&#x2798;",68683,0,1.45596435799252,13.1036792219326
"Weesp","GM0457",2021-01-15,21,21,19,19,18,14,14,2020-12-01,7,0,2,3,100,"&#x279A;",20459,0,9.77564885869299,14.6634732880395
"Zandvoort","GM0473",2021-01-15,16,16,15,15,14,9,9,2020-12-01,7,0,1,2,0,"-",17168,0,5.82479030754893,11.6495806150979
"Zaanstad","GM0479",2021-01-15,419,417,415,414,403,327,327,2020-12-01,92,2,4,16,-66.6666666666667,"&#x2798;",157106,1.27302585515512,2.54605171031024,10.1842068412409
"Alblasserdam","GM0482",2021-01-15,73,73,70,69,67,49,49,2020-12-01,24,0,3,6,0,"-",20193,0,14.8566334868519,29.7132669737038
"Alphen aan den Rijn","GM0484",2021-01-15,231,231,226,223,219,162,162,2020-12-01,69,0,5,12,-28.5714285714286,"&#x2798;",112552,0,4.4423910725709,10.6617385741702
"Barendrecht","GM0489",2021-01-15,120,119,115,114,112,91,91,2020-12-01,29,1,5,8,66.6666666666667,"&#x279A;",48635,2.05613241492752,10.2806620746376,16.4490593194202
"Drechterland","GM0498",2021-01-15,32,32,29,29,28,19,19,2020-12-01,13,0,3,4,200,"&#x279A;",19834,0,15.1255419985883,20.167389331451
"Brielle","GM0501",2021-01-15,47,46,46,46,44,34,34,2020-12-01,13,1,1,3,-50,"&#x2798;",17408,5.74448529411765,5.74448529411765,17.2334558823529
"Capelle aan den IJssel","GM0502",2021-01-15,239,238,231,231,218,180,180,2020-12-01,59,1,8,21,-38.4615384615385,"&#x2798;",67204,1.48800666626986,11.9040533301589,31.2481399916672
"Delft","GM0503",2021-01-15,192,192,184,183,177,145,145,2020-12-01,47,0,8,15,14.2857142857143,"&#x279A;",103880,0,7.70119368502118,14.4397381594147
"Dordrecht","GM0505",2021-01-15,406,405,399,396,384,306,306,2020-12-01,100,1,7,22,-53.3333333333333,"&#x2798;",119184,0.83903879715398,5.87327158007786,18.4588535373876
"Gorinchem","GM0512",2021-01-15,75,72,67,66,60,44,44,2020-12-01,31,3,8,15,14.2857142857143,"&#x279A;",37405,8.02031813928619,21.3875150380965,40.101590696431
"Gouda","GM0513",2021-01-15,210,210,205,205,199,162,162,2020-12-01,48,0,5,11,-16.6666666666667,"&#x2798;",73754,0,6.77929332646365,14.91444531822
"'s-Gravenhage","GM0518",2021-01-15,1456,1450,1408,1400,1371,1171,1171,2020-12-01,285,6,48,85,29.7297297297297,"&#x279A;",548076,1.09473868587568,8.75790948700545,15.5087980499055
"Hardinxveld-Giessendam","GM0523",2021-01-15,30,30,27,27,26,15,15,2020-12-01,15,0,3,4,200,"&#x279A;",18399,0,16.3052339801076,21.7403119734768
"Hellevoetsluis","GM0530",2021-01-15,90,90,85,81,73,61,61,2020-12-01,29,0,5,17,-58.3333333333333,"&#x2798;",40235,0,12.4269914253759,42.2517708462781
"Hendrik-Ido-Ambacht","GM0531",2021-01-15,89,88,87,87,81,67,67,2020-12-01,22,1,2,8,-66.6666666666667,"&#x2798;",31255,3.19948808190689,6.39897616381379,25.5959046552552
"Stede Broec","GM0532",2021-01-15,60,60,57,57,48,36,36,2020-12-01,24,0,3,12,-66.6666666666667,"&#x2798;",21768,0,13.7816979051819,55.1267916207277
"Hillegom","GM0534",2021-01-15,19,19,18,18,16,11,11,2020-12-01,8,0,1,3,-50,"&#x2798;",22217,0,4.50105774857091,13.5031732457127
"Katwijk","GM0537",2021-01-15,167,166,158,157,149,97,97,2020-12-01,70,1,9,18,0,"-",66005,1.51503673964094,13.6353306567684,27.2706613135369
"Krimpen aan den IJssel","GM0542",2021-01-15,81,81,77,77,75,57,57,2020-12-01,24,0,4,6,100,"&#x279A;",29443,0,13.585572122406,20.378358183609
"Leiden","GM0546",2021-01-15,179,179,176,175,170,137,137,2020-12-01,42,0,3,9,-50,"&#x2798;",124121,0,2.41699631810894,7.25098895432683
"Leiderdorp","GM0547",2021-01-15,67,67,64,64,62,50,50,2020-12-01,17,0,3,5,50,"&#x279A;",27374,0,10.9593044494776,18.265507415796
"Lisse","GM0553",2021-01-15,40,40,39,39,39,21,21,2020-12-01,19,0,1,1,100,"&#x279A;",22999,0,4.34801513109266,4.34801513109266
"Maassluis","GM0556",2021-01-15,95,95,94,94,91,80,80,2020-12-01,15,0,1,4,-66.6666666666667,"&#x2798;",33557,0,2.98000417200584,11.9200166880234
"Nieuwkoop","GM0569",2021-01-15,45,45,44,44,39,23,23,2020-12-01,22,0,1,6,-80,"&#x2798;",29146,0,3.43100253894188,20.5860152336513
"Noordwijk","GM0575",2021-01-15,91,90,89,89,86,66,66,2020-12-01,25,1,2,5,-33.3333333333333,"&#x2798;",43998,2.27283058320833,4.54566116641666,11.3641529160416
"Oegstgeest","GM0579",2021-01-15,38,38,38,38,35,30,30,2020-12-01,8,0,0,3,-100,"&#x2798;",25061,0,0,11.9707912693029
"Oudewater","GM0589",2021-01-15,37,37,37,37,36,33,33,2020-12-01,4,0,0,1,-100,"&#x2798;",10156,0,0,9.84639621898385
"Papendrecht","GM0590",2021-01-15,90,89,88,88,88,63,63,2020-12-01,27,1,2,2,200,"&#x279A;",32142,3.11119407628648,6.22238815257296,6.22238815257296
"Ridderkerk","GM0597",2021-01-15,142,141,136,136,135,102,102,2020-12-01,40,1,6,7,500,"&#x279A;",46633,2.14440417729934,12.866425063796,15.0108292410954
"Rotterdam","GM0599",2021-01-15,2376,2364,2332,2327,2261,1943,1943,2020-12-01,433,12,44,115,-38.0281690140845,"&#x2798;",652742,1.83839863223142,6.74079498484853,17.6179868922178
"Rijswijk","GM0603",2021-01-15,144,143,140,140,136,113,113,2020-12-01,31,1,4,8,0,"-",55236,1.81041349844304,7.24165399377218,14.4833079875444
"Schiedam","GM0606",2021-01-15,237,236,233,232,227,196,196,2020-12-01,41,1,4,10,-33.3333333333333,"&#x2798;",79316,1.26077966614554,5.04311866458218,12.6077966614554
"Sliedrecht","GM0610",2021-01-15,111,111,103,101,95,60,60,2020-12-01,51,0,8,16,0,"-",25570,0,31.2866640594447,62.5733281188893
"Albrandswaard","GM0613",2021-01-15,67,67,66,64,62,55,55,2020-12-01,12,0,1,5,-75,"&#x2798;",25806,0,3.87506781368674,19.3753390684337
"Westvoorne","GM0614",2021-01-15,23,23,21,21,20,15,15,2020-12-01,8,0,2,3,100,"&#x279A;",14893,0,13.4291277781508,20.1436916672262
"Vlaardingen","GM0622",2021-01-15,188,188,187,184,178,156,156,2020-12-01,32,0,1,10,-88.8888888888889,"&#x2798;",73950,0,1.35226504394861,13.5226504394861
"Voorschoten","GM0626",2021-01-15,33,33,31,30,30,20,20,2020-12-01,13,0,2,3,100,"&#x279A;",25643,0,7.79939944624264,11.699099169364
"Waddinxveen","GM0627",2021-01-15,73,73,72,71,70,55,55,2020-12-01,18,0,1,3,-50,"&#x2798;",30320,0,3.29815303430079,9.89445910290237
"Wassenaar","GM0629",2021-01-15,38,38,35,34,33,26,26,2020-12-01,12,0,3,5,50,"&#x279A;",26845,0,11.1752654125535,18.6254423542559
"Woerden","GM0632",2021-01-15,127,126,124,123,119,100,100,2020-12-01,27,1,3,8,-40,"&#x2798;",52671,1.89857796510414,5.69573389531241,15.1886237208331
"Zoetermeer","GM0637",2021-01-15,256,254,248,248,239,184,184,2020-12-01,72,2,8,17,-11.1111111111111,"&#x2798;",125284,1.59637304045209,6.38549216180837,13.5691708438428
"Zoeterwoude","GM0638",2021-01-15,15,15,14,14,14,9,9,2020-12-01,6,0,1,1,100,"&#x279A;",8813,0,11.3468739362306,11.3468739362306
"Zwijndrecht","GM0642",2021-01-15,152,150,149,149,146,109,109,2020-12-01,43,2,3,6,0,"-",44763,4.46797578357125,6.70196367535688,13.4039273507138
"Borsele","GM0654",2021-01-15,23,23,22,22,15,9,9,2020-12-01,14,0,1,8,-85.7142857142857,"&#x2798;",22779,0,4.39000834101585,35.1200667281268
"Goes","GM0664",2021-01-15,48,48,45,45,44,32,32,2020-12-01,16,0,3,4,200,"&#x279A;",38571,0,7.77786419849109,10.3704855979881
"West Maas en Waal","GM0668",2021-01-15,40,40,40,39,38,33,33,2020-12-01,7,0,0,2,-100,"&#x2798;",19560,0,0,10.2249488752556
"Hulst","GM0677",2021-01-15,39,39,36,36,34,29,29,2020-12-01,10,0,3,5,50,"&#x279A;",27563,0,10.8841562964844,18.1402604941407
"Kapelle","GM0678",2021-01-15,10,10,10,10,10,7,7,2020-12-01,3,0,0,0,0,"-",12842,0,0,0
"Middelburg","GM0687",2021-01-15,44,44,41,41,41,31,31,2020-12-01,13,0,3,3,300,"&#x279A;",48973,0,6.12582443387173,6.12582443387173
"Reimerswaal","GM0703",2021-01-15,24,24,23,22,18,14,14,2020-12-01,10,0,1,6,-80,"&#x2798;",22931,0,4.36090881339671,26.1654528803803
"Terneuzen","GM0715",2021-01-15,93,92,90,90,82,63,63,2020-12-01,30,1,3,11,-62.5,"&#x2798;",54486,1.83533384722681,5.50600154168043,20.1886723194949
"Tholen","GM0716",2021-01-15,69,69,65,65,64,58,58,2020-12-01,11,0,4,5,300,"&#x279A;",26050,0,15.3550863723608,19.1938579654511
"Veere","GM0717",2021-01-15,17,17,15,15,15,14,14,2020-12-01,3,0,2,2,200,"&#x279A;",21981,0,9.09876711705564,9.09876711705564
"Vlissingen","GM0718",2021-01-15,46,46,42,42,37,28,28,2020-12-01,18,0,4,9,-20,"&#x2798;",44330,0,9.02323482968644,20.3022783667945
"De Ronde Venen","GM0736",2021-01-15,118,117,116,116,114,95,95,2020-12-01,23,1,2,4,0,"-",44696,2.23733667442277,4.47467334884553,8.94934669769107
"Tytsjerksteradiel","GM0737",2021-01-15,23,23,21,21,16,7,7,2020-12-01,16,0,2,7,-60,"&#x2798;",32039,0,6.24239208464684,21.8483722962639
"Asten","GM0743",2021-01-15,44,44,43,43,42,38,38,2020-12-01,6,0,1,2,0,"-",16802,0,5.95167241995001,11.9033448399
"Baarle-Nassau","GM0744",2021-01-15,19,19,19,19,19,18,18,2020-12-01,1,0,0,0,0,"-",6901,0,0,0
"Bergen op Zoom","GM0748",2021-01-15,168,168,161,160,156,124,124,2020-12-01,44,0,7,12,40,"&#x279A;",67501,0,10.3702167375298,17.777514407194
"Best","GM0753",2021-01-15,98,97,89,88,79,51,51,2020-12-01,47,1,9,19,-10,"&#x2798;",30196,3.31169691349848,29.8052722214863,62.9222413564711
"Boekel","GM0755",2021-01-15,39,39,38,38,38,35,35,2020-12-01,4,0,1,1,100,"&#x279A;",10922,0,9.1558322651529,9.1558322651529
"Boxmeer","GM0756",2021-01-15,87,87,81,81,78,56,56,2020-12-01,31,0,6,9,100,"&#x279A;",29592,0,20.2757502027575,30.4136253041363
"Boxtel","GM0757",2021-01-15,84,84,84,84,81,52,52,2020-12-01,32,0,0,3,-100,"&#x2798;",32675,0,0,9.18133129303749
"Breda","GM0758",2021-01-15,450,448,443,443,432,365,365,2020-12-01,85,2,7,18,-36.3636363636364,"&#x2798;",184151,1.08606523993896,3.80122833978637,9.77458715945067
"Deurne","GM0762",2021-01-15,117,116,113,113,108,93,93,2020-12-01,24,1,4,9,-20,"&#x2798;",32482,3.07862816329044,12.3145126531617,27.7076534696139
"Pekela","GM0765",2021-01-15,24,22,20,20,18,9,9,2020-12-01,15,2,4,6,100,"&#x279A;",12163,16.443311682973,32.8866233659459,49.3299350489189
"Dongen","GM0766",2021-01-15,100,99,96,95,89,65,65,2020-12-01,35,1,4,11,-42.8571428571429,"&#x2798;",26358,3.79391456104408,15.1756582441763,41.7330601714849
"Eersel","GM0770",2021-01-15,83,83,83,83,82,73,73,2020-12-01,10,0,0,1,-100,"&#x2798;",19494,0,0,5.12978352313532
"Eindhoven","GM0772",2021-01-15,634,630,609,606,585,457,457,2020-12-01,177,4,25,49,4.16666666666667,"-",235728,1.69687096993145,10.6054435620715,20.7866693816602
"Etten-Leur","GM0777",2021-01-15,116,116,116,116,112,100,100,2020-12-01,16,0,0,4,-100,"&#x2798;",43881,0,0,9.11556254415351
"Geertruidenberg","GM0779",2021-01-15,49,48,44,42,38,32,32,2020-12-01,17,1,5,11,-16.6666666666667,"&#x2798;",21792,4.58883994126285,22.9441997063142,50.4772393538913
"Gilze en Rijen","GM0784",2021-01-15,60,60,59,59,58,44,44,2020-12-01,16,0,1,2,0,"-",26806,0,3.73050809520257,7.46101619040513
"Goirle","GM0785",2021-01-15,82,82,82,82,79,65,65,2020-12-01,17,0,0,3,-100,"&#x2798;",23939,0,0,12.5318517899662
"Grave","GM0786",2021-01-15,54,54,53,53,51,46,46,2020-12-01,8,0,1,3,-50,"&#x2798;",12429,0,8.04569957357792,24.1370987207338
"Helmond","GM0794",2021-01-15,307,304,295,293,284,245,245,2020-12-01,62,3,12,23,9.09090909090908,"&#x279A;",92614,3.23925108514911,12.9570043405965,24.8342583194765
"'s-Hertogenbosch","GM0796",2021-01-15,365,365,364,363,351,285,285,2020-12-01,80,0,1,14,-92.3076923076923,"&#x2798;",155491,0,0.643124039333466,9.00373655066853
"Heusden","GM0797",2021-01-15,132,132,131,131,126,103,103,2020-12-01,29,0,1,6,-80,"&#x2798;",45008,0,2.22182723071454,13.3309633842872
"Hilvarenbeek","GM0798",2021-01-15,38,38,38,38,38,33,33,2020-12-01,5,0,0,0,0,"-",15683,0,0,0
"Loon op Zand","GM0809",2021-01-15,94,94,90,89,85,72,72,2020-12-01,22,0,4,9,-20,"&#x2798;",23497,0,17.0234498021024,38.3027620547304
"Mill en Sint Hubert","GM0815",2021-01-15,29,29,27,26,26,23,23,2020-12-01,6,0,2,3,100,"&#x279A;",11003,0,18.1768608561301,27.2652912841952
"Nuenen, Gerwen en Nederwetten","GM0820",2021-01-15,52,50,49,49,46,40,40,2020-12-01,12,2,3,6,0,"-",23657,8.45415733186795,12.6812359978019,25.3624719956038
"Oirschot","GM0823",2021-01-15,53,53,53,53,49,39,39,2020-12-01,14,0,0,4,-100,"&#x2798;",18838,0,0,21.2336766111052
"Oisterwijk","GM0824",2021-01-15,70,70,70,70,66,51,51,2020-12-01,19,0,0,4,-100,"&#x2798;",30700,0,0,13.0293159609121
"Oosterhout","GM0826",2021-01-15,157,157,156,156,152,113,113,2020-12-01,44,0,1,5,-75,"&#x2798;",56184,0,1.77986615406521,8.89933077032607
"Oss","GM0828",2021-01-15,299,299,298,297,295,280,280,2020-12-01,19,0,1,4,-66.6666666666667,"&#x2798;",92442,0,1.08175937344497,4.32703749377988
"Rucphen","GM0840",2021-01-15,72,72,68,68,60,49,49,2020-12-01,23,0,4,12,-50,"&#x2798;",23089,0,17.324266966954,51.9728009008619
"Sint-Michielsgestel","GM0845",2021-01-15,79,79,79,79,78,64,64,2020-12-01,15,0,0,1,-100,"&#x2798;",29510,0,0,3.38868180277872
"Someren","GM0847",2021-01-15,53,53,51,50,46,36,36,2020-12-01,17,0,2,7,-60,"&#x2798;",19395,0,10.3119360659964,36.0917762309874
"Son en Breugel","GM0848",2021-01-15,52,52,51,51,51,44,44,2020-12-01,8,0,1,1,100,"&#x279A;",17526,0,5.7058085130663,5.7058085130663
"Steenbergen","GM0851",2021-01-15,70,69,69,68,66,54,54,2020-12-01,16,1,1,4,-66.6666666666667,"&#x2798;",24315,4.11268764137364,4.11268764137364,16.4507505654946
"Waterland","GM0852",2021-01-15,46,45,42,42,41,34,34,2020-12-01,12,1,4,5,300,"&#x279A;",17325,5.77200577200577,23.0880230880231,28.8600288600289
"Tilburg","GM0855",2021-01-15,771,769,765,765,746,615,615,2020-12-01,156,2,6,25,-68.4210526315789,"&#x2798;",221358,0.90351376503221,2.71054129509663,11.2939220629026
"Uden","GM0856",2021-01-15,148,148,147,147,145,136,136,2020-12-01,12,0,1,3,-50,"&#x2798;",42244,0,2.3672000757504,7.10160022725121
"Valkenswaard","GM0858",2021-01-15,77,77,71,71,66,54,54,2020-12-01,23,0,6,11,20,"&#x279A;",31253,0,19.1981569769302,35.1966211243721
"Veldhoven","GM0861",2021-01-15,141,140,135,133,128,99,99,2020-12-01,42,1,6,13,-14.2857142857143,"&#x2798;",45562,2.1948114656951,13.1688687941706,28.5325490540363
"Vught","GM0865",2021-01-15,92,92,92,92,89,69,69,2020-12-01,23,0,0,3,-100,"&#x2798;",30756,0,0,9.75419430355053
"Waalre","GM0866",2021-01-15,39,39,35,35,33,28,28,2020-12-01,11,0,4,6,100,"&#x279A;",17519,0,22.8323534448313,34.248530167247
"Waalwijk","GM0867",2021-01-15,177,176,176,175,172,136,136,2020-12-01,41,1,1,5,-75,"&#x2798;",48826,2.04808913283906,2.04808913283906,10.2404456641953
"Woensdrecht","GM0873",2021-01-15,43,43,43,42,42,36,36,2020-12-01,7,0,0,1,-100,"&#x2798;",22002,0,0,4.54504135987638
"Zundert","GM0879",2021-01-15,57,57,56,56,55,47,47,2020-12-01,10,0,1,2,0,"-",21995,0,4.54648783814503,9.09297567629007
"Wormerland","GM0880",2021-01-15,43,43,43,43,41,37,37,2020-12-01,6,0,0,2,-100,"&#x2798;",16295,0,0,12.2737035900583
"Landgraaf","GM0882",2021-01-15,105,103,102,102,97,77,77,2020-12-01,28,2,3,8,-40,"&#x2798;",37325,5.35833891493637,8.03750837240455,21.4333556597455
"Beek","GM0888",2021-01-15,33,33,33,33,32,24,24,2020-12-01,9,0,0,1,-100,"&#x2798;",15872,0,0,6.30040322580645
"Beesel","GM0889",2021-01-15,11,11,11,11,10,9,9,2020-12-01,2,0,0,1,-100,"&#x2798;",13464,0,0,7.42721330956625
"Bergen (L.)","GM0893",2021-01-15,25,25,22,22,19,13,13,2020-12-01,12,0,3,6,0,"-",13111,0,22.8815498436427,45.7630996872855
"Brunssum","GM0899",2021-01-15,82,82,81,79,76,60,60,2020-12-01,22,0,1,6,-80,"&#x2798;",27655,0,3.61598264328331,21.6958958596999
"Gennep","GM0907",2021-01-15,43,43,42,40,40,27,27,2020-12-01,16,0,1,3,-50,"&#x2798;",17019,0,5.8757858863623,17.6273576590869
"Heerlen","GM0917",2021-01-15,215,215,214,213,205,170,170,2020-12-01,45,0,1,10,-88.8888888888889,"&#x2798;",86829,0,1.15168895184789,11.5168895184789
"Kerkrade","GM0928",2021-01-15,118,118,117,117,113,97,97,2020-12-01,21,0,1,5,-75,"&#x2798;",45499,0,2.19785050220884,10.9892525110442
"Maastricht","GM0935",2021-01-15,348,347,337,336,322,241,241,2020-12-01,107,1,11,26,-26.6666666666667,"&#x2798;",120379,0.830709675275588,9.13780642803147,21.5984515571653
"Meerssen","GM0938",2021-01-15,41,41,39,39,38,29,29,2020-12-01,12,0,2,3,100,"&#x279A;",18710,0,10.6894708711919,16.0342063067878
"Mook en Middelaar","GM0944",2021-01-15,22,22,21,21,20,18,18,2020-12-01,4,0,1,2,0,"-",7901,0,12.6566257435768,25.3132514871535
"Nederweert","GM0946",2021-01-15,42,42,37,37,35,29,29,2020-12-01,13,0,5,7,150,"&#x279A;",17171,0,29.1188631995807,40.766408479413
"Roermond","GM0957",2021-01-15,152,152,151,151,144,121,121,2020-12-01,31,0,1,8,-85.7142857142857,"&#x2798;",58784,0,1.70114316820904,13.6091453456723
"Simpelveld","GM0965",2021-01-15,29,29,27,27,26,24,24,2020-12-01,5,0,2,3,100,"&#x279A;",10495,0,19.0566936636494,28.585040495474
"Stein","GM0971",2021-01-15,72,72,71,71,71,61,61,2020-12-01,11,0,1,1,100,"&#x279A;",24876,0,4.01993889692877,4.01993889692877
"Vaals","GM0981",2021-01-15,21,21,21,21,19,14,14,2020-12-01,7,0,0,2,-100,"&#x2798;",10113,0,0,19.776525264511
"Venlo","GM0983",2021-01-15,30,29,29,29,29,20,20,2020-12-01,10,1,1,1,100,"&#x279A;",101967,0.980709445212667,0.980709445212667,0.980709445212667
"Venray","GM0984",2021-01-15,40,40,40,40,36,29,29,2020-12-01,11,0,0,4,-100,"&#x2798;",43704,0,0,9.15248032216731
"Voerendaal","GM0986",2021-01-15,28,26,26,26,26,22,22,2020-12-01,6,2,2,2,200,"&#x279A;",12478,16.0282096489822,16.0282096489822,16.0282096489822
"Weert","GM0988",2021-01-15,132,131,127,126,123,75,75,2020-12-01,57,1,5,9,25,"&#x279A;",50008,1.99968005119181,9.99840025595905,17.9971204607263
"Valkenburg aan de Geul","GM0994",2021-01-15,29,29,28,28,27,20,20,2020-12-01,9,0,1,2,0,"-",16399,0,6.09793280078054,12.1958656015611
"Lelystad","GM0995",2021-01-15,202,202,200,200,193,147,147,2020-12-01,55,0,2,9,-71.4285714285714,"&#x2798;",79703,0,2.50931583503758,11.2919212576691
"Horst aan de Maas","GM1507",2021-01-15,13,13,13,13,13,10,10,2020-12-01,3,0,0,0,0,"-",42464,0,0,0
"Oude IJsselstreek","GM1509",2021-01-15,64,64,61,61,57,47,47,2020-12-01,17,0,3,7,-25,"&#x2798;",39348,0,7.62427569380909,17.7899766188879
"Teylingen","GM1525",2021-01-15,64,61,60,59,53,42,42,2020-12-01,22,3,4,11,-42.8571428571429,"&#x2798;",37761,7.94470485421467,10.5929398056196,29.1305844654538
"Utrechtse Heuvelrug","GM1581",2021-01-15,78,78,77,77,73,53,53,2020-12-01,25,0,1,5,-75,"&#x2798;",49962,0,2.00152115607862,10.0076057803931
"Oost Gelre","GM1586",2021-01-15,64,64,64,64,61,53,53,2020-12-01,11,0,0,3,-100,"&#x2798;",29574,0,0,10.1440454453236
"Koggenland","GM1598",2021-01-15,28,28,28,28,25,19,19,2020-12-01,9,0,0,3,-100,"&#x2798;",22932,0,0,13.0821559392988
"Lansingerland","GM1621",2021-01-15,126,126,124,123,116,102,102,2020-12-01,24,0,2,10,-75,"&#x2798;",63295,0,3.15980725175764,15.7990362587882
"Leudal","GM1640",2021-01-15,89,89,84,84,82,66,66,2020-12-01,23,0,5,7,150,"&#x279A;",36027,0,13.8784800288672,19.4298720404141
"Maasgouw","GM1641",2021-01-15,60,60,57,56,55,42,42,2020-12-01,18,0,3,5,50,"&#x279A;",23976,0,12.5125125125125,20.8541875208542
"Gemert-Bakel","GM1652",2021-01-15,114,113,112,112,107,97,97,2020-12-01,17,1,2,7,-60,"&#x2798;",30751,3.25192676660922,6.50385353321843,22.7634873662645
"Halderberge","GM1655",2021-01-15,84,84,82,82,82,69,69,2020-12-01,15,0,2,2,200,"&#x279A;",30461,0,6.56577262729392,6.56577262729392
"Heeze-Leende","GM1658",2021-01-15,39,39,39,39,38,29,29,2020-12-01,10,0,0,1,-100,"&#x2798;",16222,0,0,6.16446800641105
"Laarbeek","GM1659",2021-01-15,79,78,77,77,74,64,64,2020-12-01,15,1,2,5,-33.3333333333333,"&#x2798;",22787,4.38846710843902,8.77693421687805,21.9423355421951
"Reusel-De Mierden","GM1667",2021-01-15,40,40,40,39,38,35,35,2020-12-01,5,0,0,2,-100,"&#x2798;",13123,0,0,15.2404175874419
"Roerdalen","GM1669",2021-01-15,48,48,46,46,44,40,40,2020-12-01,8,0,2,4,0,"-",20612,0,9.70308558121483,19.4061711624297
"Roosendaal","GM1674",2021-01-15,190,190,183,183,180,151,151,2020-12-01,39,0,7,10,133.333333333333,"&#x279A;",77256,0,9.06078492285389,12.9439784612198
"Schouwen-Duiveland","GM1676",2021-01-15,33,33,33,33,29,23,23,2020-12-01,10,0,0,4,-100,"&#x2798;",33990,0,0,11.7681671079729
"Aa en Hunze","GM1680",2021-01-15,9,9,9,8,8,5,5,2020-12-01,4,0,0,1,-100,"&#x2798;",25366,0,0,3.94228494835607
"Borger-Odoorn","GM1681",2021-01-15,31,31,29,29,23,13,13,2020-12-01,18,0,2,8,-66.6666666666667,"&#x2798;",25587,0,7.81646930081682,31.2658772032673
"Cuijk","GM1684",2021-01-15,51,51,49,49,44,37,37,2020-12-01,14,0,2,7,-60,"&#x2798;",25373,0,7.8823946715012,27.5883813502542
"Landerd","GM1685",2021-01-15,53,53,52,52,51,48,48,2020-12-01,5,0,1,2,0,"-",15838,0,6.31392852632908,12.6278570526582
"De Wolden","GM1690",2021-01-15,32,31,30,30,26,21,21,2020-12-01,11,1,2,6,-50,"&#x2798;",24374,4.10273241979158,8.20546483958316,24.6163945187495
"Noord-Beveland","GM1695",2021-01-15,4,4,4,4,4,4,4,2020-12-01,0,0,0,0,0,"-",7570,0,0,0
"Wijdemeren","GM1696",2021-01-15,18,18,16,16,14,12,12,2020-12-01,6,0,2,4,0,"-",24440,0,8.18330605564648,16.366612111293
"Noordenveld","GM1699",2021-01-15,15,15,14,12,12,8,8,2020-12-01,7,0,1,3,-50,"&#x2798;",31216,0,3.20348539210661,9.61045617631984
"Twenterand","GM1700",2021-01-15,116,113,108,106,99,55,55,2020-12-01,61,3,8,17,-11.1111111111111,"&#x2798;",33696,8.9031339031339,23.7416904083571,50.4510921177588
"Westerveld","GM1701",2021-01-15,14,14,14,14,14,8,8,2020-12-01,6,0,0,0,0,"-",19638,0,0,0
"Sint Anthonis","GM1702",2021-01-15,26,26,26,26,25,22,22,2020-12-01,4,0,0,1,-100,"&#x2798;",11687,0,0,8.55651578677163
"Lingewaard","GM1705",2021-01-15,72,71,68,67,66,37,37,2020-12-01,35,1,4,6,100,"&#x279A;",46781,2.13761997392104,8.55047989568414,12.8257198435262
"Cranendonck","GM1706",2021-01-15,70,70,68,68,66,57,57,2020-12-01,13,0,2,4,0,"-",21007,0,9.52063597848336,19.0412719569667
"Steenwijkerland","GM1708",2021-01-15,42,42,36,36,33,16,16,2020-12-01,26,0,6,9,100,"&#x279A;",44301,0,13.5437123315501,20.3155684973251
"Moerdijk","GM1709",2021-01-15,82,82,80,80,76,57,57,2020-12-01,25,0,2,6,-50,"&#x2798;",37193,0,5.37735595407738,16.1320678622321
"Echt-Susteren","GM1711",2021-01-15,77,77,73,72,66,59,59,2020-12-01,18,0,4,11,-42.8571428571429,"&#x2798;",31751,0,12.5980284085541,34.6445781235237
"Sluis","GM1714",2021-01-15,40,40,40,40,40,22,22,2020-12-01,18,0,0,0,0,"-",23143,0,0,0
"Drimmelen","GM1719",2021-01-15,66,66,63,63,61,43,43,2020-12-01,23,0,3,5,50,"&#x279A;",27334,0,10.9753420648277,18.2922367747128
"Bernheze","GM1721",2021-01-15,123,122,122,122,121,116,116,2020-12-01,7,1,1,2,0,"-",31398,3.18491623670297,3.18491623670297,6.36983247340595
"Alphen-Chaam","GM1723",2021-01-15,40,40,40,40,40,38,38,2020-12-01,2,0,0,0,0,"-",10362,0,0,0
"Bergeijk","GM1724",2021-01-15,62,62,62,62,60,52,52,2020-12-01,10,0,0,2,-100,"&#x2798;",18745,0,0,10.669511869832
"Bladel","GM1728",2021-01-15,64,64,60,60,60,52,52,2020-12-01,12,0,4,4,400,"&#x279A;",20552,0,19.4628260023355,19.4628260023355
"Gulpen-Wittem","GM1729",2021-01-15,35,35,34,34,33,28,28,2020-12-01,7,0,1,2,0,"-",14184,0,7.05019740552736,14.1003948110547
"Tynaarlo","GM1730",2021-01-15,19,19,19,18,17,11,11,2020-12-01,8,0,0,2,-100,"&#x2798;",33927,0,0,5.89500987414154
"Midden-Drenthe","GM1731",2021-01-15,34,34,30,29,25,14,14,2020-12-01,20,0,4,9,-20,"&#x2798;",33357,0,11.9914860449081,26.9808436010433
"Overbetuwe","GM1734",2021-01-15,66,66,62,62,61,51,51,2020-12-01,15,0,4,5,300,"&#x279A;",48147,0,8.30789041892537,10.3848630236567
"Hof van Twente","GM1735",2021-01-15,82,82,77,77,74,58,58,2020-12-01,24,0,5,8,66.6666666666667,"&#x279A;",35037,0,14.2706281930531,22.8330051088849
"Neder-Betuwe","GM1740",2021-01-15,88,88,84,83,80,64,64,2020-12-01,24,0,4,8,0,"-",24634,0,16.2377202240805,32.4754404481611
"Rijssen-Holten","GM1742",2021-01-15,96,96,91,90,86,60,60,2020-12-01,36,0,5,10,0,"-",38182,0,13.0951757372584,26.1903514745168
"Geldrop-Mierlo","GM1771",2021-01-15,122,122,118,117,111,85,85,2020-12-01,37,0,4,11,-42.8571428571429,"&#x2798;",40097,0,9.97580866398983,27.433473825972
"Olst-Wijhe","GM1773",2021-01-15,17,17,17,16,16,12,12,2020-12-01,5,0,0,1,-100,"&#x2798;",18348,0,0,5.45018530630041
"Dinkelland","GM1774",2021-01-15,66,66,63,63,60,48,48,2020-12-01,18,0,3,6,0,"-",26616,0,11.2714156898106,22.5428313796213
"Westland","GM1783",2021-01-15,264,261,251,246,235,177,177,2020-12-01,87,3,13,29,-18.75,"&#x2798;",111342,2.69440103465,11.6757378168167,26.0458766682833
"Midden-Delfland","GM1842",2021-01-15,44,44,44,43,41,28,28,2020-12-01,16,0,0,3,-100,"&#x2798;",19378,0,0,15.4814738363092
"Berkelland","GM1859",2021-01-15,78,78,73,72,70,62,62,2020-12-01,16,0,5,8,66.6666666666667,"&#x279A;",43821,0,11.4100545400607,18.2560872640971
"Bronckhorst","GM1876",2021-01-15,65,65,64,64,63,47,47,2020-12-01,18,0,1,2,0,"-",36103,0,2.7698529208099,5.53970584161981
"Sittard-Geleen","GM1883",2021-01-15,210,211,209,208,207,168,168,2020-12-01,42,-1,1,3,-50,"&#x2798;",91781,-1.08955012475349,1.08955012475349,3.26865037426047
"Kaag en Braassem","GM1884",2021-01-15,46,46,44,44,38,26,26,2020-12-01,20,0,2,8,-66.6666666666667,"&#x2798;",27547,0,7.26031872799216,29.0412749119686
"Dantumadiel","GM1891",2021-01-15,17,17,13,12,10,3,3,2020-12-01,14,0,4,7,33.3333333333333,"&#x279A;",18927,0,21.1338299783378,36.9842024620912
"Zuidplas","GM1892",2021-01-15,100,99,89,88,80,67,67,2020-12-01,33,1,11,20,22.2222222222222,"&#x279A;",45015,2.22148172831278,24.4362990114406,44.4296345662557
"Peel en Maas","GM1894",2021-01-15,38,38,37,37,36,34,34,2020-12-01,4,0,1,2,0,"-",43695,0,2.28859137201053,4.57718274402106
"Oldambt","GM1895",2021-01-15,57,54,48,48,46,21,21,2020-12-01,36,3,9,11,350,"&#x279A;",38281,7.83678587288733,23.510357618662,28.7348815339202
"Zwartewaterland","GM1896",2021-01-15,29,27,27,26,26,18,18,2020-12-01,11,2,2,3,100,"&#x279A;",22797,8.77308417774269,8.77308417774269,13.159626266614
"Súdwest-Fryslân","GM1900",2021-01-15,86,82,79,78,73,46,46,2020-12-01,40,4,7,13,16.6666666666667,"&#x279A;",89930,4.44790392527521,7.78383186923163,14.4556877571444
"Bodegraven-Reeuwijk","GM1901",2021-01-15,75,74,72,72,68,52,52,2020-12-01,23,1,3,7,-25,"&#x2798;",35288,2.83382452958513,8.50147358875538,19.8367717070959
"Eijsden-Margraten","GM1903",2021-01-15,81,80,76,76,73,64,64,2020-12-01,17,1,5,8,66.6666666666667,"&#x279A;",25903,3.86055669227503,19.3027834613751,30.8844535382002
"Stichtse Vecht","GM1904",2021-01-15,147,147,143,142,139,106,106,2020-12-01,41,0,4,8,0,"-",65142,0,6.14043167234657,12.2808633446931
"Hollands Kroon","GM1911",2021-01-15,74,73,73,72,69,40,40,2020-12-01,34,1,1,5,-75,"&#x2798;",48532,2.06049616747713,2.06049616747713,10.3024808373856
"Leidschendam-Voorburg","GM1916",2021-01-15,143,143,140,140,133,105,105,2020-12-01,38,0,3,10,-57.1428571428571,"&#x2798;",76451,0,3.92408209179736,13.0802736393245
"Goeree-Overflakkee","GM1924",2021-01-15,146,145,142,142,136,108,108,2020-12-01,38,1,4,10,-33.3333333333333,"&#x2798;",50567,1.9775743073546,7.9102972294184,19.775743073546
"Pijnacker-Nootdorp","GM1926",2021-01-15,84,80,79,79,77,70,70,2020-12-01,14,4,5,7,150,"&#x279A;",55592,7.19527989638797,8.99409987048496,12.5917398186789
"Nissewaard","GM1930",2021-01-15,230,229,226,225,221,172,172,2020-12-01,58,1,4,9,-20,"&#x2798;",85302,1.17230545590959,4.68922182363837,10.5507491031863
"Krimpenerwaard","GM1931",2021-01-15,152,151,146,145,139,115,115,2020-12-01,37,1,6,13,-14.2857142857143,"&#x2798;",56559,1.76806520624481,10.6083912374688,22.9848476811825
"De Fryske Marren","GM1940",2021-01-15,51,51,50,48,43,33,33,2020-12-01,18,0,1,8,-85.7142857142857,"&#x2798;",51735,0,1.93292741857543,15.4634193486035
"Gooise Meren","GM1942",2021-01-15,44,44,41,40,34,24,24,2020-12-01,20,0,3,10,-57.1428571428571,"&#x2798;",58466,0,5.13118735675435,17.1039578558478
"Berg en Dal","GM1945",2021-01-15,98,98,96,96,94,79,79,2020-12-01,19,0,2,4,0,"-",35015,0,5.71183778380694,11.4236755676139
"Meierijstad","GM1948",2021-01-15,326,326,322,321,319,299,299,2020-12-01,27,0,4,7,33.3333333333333,"&#x279A;",81653,0,4.8987789793394,8.57286321384395
"Waadhoeke","GM1949",2021-01-15,40,40,39,37,31,14,14,2020-12-01,26,0,1,9,-87.5,"&#x2798;",46082,0,2.17004470292088,19.5304023262879
"Westerwolde","GM1950",2021-01-15,34,32,30,30,28,19,19,2020-12-01,15,2,4,6,100,"&#x279A;",26284,7.60919190381981,15.2183838076396,22.8275757114594
"Midden-Groningen","GM1952",2021-01-15,82,82,75,74,67,42,42,2020-12-01,40,0,7,15,-12.5,"&#x2798;",60745,0,11.5235821878344,24.6933904025023
"Beekdaelen","GM1954",2021-01-15,89,89,88,88,86,68,68,2020-12-01,21,0,1,3,-50,"&#x2798;",36073,0,2.77215646051063,8.31646938153189
"Montferland","GM1955",2021-01-15,57,57,54,54,51,42,42,2020-12-01,15,0,3,6,0,"-",36062,0,8.31900615606456,16.6380123121291
"Altena","GM1959",2021-01-15,160,160,156,155,149,99,99,2020-12-01,61,0,4,11,-42.8571428571429,"&#x2798;",56308,0,7.10378631810755,19.5354123747958
"West Betuwe","GM1960",2021-01-15,149,148,146,146,140,114,114,2020-12-01,35,1,3,9,-50,"&#x2798;",51489,1.94216240362019,5.82648721086057,17.4794616325817
"Vijfheerenlanden","GM1961",2021-01-15,121,120,117,113,109,90,90,2020-12-01,31,1,4,12,-50,"&#x2798;",57786,1.73052296403973,6.92209185615893,20.7662755684768
"Hoeksche Waard","GM1963",2021-01-15,194,192,189,185,181,150,150,2020-12-01,44,2,5,13,-37.5,"&#x2798;",87963,2.273683253186,5.684208132965,14.778941145709
"Het Hogeland","GM1966",2021-01-15,29,28,27,27,22,13,13,2020-12-01,16,1,2,7,-60,"&#x2798;",47859,2.08947115485071,4.17894230970141,14.6262980839549
"Westerkwartier","GM1969",2021-01-15,65,64,63,62,58,39,39,2020-12-01,26,1,2,7,-60,"&#x2798;",63603,1.5722528811534,3.14450576230681,11.0057701680738
"Noardeast-Fryslân","GM1970",2021-01-15,49,49,43,43,33,14,14,2020-12-01,35,0,6,16,-40,"&#x2798;",45479,0,13.1929022186064,35.1810725829504
"Molenlanden","GM1978",2021-01-15,83,83,82,82,76,60,60,2020-12-01,23,0,1,7,-83.3333333333333,"&#x2798;",44105,0,2.26731663076749,15.8712164153724
"Eemsdelta","GM1979",2021-01-15,72,72,66,65,56,25,25,2020-12-01,47,0,6,16,-40,"&#x2798;",45606,0,13.156163662676,35.0831031004692
