"municipality","Municipality_code","date","d0","d1","d7","d8","d14","lowest_since_okt1","lowest_since_okt1_date","current","increase_1d","increase_7d","increase_14d","increase_growth","growth","population","rel_increase_1d","rel_increase_7d","rel_increase_14d"
"Netherlands","",2020-11-10,16064,15990,15434,15331,14739,12805,2020-10-01,3259,74,630,1325,-9.35251798561151,"&#x2798;",17443797,0.424219566416647,3.61159901138496,7.59582331759536
"Unknown","",2020-11-10,95,95,92,91,87,74,2020-10-01,21,0,3,8,-40,"&#x2798;",NA,NA,NA,NA
"Appingedam","GM0003",2020-11-10,8,8,8,8,7,3,2020-10-01,5,0,0,1,-100,"&#x2798;",11529,0,0,8.67377916558244
"Delfzijl","GM0010",2020-11-10,8,8,8,8,7,6,2020-10-01,2,0,0,1,-100,"&#x2798;",24627,0,0,4.06058391196654
"Groningen","GM0014",2020-11-10,32,32,32,32,32,19,2020-10-01,13,0,0,0,0,"-",233266,0,0,0
"Loppersum","GM0024",2020-11-10,0,0,0,0,0,0,2020-10-01,0,0,0,0,0,"-",9501,0,0,0
"Almere","GM0034",2020-11-10,173,173,171,171,168,138,2020-10-01,35,0,2,5,-33.3333333333333,"&#x2798;",214133,0,0.933998963261151,2.33499740815288
"Stadskanaal","GM0037",2020-11-10,9,9,8,8,7,2,2020-10-01,7,0,1,2,0,"-",31564,0,3.16816626536561,6.33633253073121
"Veendam","GM0047",2020-11-10,4,4,4,4,2,2,2020-10-01,2,0,0,2,-100,"&#x2798;",27440,0,0,7.28862973760933
"Zeewolde","GM0050",2020-11-10,13,13,13,13,13,12,2020-10-01,1,0,0,0,0,"-",22750,0,0,0
"Achtkarspelen","GM0059",2020-11-10,0,0,0,0,0,0,2020-10-01,0,0,0,0,0,"-",27890,0,0,0
"Ameland","GM0060",2020-11-10,0,0,0,0,0,0,2020-10-01,0,0,0,0,0,"-",3766,0,0,0
"Harlingen","GM0072",2020-11-10,5,5,5,4,4,4,2020-10-01,1,0,0,1,-100,"&#x2798;",15827,0,0,6.31831680040437
"Heerenveen","GM0074",2020-11-10,16,16,16,16,16,13,2020-10-01,3,0,0,0,0,"-",50561,0,0,0
"Leeuwarden","GM0080",2020-11-10,47,47,47,47,45,37,2020-10-01,10,0,0,2,-100,"&#x2798;",124338,0,0,1.60851871511525
"Ooststellingwerf","GM0085",2020-11-10,6,5,5,5,5,3,2020-10-01,3,1,1,1,100,"&#x279A;",25398,3.93731789904717,3.93731789904717,3.93731789904717
"Opsterland","GM0086",2020-11-10,9,9,8,8,8,7,2020-10-01,2,0,1,1,100,"&#x279A;",29777,0,3.358296671928,3.358296671928
"Schiermonnikoog","GM0088",2020-11-10,1,1,1,1,1,0,2020-10-01,1,0,0,0,0,"-",940,0,0,0
"Smallingerland","GM0090",2020-11-10,12,12,12,12,12,9,2020-10-01,3,0,0,0,0,"-",56109,0,0,0
"Terschelling","GM0093",2020-11-10,1,1,1,1,1,0,2020-10-01,1,0,0,0,0,"-",4893,0,0,0
"Vlieland","GM0096",2020-11-10,0,0,0,0,0,0,2020-10-01,0,0,0,0,0,"-",1208,0,0,0
"Weststellingwerf","GM0098",2020-11-10,3,3,3,3,3,3,2020-10-01,0,0,0,0,0,"-",26044,0,0,0
"Assen","GM0106",2020-11-10,15,14,14,14,14,12,2020-10-01,3,1,1,1,100,"&#x279A;",68890,1.45158949049209,1.45158949049209,1.45158949049209
"Coevorden","GM0109",2020-11-10,19,19,19,19,15,13,2020-10-01,6,0,0,4,-100,"&#x2798;",35274,0,0,11.3397970176334
"Emmen","GM0114",2020-11-10,52,52,50,49,46,23,2020-10-01,29,0,2,6,-50,"&#x2798;",107083,0,1.8677100940392,5.60313028211761
"Hoogeveen","GM0118",2020-11-10,32,31,29,29,27,20,2020-10-01,12,1,3,5,50,"&#x279A;",55612,1.79817305617493,5.39451916852478,8.99086528087463
"Meppel","GM0119",2020-11-10,11,11,11,11,11,11,2020-10-01,0,0,0,0,0,"-",34211,0,0,0
"Almelo","GM0141",2020-11-10,37,36,33,32,32,26,2020-10-01,11,1,4,5,300,"&#x279A;",73183,1.36643756063567,5.46575024254267,6.83218780317833
"Borne","GM0147",2020-11-10,16,16,16,16,16,14,2020-10-01,2,0,0,0,0,"-",23582,0,0,0
"Dalfsen","GM0148",2020-11-10,18,18,17,17,17,16,2020-10-01,2,0,1,1,100,"&#x279A;",28921,0,3.45769510044604,3.45769510044604
"Deventer","GM0150",2020-11-10,53,53,50,50,50,48,2020-10-01,5,0,3,3,300,"&#x279A;",101021,0,2.96967957157423,2.96967957157423
"Enschede","GM0153",2020-11-10,80,79,70,70,68,59,2020-10-01,21,1,10,12,400,"&#x279A;",159857,0.625559093439762,6.25559093439762,7.50670912127714
"Haaksbergen","GM0158",2020-11-10,19,19,18,18,17,15,2020-10-01,4,0,1,2,0,"-",24271,0,4.12014338098966,8.24028676197932
"Hardenberg","GM0160",2020-11-10,26,26,25,25,24,23,2020-10-01,3,0,1,2,0,"-",61240,0,1.63291966035271,3.26583932070542
"Hellendoorn","GM0163",2020-11-10,13,13,13,13,13,8,2020-10-01,5,0,0,0,0,"-",35938,0,0,0
"Hengelo","GM0164",2020-11-10,41,41,40,40,39,26,2020-10-01,15,0,1,2,0,"-",81149,0,1.23230107579884,2.46460215159768
"Kampen","GM0166",2020-11-10,63,63,61,61,60,59,2020-10-01,4,0,2,3,100,"&#x279A;",54429,0,3.67451174925132,5.51176762387698
"Losser","GM0168",2020-11-10,13,13,11,11,11,10,2020-10-01,3,0,2,2,200,"&#x279A;",22850,0,8.7527352297593,8.7527352297593
"Noordoostpolder","GM0171",2020-11-10,20,20,20,20,19,17,2020-10-01,3,0,0,1,-100,"&#x2798;",47514,0,0,2.10464284210969
"Oldenzaal","GM0173",2020-11-10,19,17,16,16,16,15,2020-10-01,4,2,3,3,300,"&#x279A;",31771,6.29504894400554,9.44257341600831,9.44257341600831
"Ommen","GM0175",2020-11-10,9,9,9,9,9,9,2020-10-01,0,0,0,0,0,"-",18204,0,0,0
"Raalte","GM0177",2020-11-10,26,26,26,26,25,24,2020-10-01,2,0,0,1,-100,"&#x2798;",37817,0,0,2.64431340402464
"Staphorst","GM0180",2020-11-10,10,10,9,9,8,8,2020-10-01,2,0,1,2,0,"-",17235,0,5.8021467943139,11.6042935886278
"Tubbergen","GM0183",2020-11-10,12,12,12,12,12,12,2020-10-01,0,0,0,0,0,"-",21282,0,0,0
"Urk","GM0184",2020-11-10,26,26,24,24,24,23,2020-10-01,3,0,2,2,200,"&#x279A;",21161,0,9.45134918009546,9.45134918009546
"Wierden","GM0189",2020-11-10,8,8,7,7,7,7,2020-10-01,1,0,1,1,100,"&#x279A;",24517,0,4.07880246359669,4.07880246359669
"Zwolle","GM0193",2020-11-10,56,56,55,55,54,53,2020-10-01,3,0,1,2,0,"-",129465,0,0.772409531533619,1.54481906306724
"Aalten","GM0197",2020-11-10,13,13,13,13,13,9,2020-10-01,4,0,0,0,0,"-",27110,0,0,0
"Apeldoorn","GM0200",2020-11-10,123,123,119,118,113,101,2020-10-01,22,0,4,10,-33.3333333333333,"&#x2798;",164513,0,2.43141879365157,6.07854698412891
"Arnhem","GM0202",2020-11-10,108,106,100,99,89,73,2020-10-01,35,2,8,19,-27.2727272727273,"&#x2798;",162219,1.23290120146222,4.93160480584888,11.7125614138911
"Barneveld","GM0203",2020-11-10,26,26,25,25,24,18,2020-10-01,8,0,1,2,0,"-",59777,0,1.67288421968316,3.34576843936631
"Beuningen","GM0209",2020-11-10,22,22,20,20,20,19,2020-10-01,3,0,2,2,200,"&#x279A;",26169,0,7.64263059345027,7.64263059345027
"Brummen","GM0213",2020-11-10,21,21,19,19,19,18,2020-10-01,3,0,2,2,200,"&#x279A;",20870,0,9.5831336847149,9.5831336847149
"Buren","GM0214",2020-11-10,23,23,23,23,23,17,2020-10-01,6,0,0,0,0,"-",27020,0,0,0
"Culemborg","GM0216",2020-11-10,29,29,29,28,27,24,2020-10-01,5,0,0,2,-100,"&#x2798;",29044,0,0,6.88610384244594
"Doesburg","GM0221",2020-11-10,11,11,11,11,11,9,2020-10-01,2,0,0,0,0,"-",11010,0,0,0
"Doetinchem","GM0222",2020-11-10,36,36,35,34,32,27,2020-10-01,9,0,1,4,-66.6666666666667,"&#x2798;",58150,0,1.71969045571797,6.87876182287188
"Druten","GM0225",2020-11-10,29,29,28,28,28,25,2020-10-01,4,0,1,1,100,"&#x279A;",18964,0,5.27314912465725,5.27314912465725
"Duiven","GM0226",2020-11-10,18,18,17,17,16,14,2020-10-01,4,0,1,2,0,"-",25102,0,3.98374631503466,7.96749263006932
"Ede","GM0228",2020-11-10,78,78,77,77,73,58,2020-10-01,20,0,1,5,-75,"&#x2798;",118380,0,0.844737286703835,4.22368643351918
"Elburg","GM0230",2020-11-10,29,29,29,29,28,28,2020-10-01,1,0,0,1,-100,"&#x2798;",23370,0,0,4.27899015832264
"Epe","GM0232",2020-11-10,53,53,53,53,52,49,2020-10-01,4,0,0,1,-100,"&#x2798;",33168,0,0,3.01495417269658
"Ermelo","GM0233",2020-11-10,33,33,33,33,33,33,2020-10-01,0,0,0,0,0,"-",27010,0,0,0
"Harderwijk","GM0243",2020-11-10,50,50,47,47,47,44,2020-10-01,6,0,3,3,300,"&#x279A;",48701,0,6.16003778156506,6.16003778156506
"Hattem","GM0244",2020-11-10,18,18,18,18,18,18,2020-10-01,0,0,0,0,0,"-",12214,0,0,0
"Heerde","GM0246",2020-11-10,55,55,55,55,55,55,2020-10-01,0,0,0,0,0,"-",18715,0,0,0
"Heumen","GM0252",2020-11-10,19,19,19,19,19,18,2020-10-01,1,0,0,0,0,"-",16562,0,0,0
"Lochem","GM0262",2020-11-10,19,19,19,19,17,16,2020-10-01,3,0,0,2,-100,"&#x2798;",33847,0,0,5.90894318551127
"Maasdriel","GM0263",2020-11-10,25,25,21,20,17,15,2020-10-01,10,0,4,8,0,"-",25444,0,15.7207986165697,31.4415972331394
"Nijkerk","GM0267",2020-11-10,31,30,28,28,26,22,2020-10-01,9,1,3,5,50,"&#x279A;",43507,2.29848070425449,6.89544211276346,11.4924035212724
"Nijmegen","GM0268",2020-11-10,188,187,181,180,174,142,2020-10-01,46,1,7,14,0,"-",177525,0.56330094352908,3.94310660470356,7.88621320940713
"Oldebroek","GM0269",2020-11-10,40,40,40,40,40,40,2020-10-01,0,0,0,0,0,"-",23713,0,0,0
"Putten","GM0273",2020-11-10,12,12,12,12,11,10,2020-10-01,2,0,0,1,-100,"&#x2798;",24337,0,0,4.10896988125077
"Renkum","GM0274",2020-11-10,19,19,17,17,17,14,2020-10-01,5,0,2,2,200,"&#x279A;",31432,0,6.3629422244846,6.3629422244846
"Rheden","GM0275",2020-11-10,38,37,35,35,35,34,2020-10-01,4,1,3,3,300,"&#x279A;",43655,2.29068835184973,6.87206505554919,6.87206505554919
"Rozendaal","GM0277",2020-11-10,1,1,1,1,1,1,2020-10-01,0,0,0,0,0,"-",1709,0,0,0
"Scherpenzeel","GM0279",2020-11-10,5,5,5,5,5,4,2020-10-01,1,0,0,0,0,"-",10054,0,0,0
"Tiel","GM0281",2020-11-10,53,53,48,48,48,43,2020-10-01,10,0,5,5,500,"&#x279A;",41984,0,11.9092987804878,11.9092987804878
"Voorst","GM0285",2020-11-10,18,18,18,18,18,17,2020-10-01,1,0,0,0,0,"-",24717,0,0,0
"Wageningen","GM0289",2020-11-10,26,26,26,26,23,21,2020-10-01,5,0,0,3,-100,"&#x2798;",39600,0,0,7.57575757575758
"Westervoort","GM0293",2020-11-10,12,12,12,12,12,12,2020-10-01,0,0,0,0,0,"-",15023,0,0,0
"Winterswijk","GM0294",2020-11-10,9,9,9,9,9,7,2020-10-01,2,0,0,0,0,"-",28912,0,0,0
"Wijchen","GM0296",2020-11-10,55,55,55,54,50,44,2020-10-01,11,0,0,5,-100,"&#x2798;",41213,0,0,12.1320942421081
"Zaltbommel","GM0297",2020-11-10,24,24,23,23,23,21,2020-10-01,3,0,1,1,100,"&#x279A;",29355,0,3.40657468915006,3.40657468915006
"Zevenaar","GM0299",2020-11-10,59,59,58,58,55,48,2020-10-01,11,0,1,4,-66.6666666666667,"&#x2798;",44058,0,2.26973534885832,9.07894139543329
"Zutphen","GM0301",2020-11-10,35,35,35,35,34,31,2020-10-01,4,0,0,1,-100,"&#x2798;",48159,0,0,2.07645507589443
"Nunspeet","GM0302",2020-11-10,61,61,62,62,61,55,2020-10-01,6,0,-1,0,-200,"&#x2798;",27972,0,-3.57500357500358,0
"Dronten","GM0303",2020-11-10,40,40,40,40,40,31,2020-10-01,9,0,0,0,0,"-",41837,0,0,0
"Amersfoort","GM0307",2020-11-10,108,106,102,99,97,78,2020-10-01,30,2,6,11,20,"&#x279A;",157691,1.26830320056313,3.80490960168938,6.9756676030972
"Baarn","GM0308",2020-11-10,18,18,18,17,15,12,2020-10-01,6,0,0,3,-100,"&#x2798;",24864,0,0,12.0656370656371
"De Bilt","GM0310",2020-11-10,36,35,35,35,33,29,2020-10-01,7,1,1,3,-50,"&#x2798;",43328,2.30797636632201,2.30797636632201,6.92392909896603
"Bunnik","GM0312",2020-11-10,12,12,12,12,12,10,2020-10-01,2,0,0,0,0,"-",15344,0,0,0
"Bunschoten","GM0313",2020-11-10,20,19,19,18,16,12,2020-10-01,8,1,1,4,-66.6666666666667,"&#x2798;",22001,4.54524794327531,4.54524794327531,18.1809917731012
"Eemnes","GM0317",2020-11-10,4,3,3,3,2,2,2020-10-01,2,1,1,2,0,"-",9350,10.6951871657754,10.6951871657754,21.3903743315508
"Houten","GM0321",2020-11-10,37,37,35,35,33,27,2020-10-01,10,0,2,4,0,"-",50268,0,3.97867430572133,7.95734861144267
"Leusden","GM0327",2020-11-10,12,12,11,11,11,9,2020-10-01,3,0,1,1,100,"&#x279A;",30486,0,3.2801941874959,3.2801941874959
"Lopik","GM0331",2020-11-10,25,25,25,25,23,20,2020-10-01,5,0,0,2,-100,"&#x2798;",14441,0,0,13.849456408836
"Montfoort","GM0335",2020-11-10,16,16,16,16,15,15,2020-10-01,1,0,0,1,-100,"&#x2798;",13887,0,0,7.20097933318931
"Renswoude","GM0339",2020-11-10,5,5,5,5,5,5,2020-10-01,0,0,0,0,0,"-",5530,0,0,0
"Rhenen","GM0340",2020-11-10,14,14,13,13,13,11,2020-10-01,3,0,1,1,100,"&#x279A;",20129,0,4.96795667941775,4.96795667941775
"Soest","GM0342",2020-11-10,40,40,37,37,35,24,2020-10-01,16,0,3,5,50,"&#x279A;",46883,0,6.39890791971504,10.6648465328584
"Utrecht","GM0344",2020-11-10,396,393,379,371,357,301,2020-10-01,95,3,17,39,-22.7272727272727,"&#x2798;",359374,0.834784931575462,4.73044794559428,10.852204110481
"Veenendaal","GM0345",2020-11-10,63,63,61,60,56,49,2020-10-06,14,0,2,7,-60,"&#x2798;",66922,0,2.98855383879741,10.4599384357909
"Woudenberg","GM0351",2020-11-10,10,10,9,9,9,9,2020-10-06,1,0,1,1,100,"&#x279A;",13579,0,7.36431254142426,7.36431254142426
"Wijk bij Duurstede","GM0352",2020-11-10,13,12,12,12,12,10,2020-10-01,3,1,1,1,100,"&#x279A;",23910,4.18235048097031,4.18235048097031,4.18235048097031
"IJsselstein","GM0353",2020-11-10,49,48,45,44,43,36,2020-10-01,13,1,4,6,100,"&#x279A;",33874,2.95211666765071,11.8084666706028,17.7127000059042
"Zeist","GM0355",2020-11-10,47,47,45,45,44,38,2020-10-01,9,0,2,3,100,"&#x279A;",64914,0,3.08099947623009,4.62149921434513
"Nieuwegein","GM0356",2020-11-10,61,60,56,55,54,46,2020-10-01,15,1,5,7,150,"&#x279A;",63748,1.56867666436594,7.84338332182971,10.9807366505616
"Aalsmeer","GM0358",2020-11-10,15,15,13,12,11,10,2020-10-01,5,0,2,4,0,"-",31927,0,6.26429041250352,12.528580825007
"Alkmaar","GM0361",2020-11-10,71,71,68,68,64,57,2020-10-01,14,0,3,7,-25,"&#x2798;",109782,0,2.73268841886648,6.37627297735512
"Amstelveen","GM0362",2020-11-10,79,79,78,78,75,69,2020-10-01,10,0,1,4,-66.6666666666667,"&#x2798;",91061,0,1.09816496634124,4.39265986536498
"Amsterdam","GM0363",2020-11-10,1088,1086,1060,1054,994,766,2020-10-01,322,2,28,94,-57.5757575757576,"&#x2798;",872445,0.229240811741714,3.209371364384,10.7743181518606
"Beemster","GM0370",2020-11-10,4,4,4,4,4,4,2020-10-01,0,0,0,0,0,"-",10038,0,0,0
"Bergen (NH.)","GM0373",2020-11-10,23,23,22,22,22,20,2020-10-06,3,0,1,1,100,"&#x279A;",29745,0,3.36190956463271,3.36190956463271
"Beverwijk","GM0375",2020-11-10,22,22,21,20,20,15,2020-10-01,7,0,1,2,0,"-",41773,0,2.39389079070213,4.78778158140426
"Blaricum","GM0376",2020-11-10,8,8,8,8,8,8,2020-10-01,0,0,0,0,0,"-",11863,0,0,0
"Bloemendaal","GM0377",2020-11-10,10,10,10,10,10,7,2020-10-01,3,0,0,0,0,"-",23568,0,0,0
"Castricum","GM0383",2020-11-10,18,18,18,18,18,15,2020-10-01,3,0,0,0,0,"-",36155,0,0,0
"Diemen","GM0384",2020-11-10,25,25,25,24,24,20,2020-10-01,5,0,0,1,-100,"&#x2798;",31312,0,0,3.19366377107818
"Edam-Volendam","GM0385",2020-11-10,49,48,42,42,38,26,2020-10-01,23,1,7,11,75,"&#x279A;",36220,2.76090557702927,19.3263390392049,30.3699613473219
"Enkhuizen","GM0388",2020-11-10,20,20,20,20,20,18,2020-10-01,2,0,0,0,0,"-",18639,0,0,0
"Haarlem","GM0392",2020-11-10,116,116,109,109,104,75,2020-10-01,41,0,7,12,40,"&#x279A;",162807,0,4.29956942883291,7.37069044942785
"Haarlemmermeer","GM0394",2020-11-10,105,105,101,100,95,76,2020-10-01,29,0,4,10,-33.3333333333333,"&#x2798;",157440,0,2.54065040650406,6.35162601626016
"Heemskerk","GM0396",2020-11-10,36,35,35,35,34,31,2020-10-01,5,1,1,2,0,"-",39266,2.54673254214842,2.54673254214842,5.09346508429685
"Heemstede","GM0397",2020-11-10,17,17,17,17,16,13,2020-10-01,4,0,0,1,-100,"&#x2798;",27459,0,0,3.64179321898103
"Heerhugowaard","GM0398",2020-11-10,32,32,30,30,29,27,2020-10-01,5,0,2,3,100,"&#x279A;",58139,0,3.44003164829116,5.16004747243675
"Heiloo","GM0399",2020-11-10,13,13,12,12,12,11,2020-10-01,2,0,1,1,100,"&#x279A;",24121,0,4.14576510094938,4.14576510094938
"Den Helder","GM0400",2020-11-10,17,17,17,17,15,13,2020-10-01,4,0,0,2,-100,"&#x2798;",56432,0,0,3.54408846044797
"Hilversum","GM0402",2020-11-10,47,46,42,42,39,37,2020-10-01,10,1,5,8,66.6666666666667,"&#x279A;",91290,1.09541023113156,5.47705115565779,8.76328184905247
"Hoorn","GM0405",2020-11-10,43,42,41,40,39,36,2020-10-01,7,1,2,4,0,"-",73507,1.36041465438666,2.72082930877331,5.44165861754663
"Huizen","GM0406",2020-11-10,33,32,31,31,28,23,2020-10-01,10,1,2,5,-33.3333333333333,"&#x2798;",41139,2.4307834415032,4.86156688300639,12.153917207516
"Landsmeer","GM0415",2020-11-10,6,6,5,5,5,3,2020-10-01,3,0,1,1,100,"&#x279A;",11582,0,8.63408737696425,8.63408737696425
"Langedijk","GM0416",2020-11-10,21,21,21,21,21,17,2020-10-01,4,0,0,0,0,"-",28288,0,0,0
"Laren","GM0417",2020-11-10,10,10,10,10,10,8,2020-10-01,2,0,0,0,0,"-",11379,0,0,0
"Medemblik","GM0420",2020-11-10,22,22,20,20,19,19,2020-10-01,3,0,2,3,100,"&#x279A;",45105,0,4.43409821527547,6.6511473229132
"Oostzaan","GM0431",2020-11-10,13,13,12,12,12,12,2020-10-01,1,0,1,1,100,"&#x279A;",9667,0,10.3444708803145,10.3444708803145
"Opmeer","GM0432",2020-11-10,1,1,1,1,1,1,2020-10-01,0,0,0,0,0,"-",11987,0,0,0
"Ouder-Amstel","GM0437",2020-11-10,8,8,8,8,8,6,2020-10-01,2,0,0,0,0,"-",14116,0,0,0
"Purmerend","GM0439",2020-11-10,90,90,88,88,85,73,2020-10-01,17,0,2,5,-33.3333333333333,"&#x2798;",81768,0,2.44594462381372,6.11486155953429
"Schagen","GM0441",2020-11-10,22,22,21,21,20,19,2020-10-01,3,0,1,2,0,"-",46474,0,2.15174075827344,4.30348151654689
"Texel","GM0448",2020-11-10,6,6,6,6,6,5,2020-10-01,1,0,0,0,0,"-",13637,0,0,0
"Uitgeest","GM0450",2020-11-10,7,7,7,7,7,5,2020-10-01,2,0,0,0,0,"-",13647,0,0,0
"Uithoorn","GM0451",2020-11-10,22,22,21,21,21,18,2020-10-01,4,0,1,1,100,"&#x279A;",30003,0,3.33300003333,3.33300003333
"Velsen","GM0453",2020-11-10,50,50,50,50,47,34,2020-10-01,16,0,0,3,-100,"&#x2798;",68757,0,0,4.36319211134866
"Weesp","GM0457",2020-11-10,11,11,10,10,10,9,2020-10-01,2,0,1,1,100,"&#x279A;",20425,0,4.89596083231334,4.89596083231334
"Zandvoort","GM0473",2020-11-10,15,15,15,15,12,11,2020-10-01,4,0,0,3,-100,"&#x2798;",17105,0,0,17.5387313650979
"Zaanstad","GM0479",2020-11-10,178,176,165,162,154,133,2020-10-01,45,2,13,24,18.1818181818182,"&#x279A;",157073,1.27329330948031,8.27640651162199,15.2795197137637
"Alblasserdam","GM0482",2020-11-10,11,11,11,11,11,11,2020-10-01,0,0,0,0,0,"-",20262,0,0,0
"Alphen aan den Rijn","GM0484",2020-11-10,93,92,89,89,85,68,2020-10-01,25,1,4,8,0,"-",112473,0.889102273434513,3.55640909373805,7.1128181874761
"Barendrecht","GM0489",2020-11-10,56,56,51,51,49,40,2020-10-01,16,0,5,7,150,"&#x279A;",48657,0,10.2760137287543,14.3864192202561
"Drechterland","GM0498",2020-11-10,7,7,6,6,6,5,2020-10-01,2,0,1,1,100,"&#x279A;",19801,0,5.05024998737438,5.05024998737438
"Brielle","GM0501",2020-11-10,18,18,17,17,16,12,2020-10-01,6,0,1,2,0,"-",17379,0,5.7540710052362,11.5081420104724
"Capelle aan den IJssel","GM0502",2020-11-10,80,79,73,73,71,58,2020-10-01,22,1,7,9,250,"&#x279A;",67182,1.48849394182966,10.4194575928076,13.3964454764669
"Delft","GM0503",2020-11-10,54,54,50,50,47,41,2020-10-01,13,0,4,7,33.3333333333333,"&#x279A;",103688,0,3.85772702723555,6.75102229766222
"Dordrecht","GM0505",2020-11-10,98,98,97,97,97,96,2020-10-01,2,0,1,1,100,"&#x279A;",119246,0,0.83860255270617,0.83860255270617
"Gorinchem","GM0512",2020-11-10,20,20,20,20,19,19,2020-10-01,1,0,0,1,-100,"&#x2798;",37461,0,0,2.66944288726943
"Gouda","GM0513",2020-11-10,79,79,75,74,64,48,2020-10-01,31,0,4,15,-63.6363636363636,"&#x2798;",73623,0,5.43308476970512,20.3740678863942
"'s-Gravenhage","GM0518",2020-11-10,679,676,632,629,577,441,2020-10-01,238,3,47,102,-14.5454545454546,"&#x2798;",548165,0.547280472120621,8.57406072988972,18.6075360521011
"Hardinxveld-Giessendam","GM0523",2020-11-10,2,2,2,2,2,2,2020-10-01,0,0,0,0,0,"-",18404,0,0,0
"Hellevoetsluis","GM0530",2020-11-10,20,20,21,21,21,16,2020-10-01,4,0,-1,-1,-100,"&#x2798;",40229,0,-2.48576897263168,-2.48576897263168
"Hendrik-Ido-Ambacht","GM0531",2020-11-10,13,13,13,13,13,12,2020-10-01,1,0,0,0,0,"-",31274,0,0,0
"Stede Broec","GM0532",2020-11-10,20,20,19,19,19,18,2020-10-01,2,0,1,1,100,"&#x279A;",21745,0,4.59875833524948,4.59875833524948
"Hillegom","GM0534",2020-11-10,9,9,8,8,8,8,2020-10-01,1,0,1,1,100,"&#x279A;",22230,0,4.49842555105713,4.49842555105713
"Katwijk","GM0537",2020-11-10,52,52,49,47,44,33,2020-10-01,19,0,3,8,-40,"&#x2798;",65988,0,4.54628114202582,12.1234163787355
"Krimpen aan den IJssel","GM0542",2020-11-10,22,22,18,18,19,12,2020-10-01,10,0,4,3,400,"&#x279A;",29453,0,13.5809594947883,10.1857196210912
"Leiden","GM0546",2020-11-10,67,66,64,64,60,46,2020-10-01,21,1,3,7,-25,"&#x2798;",123823,0.807604403059205,2.42281320917762,5.65323082141444
"Leiderdorp","GM0547",2020-11-10,27,27,26,25,24,15,2020-10-01,12,0,1,3,-50,"&#x2798;",27339,0,3.65777826548155,10.9733347964446
"Lisse","GM0553",2020-11-10,11,11,11,11,11,8,2020-10-01,3,0,0,0,0,"-",23000,0,0,0
"Maassluis","GM0556",2020-11-10,35,35,32,32,30,23,2020-10-01,12,0,3,5,50,"&#x279A;",33476,0,8.96164416298243,14.9360736049707
"Nieuwkoop","GM0569",2020-11-10,16,15,14,14,13,9,2020-10-01,7,1,2,3,100,"&#x279A;",29080,3.43878954607978,6.87757909215956,10.3163686382393
"Noordwijk","GM0575",2020-11-10,36,36,32,32,30,20,2020-10-01,16,0,4,6,100,"&#x279A;",43864,0,9.11909538573773,13.6786430786066
"Oegstgeest","GM0579",2020-11-10,14,14,13,11,11,8,2020-10-01,6,0,1,3,-50,"&#x2798;",25027,0,3.99568466056659,11.9870539816998
"Oudewater","GM0589",2020-11-10,31,31,30,30,30,26,2020-10-01,5,0,1,1,100,"&#x279A;",10169,0,9.83380863408398,9.83380863408398
"Papendrecht","GM0590",2020-11-10,9,9,9,9,9,9,2020-10-01,0,0,0,0,0,"-",32119,0,0,0
"Ridderkerk","GM0597",2020-11-10,50,50,47,47,46,40,2020-10-01,10,0,3,4,200,"&#x279A;",46638,0,6.43252283545607,8.57669711394142
"Rotterdam","GM0599",2020-11-10,944,936,873,864,815,649,2020-10-01,295,8,71,129,22.4137931034483,"&#x279A;",651524,1.22789030028057,10.8975264149901,19.7997310920242
"Rijswijk","GM0603",2020-11-10,64,64,62,62,61,43,2020-10-01,21,0,2,3,100,"&#x279A;",55096,0,3.63002758820967,5.44504138231451
"Schiedam","GM0606",2020-11-10,98,92,81,79,75,63,2020-10-01,35,6,17,23,183.333333333333,"&#x279A;",79244,7.57155115844733,21.4527282822674,29.0242794407148
"Sliedrecht","GM0610",2020-11-10,10,10,10,10,9,9,2020-10-01,1,0,0,1,-100,"&#x2798;",25472,0,0,3.92587939698492
"Albrandswaard","GM0613",2020-11-10,21,21,19,19,17,15,2020-10-01,6,0,2,4,0,"-",25853,0,7.7360461068348,15.4720922136696
"Westvoorne","GM0614",2020-11-10,8,8,6,6,6,6,2020-10-01,2,0,2,2,200,"&#x279A;",14898,0,13.4246207544637,13.4246207544637
"Vlaardingen","GM0622",2020-11-10,70,69,63,62,57,47,2020-10-01,23,1,7,13,16.6666666666667,"&#x279A;",73823,1.35459138750796,9.48213971255571,17.6096880376035
"Voorschoten","GM0626",2020-11-10,12,12,11,11,11,9,2020-10-01,3,0,1,1,100,"&#x279A;",25603,0,3.90579228996602,3.90579228996602
"Waddinxveen","GM0627",2020-11-10,31,31,27,27,26,19,2020-10-01,12,0,4,5,300,"&#x279A;",30050,0,13.3111480865225,16.6389351081531
"Wassenaar","GM0629",2020-11-10,11,11,11,11,10,10,2020-10-01,1,0,0,1,-100,"&#x2798;",26681,0,0,3.74798545781642
"Woerden","GM0632",2020-11-10,66,66,64,64,63,53,2020-10-01,13,0,2,3,100,"&#x279A;",52644,0,3.79910341159486,5.6986551173923
"Zoetermeer","GM0637",2020-11-10,74,74,71,71,68,59,2020-10-01,15,0,3,6,0,"-",125395,0,2.39243988994777,4.78487977989553
"Zoeterwoude","GM0638",2020-11-10,4,4,4,4,4,3,2020-10-01,1,0,0,0,0,"-",8790,0,0,0
"Zwijndrecht","GM0642",2020-11-10,30,30,30,30,29,27,2020-10-01,3,0,0,1,-100,"&#x2798;",44683,0,0,2.23798760154869
"Borsele","GM0654",2020-11-10,5,5,5,5,5,5,2020-10-01,0,0,0,0,0,"-",22773,0,0,0
"Goes","GM0664",2020-11-10,15,15,15,15,14,12,2020-10-01,3,0,0,1,-100,"&#x2798;",38539,0,0,2.59477412491243
"West Maas en Waal","GM0668",2020-11-10,24,24,24,24,23,21,2020-10-01,3,0,0,1,-100,"&#x2798;",19490,0,0,5.13083632632119
"Hulst","GM0677",2020-11-10,14,14,13,13,11,9,2020-10-01,5,0,1,3,-50,"&#x2798;",27596,0,3.6237135816785,10.8711407450355
"Kapelle","GM0678",2020-11-10,3,3,3,3,3,3,2020-10-01,0,0,0,0,0,"-",12847,0,0,0
"Middelburg","GM0687",2020-11-10,22,22,21,21,21,19,2020-10-01,3,0,1,1,100,"&#x279A;",48919,0,2.04419550685828,2.04419550685828
"Reimerswaal","GM0703",2020-11-10,6,6,6,6,6,5,2020-10-01,1,0,0,0,0,"-",22915,0,0,0
"Terneuzen","GM0715",2020-11-10,28,28,27,26,25,25,2020-10-01,3,0,1,3,-50,"&#x2798;",54421,0,1.83752595505411,5.51257786516235
"Tholen","GM0716",2020-11-10,47,46,45,45,43,40,2020-10-01,7,1,2,4,0,"-",25962,3.85178337570295,7.7035667514059,15.4071335028118
"Veere","GM0717",2020-11-10,8,8,8,8,8,6,2020-10-01,2,0,0,0,0,"-",22002,0,0,0
"Vlissingen","GM0718",2020-11-10,13,13,12,12,10,9,2020-10-01,4,0,1,3,-50,"&#x2798;",44245,0,2.26014238897051,6.78042716691152
"De Ronde Venen","GM0736",2020-11-10,60,60,56,54,48,40,2020-10-01,20,0,4,12,-50,"&#x2798;",44619,0,8.96479078419507,26.8943723525852
"Tytsjerksteradiel","GM0737",2020-11-10,7,7,7,7,7,5,2020-10-01,2,0,0,0,0,"-",32059,0,0,0
"Asten","GM0743",2020-11-10,19,19,18,18,18,18,2020-10-01,1,0,1,1,100,"&#x279A;",16746,0,5.97157530156455,5.97157530156455
"Baarle-Nassau","GM0744",2020-11-10,10,10,9,9,9,9,2020-10-01,1,0,1,1,100,"&#x279A;",6917,0,14.4571345959231,14.4571345959231
"Bergen op Zoom","GM0748",2020-11-10,52,52,48,48,45,30,2020-10-01,22,0,4,7,33.3333333333333,"&#x279A;",67670,0,5.91103886508054,10.3443180138909
"Best","GM0753",2020-11-10,35,35,35,35,35,31,2020-10-01,4,0,0,0,0,"-",30106,0,0,0
"Boekel","GM0755",2020-11-10,36,36,36,36,36,34,2020-10-01,2,0,0,0,0,"-",10912,0,0,0
"Boxmeer","GM0756",2020-11-10,23,23,23,23,20,20,2020-10-01,3,0,0,3,-100,"&#x2798;",29549,0,0,10.1526278385055
"Boxtel","GM0757",2020-11-10,25,25,25,24,24,24,2020-10-01,1,0,0,1,-100,"&#x2798;",30851,0,0,3.24138601666072
"Breda","GM0758",2020-11-10,191,190,186,184,177,151,2020-10-01,40,1,5,14,-44.4444444444444,"&#x2798;",184306,0.542575933501894,2.71287966750947,7.59606306902651
"Deurne","GM0762",2020-11-10,59,59,58,58,58,56,2020-10-01,3,0,1,1,100,"&#x279A;",32459,0,3.08080963677254,3.08080963677254
"Pekela","GM0765",2020-11-10,7,7,6,6,5,4,2020-10-01,3,0,1,2,0,"-",12155,0,8.22706705059646,16.4541341011929
"Dongen","GM0766",2020-11-10,31,31,30,30,24,20,2020-10-01,11,0,1,7,-83.3333333333333,"&#x2798;",26332,0,3.79766064104512,26.5836244873158
"Eersel","GM0770",2020-11-10,33,33,32,32,30,27,2020-10-01,6,0,1,3,-50,"&#x2798;",19469,0,5.13637064050542,15.4091119215163
"Eindhoven","GM0772",2020-11-10,216,216,211,210,208,185,2020-10-01,31,0,5,8,66.6666666666667,"&#x279A;",235465,0,2.12345783874461,3.39753254199138
"Etten-Leur","GM0777",2020-11-10,53,53,52,51,48,43,2020-10-01,10,0,1,5,-75,"&#x2798;",43936,0,2.27603787327021,11.3801893663511
"Geertruidenberg","GM0779",2020-11-10,17,17,17,17,14,12,2020-10-01,5,0,0,3,-100,"&#x2798;",21749,0,0,13.79373764311
"Gilze en Rijen","GM0784",2020-11-10,25,25,25,25,21,20,2020-10-01,5,0,0,4,-100,"&#x2798;",26800,0,0,14.9253731343284
"Goirle","GM0785",2020-11-10,36,35,35,35,33,32,2020-10-01,4,1,1,3,-50,"&#x2798;",23839,4.19480682914552,4.19480682914552,12.5844204874366
"Grave","GM0786",2020-11-10,27,27,26,25,23,21,2020-10-01,6,0,1,4,-66.6666666666667,"&#x2798;",12456,0,8.02825947334618,32.1130378933847
"Haaren","GM0788",2020-11-10,20,20,20,20,20,19,2020-10-01,1,0,0,0,0,"-",14333,0,0,0
"Helmond","GM0794",2020-11-10,131,130,124,124,124,118,2020-10-01,13,1,7,7,700,"&#x279A;",92475,1.08137334414707,7.56961340902947,7.56961340902947
"'s-Hertogenbosch","GM0796",2020-11-10,156,156,153,153,149,134,2020-10-01,22,0,3,7,-25,"&#x2798;",155586,0,1.92819405344954,4.49911945804893
"Heusden","GM0797",2020-11-10,53,53,51,51,49,45,2020-10-01,8,0,2,4,0,"-",44956,0,4.44879437672391,8.89758875344782
"Hilvarenbeek","GM0798",2020-11-10,16,16,15,15,13,10,2020-10-01,6,0,1,3,-50,"&#x2798;",15644,0,6.39222705190488,19.1766811557147
"Loon op Zand","GM0809",2020-11-10,32,32,30,30,29,27,2020-10-01,5,0,2,3,100,"&#x279A;",23447,0,8.5298758903058,12.7948138354587
"Mill en Sint Hubert","GM0815",2020-11-10,13,13,12,9,9,9,2020-10-01,4,0,1,4,-66.6666666666667,"&#x2798;",10990,0,9.09918107370337,36.3967242948135
"Nuenen, Gerwen en Nederwetten","GM0820",2020-11-10,20,20,20,20,19,18,2020-10-01,2,0,0,1,-100,"&#x2798;",23629,0,0,4.23208768885691
"Oirschot","GM0823",2020-11-10,17,17,17,17,17,13,2020-10-01,4,0,0,0,0,"-",18836,0,0,0
"Oisterwijk","GM0824",2020-11-10,29,29,28,28,27,24,2020-10-01,5,0,1,2,0,"-",26427,0,3.78400877890037,7.56801755780073
"Oosterhout","GM0826",2020-11-10,53,53,53,53,52,50,2020-10-01,3,0,0,1,-100,"&#x2798;",56191,0,0,1.77964442704348
"Oss","GM0828",2020-11-10,185,185,178,178,175,168,2020-10-01,17,0,7,10,133.333333333333,"&#x279A;",92356,0,7.57936679804236,10.8276668543462
"Rucphen","GM0840",2020-11-10,18,18,17,16,14,10,2020-10-01,8,0,1,4,-66.6666666666667,"&#x2798;",23043,0,4.33971271101853,17.3588508440741
"Sint-Michielsgestel","GM0845",2020-11-10,38,38,38,37,37,36,2020-10-01,2,0,0,1,-100,"&#x2798;",29478,0,0,3.39236040436936
"Someren","GM0847",2020-11-10,34,34,34,34,34,33,2020-10-01,1,0,0,0,0,"-",19325,0,0,0
"Son en Breugel","GM0848",2020-11-10,32,32,31,31,31,31,2020-10-01,1,0,1,1,100,"&#x279A;",17504,0,5.71297989031079,5.71297989031079
"Steenbergen","GM0851",2020-11-10,18,18,18,18,18,13,2020-10-01,5,0,0,0,0,"-",24353,0,0,0
"Waterland","GM0852",2020-11-10,23,23,22,22,20,16,2020-10-01,7,0,1,3,-50,"&#x2798;",17374,0,5.75572694831357,17.2671808449407
"Tilburg","GM0855",2020-11-10,286,286,283,279,268,257,2020-10-01,29,0,3,18,-80,"&#x2798;",220589,0,1.35999528534968,8.15997171209806
"Uden","GM0856",2020-11-10,116,116,116,116,115,115,2020-10-01,1,0,0,1,-100,"&#x2798;",42195,0,0,2.36994904609551
"Valkenswaard","GM0858",2020-11-10,23,23,23,23,23,19,2020-10-01,4,0,0,0,0,"-",31253,0,0,0
"Veldhoven","GM0861",2020-11-10,40,40,39,38,37,31,2020-10-01,9,0,1,3,-50,"&#x2798;",45662,0,2.1900048180106,6.5700144540318
"Vught","GM0865",2020-11-10,44,43,43,43,43,43,2020-10-01,1,1,1,1,100,"&#x279A;",26794,3.7321788460103,3.7321788460103,3.7321788460103
"Waalre","GM0866",2020-11-10,8,8,8,8,8,7,2020-10-01,1,0,0,0,0,"-",17552,0,0,0
"Waalwijk","GM0867",2020-11-10,48,48,47,46,43,39,2020-10-01,9,0,1,5,-75,"&#x2798;",48895,0,2.0451988955926,10.225994477963
"Woensdrecht","GM0873",2020-11-10,10,10,10,10,10,6,2020-10-01,4,0,0,0,0,"-",21936,0,0,0
"Zundert","GM0879",2020-11-10,27,27,27,27,24,24,2020-10-01,3,0,0,3,-100,"&#x2798;",22002,0,0,13.6351240796291
"Wormerland","GM0880",2020-11-10,22,22,21,21,21,20,2020-10-01,2,0,1,1,100,"&#x279A;",16245,0,6.15574022776239,6.15574022776239
"Landgraaf","GM0882",2020-11-10,55,55,55,55,54,52,2020-10-01,3,0,0,1,-100,"&#x2798;",37277,0,0,2.68261930949379
"Beek","GM0888",2020-11-10,18,18,18,18,17,16,2020-10-03,2,0,0,1,-100,"&#x2798;",15929,0,0,6.27785799485216
"Beesel","GM0889",2020-11-10,21,21,20,20,20,20,2020-10-01,1,0,1,1,100,"&#x279A;",13431,0,7.44546199091654,7.44546199091654
"Bergen (L.)","GM0893",2020-11-10,10,10,10,10,9,7,2020-10-01,3,0,0,1,-100,"&#x2798;",13105,0,0,7.63067531476536
"Brunssum","GM0899",2020-11-10,50,50,50,50,50,46,2020-10-01,4,0,0,0,0,"-",27698,0,0,0
"Gennep","GM0907",2020-11-10,18,18,18,17,17,17,2020-10-01,1,0,0,1,-100,"&#x2798;",16962,0,0,5.89553118735998
"Heerlen","GM0917",2020-11-10,132,132,131,131,130,126,2020-10-01,6,0,1,2,0,"-",86825,0,1.15174200978981,2.30348401957961
"Kerkrade","GM0928",2020-11-10,74,74,71,71,68,64,2020-10-01,10,0,3,6,0,"-",45513,0,6.59152330103487,13.1830466020697
"Maastricht","GM0935",2020-11-10,204,204,202,200,198,192,2020-10-01,12,0,2,6,-50,"&#x2798;",120332,0,1.66206827776485,4.98620483329455
"Meerssen","GM0938",2020-11-10,23,23,23,23,23,22,2020-10-01,1,0,0,0,0,"-",18717,0,0,0
"Mook en Middelaar","GM0944",2020-11-10,8,8,8,8,7,7,2020-10-01,1,0,0,1,-100,"&#x2798;",7896,0,0,12.6646403242148
"Nederweert","GM0946",2020-11-10,35,34,34,34,33,31,2020-10-01,4,1,1,2,0,"-",17156,5.82886453718816,5.82886453718816,11.6577290743763
"Roermond","GM0957",2020-11-10,65,65,65,65,65,61,2020-10-01,4,0,0,0,0,"-",58748,0,0,0
"Simpelveld","GM0965",2020-11-10,19,19,19,19,19,19,2020-10-01,0,0,0,0,0,"-",10517,0,0,0
"Stein","GM0971",2020-11-10,49,49,49,49,46,44,2020-10-01,5,0,0,3,-100,"&#x2798;",24904,0,0,12.0462576292965
"Vaals","GM0981",2020-11-10,10,10,10,10,10,10,2020-10-01,0,0,0,0,0,"-",10017,0,0,0
"Venlo","GM0983",2020-11-10,147,147,145,144,141,134,2020-10-01,13,0,2,6,-50,"&#x2798;",101928,0,1.9621693744604,5.88650812338121
"Venray","GM0984",2020-11-10,43,43,42,42,40,37,2020-10-01,6,0,1,3,-50,"&#x2798;",43715,0,2.28754432117122,6.86263296351367
"Voerendaal","GM0986",2020-11-10,18,18,18,17,17,17,2020-10-01,1,0,0,1,-100,"&#x2798;",12485,0,0,8.00961153384061
"Weert","GM0988",2020-11-10,75,75,72,72,71,67,2020-10-01,8,0,3,4,200,"&#x279A;",50053,0,5.99364673446147,7.99152897928196
"Valkenburg aan de Geul","GM0994",2020-11-10,23,23,22,22,20,19,2020-10-01,4,0,1,3,-50,"&#x2798;",16415,0,6.09198903441974,18.2759671032592
"Lelystad","GM0995",2020-11-10,90,89,86,85,82,69,2020-10-01,21,1,4,8,0,"-",79573,1.2567076772272,5.0268307089088,10.0536614178176
"Horst aan de Maas","GM1507",2020-11-10,47,48,47,46,41,41,2020-10-01,6,-1,0,6,-100,"&#x2798;",42439,-2.35632319328919,0,14.1379391597351
"Oude IJsselstreek","GM1509",2020-11-10,25,25,25,25,24,21,2020-10-01,4,0,0,1,-100,"&#x2798;",39336,0,0,2.54220052877771
"Teylingen","GM1525",2020-11-10,19,19,19,19,19,15,2020-10-01,4,0,0,0,0,"-",37699,0,0,0
"Utrechtse Heuvelrug","GM1581",2020-11-10,33,33,33,33,33,29,2020-10-01,4,0,0,0,0,"-",49928,0,0,0
"Oost Gelre","GM1586",2020-11-10,21,21,21,21,21,18,2020-10-01,3,0,0,0,0,"-",29638,0,0,0
"Koggenland","GM1598",2020-11-10,11,10,9,9,9,7,2020-10-01,4,1,2,2,200,"&#x279A;",22915,4.36395374209033,8.72790748418067,8.72790748418067
"Lansingerland","GM1621",2020-11-10,55,54,52,51,49,44,2020-10-01,11,1,3,6,0,"-",63143,1.58370682419271,4.75112047257812,9.50224094515623
"Leudal","GM1640",2020-11-10,55,55,54,54,54,54,2020-10-01,1,0,1,1,100,"&#x279A;",35979,0,2.7793990939159,2.7793990939159
"Maasgouw","GM1641",2020-11-10,28,28,28,28,28,28,2020-10-01,0,0,0,0,0,"-",23938,0,0,0
"Gemert-Bakel","GM1652",2020-11-10,80,80,79,79,79,79,2020-10-01,1,0,1,1,100,"&#x279A;",30724,0,3.2547845332639,3.2547845332639
"Halderberge","GM1655",2020-11-10,29,29,27,27,24,16,2020-10-01,13,0,2,5,-33.3333333333333,"&#x2798;",30419,0,6.57483809461192,16.4370952365298
"Heeze-Leende","GM1658",2020-11-10,18,18,18,18,18,16,2020-10-01,2,0,0,0,0,"-",16191,0,0,0
"Laarbeek","GM1659",2020-11-10,42,42,42,42,42,41,2020-10-01,1,0,0,0,0,"-",22731,0,0,0
"Reusel-De Mierden","GM1667",2020-11-10,15,15,15,15,15,11,2020-10-01,4,0,0,0,0,"-",13114,0,0,0
"Roerdalen","GM1669",2020-11-10,28,28,27,27,27,27,2020-10-01,1,0,1,1,100,"&#x279A;",20557,0,4.86452303351656,4.86452303351656
"Roosendaal","GM1674",2020-11-10,49,49,47,46,45,34,2020-10-01,15,0,2,4,0,"-",77288,0,2.587723838112,5.17544767622399
"Schouwen-Duiveland","GM1676",2020-11-10,13,13,13,13,12,12,2020-10-01,1,0,0,1,-100,"&#x2798;",33979,0,0,2.94299420230142
"Aa en Hunze","GM1680",2020-11-10,1,1,1,1,1,1,2020-10-01,0,0,0,0,0,"-",25380,0,0,0
"Borger-Odoorn","GM1681",2020-11-10,8,8,8,8,8,4,2020-10-01,4,0,0,0,0,"-",25572,0,0,0
"Cuijk","GM1684",2020-11-10,18,18,18,18,14,12,2020-10-01,6,0,0,4,-100,"&#x2798;",25325,0,0,15.7946692991116
"Landerd","GM1685",2020-11-10,42,42,42,42,42,41,2020-10-01,1,0,0,0,0,"-",15807,0,0,0
"De Wolden","GM1690",2020-11-10,16,16,16,16,15,11,2020-10-01,5,0,0,1,-100,"&#x2798;",24372,0,0,4.10306909568357
"Noord-Beveland","GM1695",2020-11-10,1,1,1,1,1,1,2020-10-01,0,0,0,0,0,"-",7552,0,0,0
"Wijdemeren","GM1696",2020-11-10,14,14,11,11,12,8,2020-10-01,6,0,3,2,300,"&#x279A;",24414,0,12.2880314573605,8.19202097157369
"Noordenveld","GM1699",2020-11-10,7,7,6,6,6,4,2020-10-01,3,0,1,1,100,"&#x279A;",31256,0,3.19938571794215,3.19938571794215
"Twenterand","GM1700",2020-11-10,13,13,12,12,12,12,2020-10-01,1,0,1,1,100,"&#x279A;",33710,0,2.96647878967665,2.96647878967665
"Westerveld","GM1701",2020-11-10,9,9,9,9,9,9,2020-10-01,0,0,0,0,0,"-",19585,0,0,0
"Sint Anthonis","GM1702",2020-11-10,21,21,21,21,21,20,2020-10-01,1,0,0,0,0,"-",11683,0,0,0
"Lingewaard","GM1705",2020-11-10,42,41,38,38,38,34,2020-10-01,8,1,4,4,400,"&#x279A;",46726,2.14013611265676,8.56054445062706,8.56054445062706
"Cranendonck","GM1706",2020-11-10,65,65,63,63,63,63,2020-10-01,2,0,2,2,200,"&#x279A;",20983,0,9.53152552065958,9.53152552065958
"Steenwijkerland","GM1708",2020-11-10,16,16,16,16,15,14,2020-10-01,2,0,0,1,-100,"&#x2798;",44286,0,0,2.25804994806485
"Moerdijk","GM1709",2020-11-10,24,23,22,21,19,16,2020-10-01,8,1,2,5,-33.3333333333333,"&#x2798;",37203,2.68795527242427,5.37591054484853,13.4397763621213
"Echt-Susteren","GM1711",2020-11-10,43,43,43,43,43,40,2020-10-01,3,0,0,0,0,"-",31743,0,0,0
"Sluis","GM1714",2020-11-10,13,12,10,10,9,9,2020-10-01,4,1,3,4,200,"&#x279A;",23166,4.31667098333765,12.950012950013,17.2666839333506
"Drimmelen","GM1719",2020-11-10,22,22,21,21,21,19,2020-10-01,3,0,1,1,100,"&#x279A;",27285,0,3.66501740883269,3.66501740883269
"Bernheze","GM1721",2020-11-10,98,98,98,98,97,95,2020-10-01,3,0,0,1,-100,"&#x2798;",31402,0,0,3.18451054072989
"Alphen-Chaam","GM1723",2020-11-10,18,18,18,18,18,18,2020-10-01,0,0,0,0,0,"-",10322,0,0,0
"Bergeijk","GM1724",2020-11-10,20,20,20,20,20,19,2020-10-01,1,0,0,0,0,"-",18712,0,0,0
"Bladel","GM1728",2020-11-10,24,24,23,23,23,21,2020-10-01,3,0,1,1,100,"&#x279A;",20558,0,4.86428640918377,4.86428640918377
"Gulpen-Wittem","GM1729",2020-11-10,26,26,26,25,24,22,2020-10-01,4,0,0,2,-100,"&#x2798;",14205,0,0,14.0795494544175
"Tynaarlo","GM1730",2020-11-10,11,11,11,11,11,9,2020-10-01,2,0,0,0,0,"-",33858,0,0,0
"Midden-Drenthe","GM1731",2020-11-10,6,6,6,6,6,6,2020-10-01,0,0,0,0,0,"-",33309,0,0,0
"Overbetuwe","GM1734",2020-11-10,63,63,62,62,60,56,2020-10-01,7,0,1,3,-50,"&#x2798;",48085,0,2.07965061869606,6.23895185608818
"Hof van Twente","GM1735",2020-11-10,21,21,20,20,19,15,2020-10-01,6,0,1,2,0,"-",35063,0,2.85200924050994,5.70401848101988
"Neder-Betuwe","GM1740",2020-11-10,44,44,44,44,43,37,2020-10-01,7,0,0,1,-100,"&#x2798;",24560,0,0,4.07166123778502
"Rijssen-Holten","GM1742",2020-11-10,30,30,30,30,30,29,2020-10-01,1,0,0,0,0,"-",38202,0,0,0
"Geldrop-Mierlo","GM1771",2020-11-10,38,37,37,37,36,33,2020-10-01,5,1,1,2,0,"-",40040,2.4975024975025,2.4975024975025,4.99500499500499
"Olst-Wijhe","GM1773",2020-11-10,12,12,12,12,12,12,2020-10-01,0,0,0,0,0,"-",18335,0,0,0
"Dinkelland","GM1774",2020-11-10,22,22,21,21,21,20,2020-10-01,2,0,1,1,100,"&#x279A;",26565,0,3.76435159043855,3.76435159043855
"Westland","GM1783",2020-11-10,81,79,75,75,71,61,2020-10-01,20,2,6,10,50,"&#x279A;",111307,1.7968321848581,5.39049655457429,8.98416092429048
"Midden-Delfland","GM1842",2020-11-10,9,9,8,8,7,5,2020-10-01,4,0,1,2,0,"-",19389,0,5.15756356697096,10.3151271339419
"Berkelland","GM1859",2020-11-10,22,22,20,20,18,14,2020-10-01,8,0,2,4,0,"-",43834,0,4.56266824839166,9.12533649678332
"Bronckhorst","GM1876",2020-11-10,19,19,18,18,18,17,2020-10-01,2,0,1,1,100,"&#x279A;",36106,0,2.76962277737772,2.76962277737772
"Sittard-Geleen","GM1883",2020-11-10,130,130,128,128,125,119,2020-10-01,11,0,2,5,-33.3333333333333,"&#x2798;",91816,0,2.17826958264355,5.44567395660887
"Kaag en Braassem","GM1884",2020-11-10,9,9,9,9,8,8,2020-10-01,1,0,0,1,-100,"&#x2798;",27555,0,0,3.62910542551261
"Dantumadiel","GM1891",2020-11-10,2,2,2,2,2,2,2020-10-01,0,0,0,0,0,"-",18920,0,0,0
"Zuidplas","GM1892",2020-11-10,38,38,32,32,32,26,2020-10-01,12,0,6,6,600,"&#x279A;",44938,0,13.3517290489118,13.3517290489118
"Peel en Maas","GM1894",2020-11-10,146,146,146,146,145,144,2020-10-01,2,0,0,1,-100,"&#x2798;",43644,0,0,2.29126569517001
"Oldambt","GM1895",2020-11-10,11,11,10,10,10,7,2020-10-01,4,0,1,1,100,"&#x279A;",38258,0,2.61383240106644,2.61383240106644
"Zwartewaterland","GM1896",2020-11-10,35,35,35,35,35,35,2020-10-01,0,0,0,0,0,"-",22770,0,0,0
"Súdwest-Fryslân","GM1900",2020-11-10,23,23,22,22,21,19,2020-10-01,4,0,1,2,0,"-",89924,0,1.11205017570393,2.22410035140786
"Bodegraven-Reeuwijk","GM1901",2020-11-10,17,17,16,15,12,8,2020-10-01,9,0,1,5,-75,"&#x2798;",35205,0,2.84050560999858,14.2025280499929
"Eijsden-Margraten","GM1903",2020-11-10,60,60,59,59,58,54,2020-10-01,6,0,1,2,0,"-",25869,0,3.86563067764506,7.73126135529012
"Stichtse Vecht","GM1904",2020-11-10,58,56,53,51,47,39,2020-10-01,19,2,5,11,-16.6666666666667,"&#x2798;",65209,3.06706129521999,7.66765323804996,16.8688371237099
"Hollands Kroon","GM1911",2020-11-10,30,30,27,26,26,26,2020-10-01,4,0,3,4,200,"&#x279A;",48518,0,6.1832721876417,8.2443629168556
"Leidschendam-Voorburg","GM1916",2020-11-10,48,48,42,42,37,31,2020-10-01,17,0,6,11,20,"&#x279A;",76468,0,7.84641941727258,14.3851022649997
"Goeree-Overflakkee","GM1924",2020-11-10,65,64,62,62,58,56,2020-10-01,9,1,3,7,-25,"&#x2798;",50454,1.98200340904586,5.94601022713759,13.874023863321
"Pijnacker-Nootdorp","GM1926",2020-11-10,34,34,33,32,32,30,2020-10-01,4,0,1,2,0,"-",55441,0,1.80371926913295,3.6074385382659
"Nissewaard","GM1930",2020-11-10,81,81,79,78,72,59,2020-10-01,22,0,2,9,-71.4285714285714,"&#x2798;",85315,0,2.34425364824474,10.5491414171013
"Krimpenerwaard","GM1931",2020-11-10,64,64,60,58,55,47,2020-10-01,17,0,4,9,-20,"&#x2798;",56427,0,7.08880500469633,15.9498112605667
"De Fryske Marren","GM1940",2020-11-10,24,24,24,24,23,17,2020-10-01,7,0,0,1,-100,"&#x2798;",51662,0,0,1.93565870465719
"Gooise Meren","GM1942",2020-11-10,33,32,29,29,27,25,2020-10-01,8,1,4,6,100,"&#x279A;",58378,1.71297406557265,6.85189626229059,10.2778443934359
"Berg en Dal","GM1945",2020-11-10,42,42,42,42,37,31,2020-10-01,11,0,0,5,-100,"&#x2798;",34987,0,0,14.291022379741
"Meierijstad","GM1948",2020-11-10,220,220,218,218,214,211,2020-10-01,9,0,2,6,-50,"&#x2798;",81579,0,2.45161132154108,7.35483396462325
"Waadhoeke","GM1949",2020-11-10,15,15,15,15,15,13,2020-10-01,2,0,0,0,0,"-",46115,0,0,0
"Westerwolde","GM1950",2020-11-10,12,12,12,12,12,5,2020-10-01,7,0,0,0,0,"-",25595,0,0,0
"Midden-Groningen","GM1952",2020-11-10,10,10,10,10,10,7,2020-10-01,3,0,0,0,0,"-",60723,0,0,0
"Beekdaelen","GM1954",2020-11-10,52,52,52,52,52,52,2020-10-01,0,0,0,0,0,"-",36038,0,0,0
"Montferland","GM1955",2020-11-10,26,25,25,25,25,22,2020-10-01,4,1,1,1,100,"&#x279A;",36043,2.77446383486391,2.77446383486391,2.77446383486391
"Altena","GM1959",2020-11-10,42,41,40,40,39,33,2020-10-01,9,1,2,3,100,"&#x279A;",56278,1.77689327978962,3.55378655957923,5.33067983936885
"West Betuwe","GM1960",2020-11-10,58,58,55,54,51,44,2020-10-01,14,0,3,7,-25,"&#x2798;",51431,0,5.83305788337773,13.610468394548
"Vijfheerenlanden","GM1961",2020-11-10,52,52,49,48,48,38,2020-10-01,14,0,3,4,200,"&#x279A;",57665,0,5.20246249891615,6.93661666522154
"Hoeksche Waard","GM1963",2020-11-10,85,85,85,85,84,80,2020-10-01,5,0,0,1,-100,"&#x2798;",87781,0,0,1.13919868764311
"Het Hogeland","GM1966",2020-11-10,9,9,7,7,7,7,2020-10-01,2,0,2,2,200,"&#x279A;",47821,0,4.18226302252149,4.18226302252149
"Westerkwartier","GM1969",2020-11-10,20,20,19,19,19,14,2020-10-01,6,0,1,1,100,"&#x279A;",63533,0,1.57398517305967,1.57398517305967
"Noardeast-Fryslân","GM1970",2020-11-10,9,9,7,7,7,7,2020-10-01,2,0,2,2,200,"&#x279A;",45479,0,4.3976340728688,4.3976340728688
"Molenlanden","GM1978",2020-11-10,20,20,20,20,20,20,2020-10-01,0,0,0,0,0,"-",44042,0,0,0
