"municipality","Municipality_code","date","d0","d1","d7","d8","d14","lowest_since_sep1","lowest_since_sep1_date","current","increase_1d","increase_7d","increase_14d","increase_growth","growth","population","rel_increase_1d","rel_increase_7d","rel_increase_14d"
"Netherlands","",2020-10-21,14130,14029,13544,13470,13083,11937,2020-08-01,2193,101,586,1047,27.1149674620391,"&#11014;",17443797,0.579002381190288,3.35936035027236,6.0021335951112
"Unknown","",2020-10-21,84,82,82,81,77,62,2020-08-02,22,2,2,7,-60,"&#11015;",NA,NA,NA,NA
"Appingedam","GM0003",2020-10-21,7,7,5,5,4,3,2020-08-01,4,0,2,3,100,"&#11014;",11523,0,17.3565911654951,26.0348867482426
"Delfzijl","GM0010",2020-10-21,7,7,7,7,6,6,2020-08-01,1,0,0,1,-100,"&#11015;",24609,0,0,4.06355398431468
"Groningen","GM0014",2020-10-21,28,26,24,24,21,18,2020-08-01,10,2,4,7,33.3333333333333,"&#11014;",231112,0.86538128699505,1.7307625739901,3.02883450448267
"Loppersum","GM0024",2020-10-21,0,0,0,0,0,0,2020-08-01,0,0,0,0,0,"-",9477,0,0,0
"Almere","GM0034",2020-10-21,161,159,149,147,141,126,2020-08-01,35,2,12,20,50,"&#11014;",213660,0.936066647945334,5.616399887672,9.36066647945334
"Stadskanaal","GM0037",2020-10-21,3,3,2,2,2,2,2020-08-01,1,0,1,1,100,"&#11014;",31581,0,3.16646084671163,3.16646084671163
"Veendam","GM0047",2020-10-21,2,2,2,2,2,2,2020-08-01,0,0,0,0,0,"-",27430,0,0,0
"Zeewolde","GM0050",2020-10-21,13,13,12,12,12,12,2020-08-01,1,0,1,1,100,"&#11014;",22680,0,4.40917107583774,4.40917107583774
"Achtkarspelen","GM0059",2020-10-21,0,0,0,0,0,0,2020-08-01,0,0,0,0,0,"-",27873,0,0,0
"Ameland","GM0060",2020-10-21,0,0,0,0,0,0,2020-08-01,0,0,0,0,0,"-",3752,0,0,0
"Harlingen","GM0072",2020-10-21,4,4,4,4,4,4,2020-08-01,0,0,0,0,0,"-",15793,0,0,0
"Heerenveen","GM0074",2020-10-21,16,16,15,15,14,13,2020-08-01,3,0,1,2,0,"-",50456,0,1.98192484540986,3.96384969081972
"Leeuwarden","GM0080",2020-10-21,44,44,42,42,39,33,2020-08-01,11,0,2,5,-33.3333333333333,"&#11015;",123625,0,1.61779575328615,4.04448938321537
"Ooststellingwerf","GM0085",2020-10-21,5,5,3,3,3,3,2020-08-01,2,0,2,2,200,"&#11014;&#11014;",25366,0,7.88456989671213,7.88456989671213
"Opsterland","GM0086",2020-10-21,8,8,8,8,7,7,2020-08-01,1,0,0,1,-100,"&#11015;",29743,0,0,3.36213562855126
"Schiermonnikoog","GM0088",2020-10-21,1,1,0,0,0,0,2020-08-01,1,0,1,1,100,"&#11014;",953,0,104.931794333683,104.931794333683
"Smallingerland","GM0090",2020-10-21,12,12,9,9,9,9,2020-08-01,3,0,3,3,300,"&#11014;&#11014;",56181,0,5.33988359053773,5.33988359053773
"Terschelling","GM0093",2020-10-21,1,1,0,0,0,0,2020-08-01,1,0,1,1,100,"&#11014;",4807,0,20.8029956313709,20.8029956313709
"Vlieland","GM0096",2020-10-21,0,0,0,0,0,0,2020-08-01,0,0,0,0,0,"-",1190,0,0,0
"Weststellingwerf","GM0098",2020-10-21,3,3,3,3,3,3,2020-08-01,0,0,0,0,0,"-",26018,0,0,0
"Assen","GM0106",2020-10-21,13,13,12,12,12,12,2020-08-01,1,0,1,1,100,"&#11014;",68798,0,1.45353062589029,1.45353062589029
"Coevorden","GM0109",2020-10-21,14,14,14,14,13,13,2020-08-01,1,0,0,1,-100,"&#11015;",35303,0,0,2.83262045718494
"Emmen","GM0114",2020-10-21,44,43,37,35,25,20,2020-08-01,24,1,7,19,-41.6666666666667,"&#11015;",107078,0.933898653318142,6.53729057322699,17.7440744130447
"Hoogeveen","GM0118",2020-10-21,26,26,26,26,21,19,2020-08-01,7,0,0,5,-100,"&#11015;",55566,0,0,8.99830831803621
"Meppel","GM0119",2020-10-21,11,11,11,11,11,11,2020-08-01,0,0,0,0,0,"-",34125,0,0,0
"Almelo","GM0141",2020-10-21,31,31,31,31,28,22,2020-08-26,9,0,0,3,-100,"&#11015;",73175,0,0,4.09976084728391
"Borne","GM0147",2020-10-21,15,15,15,15,14,14,2020-08-01,1,0,0,1,-100,"&#11015;",23489,0,0,4.25731193324535
"Dalfsen","GM0148",2020-10-21,17,17,17,17,16,16,2020-08-01,1,0,0,1,-100,"&#11015;",28837,0,0,3.46776710476124
"Deventer","GM0150",2020-10-21,50,50,50,50,49,47,2020-08-01,3,0,0,1,-100,"&#11015;",100913,0,0,0.990952602737011
"Enschede","GM0153",2020-10-21,67,64,60,60,59,54,2020-08-01,13,3,7,8,600,"&#11014;&#11014;",158918,1.88776601769466,4.40478737462087,5.03404271385243
"Haaksbergen","GM0158",2020-10-21,16,16,16,16,15,14,2020-08-01,2,0,0,1,-100,"&#11015;",24275,0,0,4.11946446961895
"Hardenberg","GM0160",2020-10-21,23,23,23,23,23,23,2020-08-01,0,0,0,0,0,"-",61194,0,0,0
"Hellendoorn","GM0163",2020-10-21,13,13,11,11,8,8,2020-08-01,5,0,2,5,-33.3333333333333,"&#11015;",35959,0,5.56188993019828,13.9047248254957
"Hengelo","GM0164",2020-10-21,38,37,34,34,31,21,2020-08-01,17,1,4,7,33.3333333333333,"&#11014;",81047,1.23385196244155,4.93540784976619,8.63696373709082
"Kampen","GM0166",2020-10-21,60,60,60,60,60,59,2020-08-01,1,0,0,0,0,"-",54409,0,0,0
"Losser","GM0168",2020-10-21,11,11,11,11,11,7,2020-08-01,4,0,0,0,0,"-",22780,0,0,0
"Noordoostpolder","GM0171",2020-10-21,18,18,17,17,17,14,2020-08-01,4,0,1,1,100,"&#11014;",47618,0,2.10004620101642,2.10004620101642
"Oldenzaal","GM0173",2020-10-21,16,18,15,15,15,13,2020-08-01,3,-2,1,1,100,"&#11014;",31792,-6.29089079013588,3.14544539506794,3.14544539506794
"Ommen","GM0175",2020-10-21,9,9,9,9,9,9,2020-08-01,0,0,0,0,0,"-",18179,0,0,0
"Raalte","GM0177",2020-10-21,25,25,25,25,24,24,2020-08-01,1,0,0,1,-100,"&#11015;",37782,0,0,2.64676300884019
"Staphorst","GM0180",2020-10-21,8,8,8,8,8,8,2020-08-01,0,0,0,0,0,"-",17217,0,0,0
"Tubbergen","GM0183",2020-10-21,12,12,12,12,12,12,2020-08-01,0,0,0,0,0,"-",21271,0,0,0
"Urk","GM0184",2020-10-21,23,23,23,23,23,23,2020-08-01,0,0,0,0,0,"-",21135,0,0,0
"Wierden","GM0189",2020-10-21,7,7,7,7,7,5,2020-08-01,2,0,0,0,0,"-",24474,0,0,0
"Zwolle","GM0193",2020-10-21,54,54,53,53,53,53,2020-08-01,1,0,1,1,100,"&#11014;",129213,0,0.773915937250896,0.773915937250896
"Aalten","GM0197",2020-10-21,13,13,12,11,9,9,2020-08-01,4,0,1,4,-66.6666666666667,"&#11015;",27116,0,3.68785956630772,14.7514382652309
"Apeldoorn","GM0200",2020-10-21,109,109,106,106,104,97,2020-08-01,12,0,3,5,50,"&#11014;",164140,0,1.82770805410016,3.04618009016693
"Arnhem","GM0202",2020-10-21,82,81,77,77,75,67,2020-08-01,15,1,5,7,150,"&#11014;&#11014;",161961,0.617432591796791,3.08716295898395,4.32202814257753
"Barneveld","GM0203",2020-10-21,24,23,21,21,19,18,2020-08-01,6,1,3,5,50,"&#11014;",59676,1.67571553053154,5.02714659159461,8.37857765265768
"Beuningen","GM0209",2020-10-21,20,20,20,20,19,19,2020-08-01,1,0,0,1,-100,"&#11015;",26054,0,0,3.83818223689261
"Brummen","GM0213",2020-10-21,19,18,18,18,18,18,2020-08-01,1,1,1,1,100,"&#11014;",20838,4.79892504079086,4.79892504079086,4.79892504079086
"Buren","GM0214",2020-10-21,23,23,20,20,19,17,2020-08-01,6,0,3,4,200,"&#11014;&#11014;",27021,0,11.102475852115,14.8033011361534
"Culemborg","GM0216",2020-10-21,25,24,24,24,24,21,2020-08-01,4,1,1,1,100,"&#11014;",29020,3.44589937973811,3.44589937973811,3.44589937973811
"Doesburg","GM0221",2020-10-21,10,10,10,10,10,9,2020-08-01,1,0,0,0,0,"-",11028,0,0,0
"Doetinchem","GM0222",2020-10-21,30,30,29,28,27,26,2020-08-01,4,0,1,3,-50,"&#11015;",58104,0,1.72105190692551,5.16315572077654
"Druten","GM0225",2020-10-21,26,25,25,25,25,25,2020-08-01,1,1,1,1,100,"&#11014;",18973,5.27064776261003,5.27064776261003,5.27064776261003
"Duiven","GM0226",2020-10-21,16,16,16,16,15,14,2020-08-01,2,0,0,1,-100,"&#11015;",25062,0,0,3.99010454073897
"Ede","GM0228",2020-10-21,70,70,64,64,61,53,2020-08-01,17,0,6,9,100,"&#11014;",117966,0,5.08621128121662,7.62931692182493
"Elburg","GM0230",2020-10-21,28,28,28,28,28,28,2020-08-01,0,0,0,0,0,"-",23343,0,0,0
"Epe","GM0232",2020-10-21,52,51,51,51,49,48,2020-08-01,4,1,1,3,-50,"&#11015;",33171,3.01468149889964,3.01468149889964,9.04404449669892
"Ermelo","GM0233",2020-10-21,33,33,33,33,33,33,2020-08-01,0,0,0,0,0,"-",26991,0,0,0
"Harderwijk","GM0243",2020-10-21,46,46,44,44,44,42,2020-08-01,4,0,2,2,200,"&#11014;&#11014;",48623,0,4.1132797235876,4.1132797235876
"Hattem","GM0244",2020-10-21,18,18,18,18,18,16,2020-08-01,2,0,0,0,0,"-",12241,0,0,0
"Heerde","GM0246",2020-10-21,55,55,55,55,55,55,2020-08-01,0,0,0,0,0,"-",18645,0,0,0
"Heumen","GM0252",2020-10-21,19,19,19,19,19,17,2020-08-01,2,0,0,0,0,"-",16589,0,0,0
"Lochem","GM0262",2020-10-21,16,16,16,16,16,15,2020-08-01,1,0,0,0,0,"-",33847,0,0,0
"Maasdriel","GM0263",2020-10-21,17,17,16,16,16,15,2020-08-01,2,0,1,1,100,"&#11014;",25434,0,3.93174490839034,3.93174490839034
"Nijkerk","GM0267",2020-10-21,26,26,22,22,22,22,2020-08-01,4,0,4,4,400,"&#11014;&#11014;",43417,0,9.21298109035631,9.21298109035631
"Nijmegen","GM0268",2020-10-21,165,164,155,155,151,128,2020-08-01,37,1,10,14,150,"&#11014;&#11014;",176669,0.566030259977698,5.66030259977698,7.92442363968778
"Oldebroek","GM0269",2020-10-21,40,40,40,40,40,40,2020-08-01,0,0,0,0,0,"-",23670,0,0,0
"Putten","GM0273",2020-10-21,11,11,11,10,10,10,2020-08-01,1,0,0,1,-100,"&#11015;",24220,0,0,4.12881915772089
"Renkum","GM0274",2020-10-21,14,14,14,14,14,14,2020-08-01,0,0,0,0,0,"-",31401,0,0,0
"Rheden","GM0275",2020-10-21,35,35,34,34,34,34,2020-08-01,1,0,1,1,100,"&#11014;",43565,0,2.29542063583152,2.29542063583152
"Rozendaal","GM0277",2020-10-21,1,1,1,1,1,1,2020-08-01,0,0,0,0,0,"-",1697,0,0,0
"Scherpenzeel","GM0279",2020-10-21,5,5,5,5,4,4,2020-08-01,1,0,0,1,-100,"&#11015;",10000,0,0,10
"Tiel","GM0281",2020-10-21,46,46,45,45,43,42,2020-08-01,4,0,1,3,-50,"&#11015;",41962,0,2.38310852676231,7.14932558028693
"Voorst","GM0285",2020-10-21,17,17,17,17,17,17,2020-08-01,0,0,0,0,0,"-",24702,0,0,0
"Wageningen","GM0289",2020-10-21,22,22,22,21,21,20,2020-08-01,2,0,0,1,-100,"&#11015;",39134,0,0,2.55532273726172
"Westervoort","GM0293",2020-10-21,12,12,12,12,12,12,2020-08-01,0,0,0,0,0,"-",15013,0,0,0
"Winterswijk","GM0294",2020-10-21,8,7,7,7,7,7,2020-08-01,1,1,1,1,100,"&#11014;",28893,3.46104592807947,3.46104592807947,3.46104592807947
"Wijchen","GM0296",2020-10-21,50,49,48,48,46,44,2020-08-01,6,1,2,4,0,"-",41179,2.42842225406154,4.85684450812307,9.71368901624615
"Zaltbommel","GM0297",2020-10-21,23,23,22,22,21,20,2020-08-01,3,0,1,2,0,"-",29225,0,3.42172797262618,6.84345594525235
"Zevenaar","GM0299",2020-10-21,53,53,51,51,49,45,2020-08-01,8,0,2,4,0,"-",44011,0,4.54431846583809,9.08863693167617
"Zutphen","GM0301",2020-10-21,32,32,31,31,31,30,2020-08-01,2,0,1,1,100,"&#11014;",48077,0,2.07999667200532,2.07999667200532
"Nunspeet","GM0302",2020-10-21,60,60,58,58,57,55,2020-08-01,5,0,2,3,100,"&#11014;",27862,0,7.17823558969205,10.7673533845381
"Dronten","GM0303",2020-10-21,37,36,34,34,32,30,2020-08-01,7,1,3,5,50,"&#11014;",41677,2.399404947573,7.19821484271901,11.997024737865
"Amersfoort","GM0307",2020-10-21,89,88,88,88,81,62,2020-08-01,27,1,1,8,-85.7142857142857,"&#11015;",157521,0.634835990121952,0.634835990121952,5.07868792097562
"Baarn","GM0308",2020-10-21,14,12,12,12,12,11,2020-08-01,3,2,2,2,200,"&#11014;&#11014;",24823,8.05704387060388,8.05704387060388,8.05704387060388
"De Bilt","GM0310",2020-10-21,31,31,30,30,30,27,2020-08-01,4,0,1,1,100,"&#11014;",43190,0,2.31535077564251,2.31535077564251
"Bunnik","GM0312",2020-10-21,12,12,12,12,10,9,2020-08-01,3,0,0,2,-100,"&#11015;",15262,0,0,13.1044424059756
"Bunschoten","GM0313",2020-10-21,13,13,12,12,12,9,2020-08-01,4,0,1,1,100,"&#11014;",21930,0,4.55996352029184,4.55996352029184
"Eemnes","GM0317",2020-10-21,2,2,2,2,2,2,2020-08-01,0,0,0,0,0,"-",9323,0,0,0
"Houten","GM0321",2020-10-21,32,32,30,30,28,24,2020-08-01,8,0,2,4,0,"-",50290,0,3.9769337840525,7.95386756810499
"Leusden","GM0327",2020-10-21,10,10,9,9,9,9,2020-08-01,1,0,1,1,100,"&#11014;",30486,0,3.2801941874959,3.2801941874959
"Lopik","GM0331",2020-10-21,22,22,21,21,20,19,2020-08-01,3,0,1,2,0,"-",14483,0,6.90464682731478,13.8092936546296
"Montfoort","GM0335",2020-10-21,15,15,15,15,15,13,2020-08-01,2,0,0,0,0,"-",13889,0,0,0
"Renswoude","GM0339",2020-10-21,5,5,5,5,5,5,2020-08-01,0,0,0,0,0,"-",5517,0,0,0
"Rhenen","GM0340",2020-10-21,12,12,12,12,11,11,2020-08-01,1,0,0,1,-100,"&#11015;",20086,0,0,4.97859205416708
"Soest","GM0342",2020-10-21,32,32,28,26,26,24,2020-08-01,8,0,4,6,100,"&#11014;",46842,0,8.53934503223603,12.809017548354
"Utrecht","GM0344",2020-10-21,342,337,323,324,312,270,2020-08-01,72,5,19,30,72.7272727272727,"&#11014;",357667,1.39794837097076,5.3122038096889,8.38769022582458
"Veenendaal","GM0345",2020-10-21,53,52,51,51,49,47,2020-08-01,6,1,2,4,0,"-",66918,1.49436623927792,2.98873247855584,5.97746495711169
"Woudenberg","GM0351",2020-10-21,9,9,9,9,9,9,2020-08-01,0,0,0,0,0,"-",13568,0,0,0
"Wijk bij Duurstede","GM0352",2020-10-21,11,11,10,10,10,10,2020-08-01,1,0,1,1,100,"&#11014;",23901,0,4.1839253587716,4.1839253587716
"IJsselstein","GM0353",2020-10-21,39,39,37,37,37,36,2020-08-01,3,0,2,2,200,"&#11014;&#11014;",33851,0,5.90824495583587,5.90824495583587
"Zeist","GM0355",2020-10-21,42,42,40,40,39,37,2020-08-01,5,0,2,3,100,"&#11014;",64883,0,3.08247152566928,4.62370728850392
"Nieuwegein","GM0356",2020-10-21,54,53,49,49,47,44,2020-08-01,10,1,5,7,150,"&#11014;&#11014;",63690,1.5701051970482,7.85052598524101,10.9907363793374
"Aalsmeer","GM0358",2020-10-21,10,10,10,10,10,9,2020-08-01,1,0,0,0,0,"-",31927,0,0,0
"Alkmaar","GM0361",2020-10-21,61,61,59,59,58,54,2020-08-01,7,0,2,3,100,"&#11014;",109751,0,1.82230685825186,2.73346028737779
"Amstelveen","GM0362",2020-10-21,72,72,69,69,69,58,2020-08-01,14,0,3,3,300,"&#11014;&#11014;",90705,0,3.30742516950554,3.30742516950554
"Amsterdam","GM0363",2020-10-21,925,918,862,859,808,631,2020-08-01,294,7,63,117,16.6666666666667,"&#11014;",869709,0.804866915255562,7.24380223730006,13.4527755835573
"Beemster","GM0370",2020-10-21,4,4,4,4,4,4,2020-08-01,0,0,0,0,0,"-",10019,0,0,0
"Bergen (NH.)","GM0373",2020-10-21,21,21,21,21,20,16,2020-08-01,5,0,0,1,-100,"&#11015;",29762,0,0,3.35998924803441
"Beverwijk","GM0375",2020-10-21,19,19,18,16,16,15,2020-08-01,4,0,1,3,-50,"&#11015;",41752,0,2.39509484575589,7.18528453726768
"Blaricum","GM0376",2020-10-21,8,8,8,8,8,8,2020-08-01,0,0,0,0,0,"-",11799,0,0,0
"Bloemendaal","GM0377",2020-10-21,8,8,8,8,7,7,2020-08-01,1,0,0,1,-100,"&#11015;",23566,0,0,4.24340151065094
"Castricum","GM0383",2020-10-21,18,18,17,16,16,15,2020-08-01,3,0,1,2,0,"-",36124,0,2.76824271952165,5.5364854390433
"Diemen","GM0384",2020-10-21,23,22,20,20,20,17,2020-08-01,6,1,3,3,300,"&#11014;&#11014;",31206,3.20451195282958,9.61353585848875,9.61353585848875
"Edam-Volendam","GM0385",2020-10-21,35,35,30,28,28,25,2020-08-01,10,0,5,7,150,"&#11014;&#11014;",36190,0,13.8159712627798,19.3423597678917
"Enkhuizen","GM0388",2020-10-21,20,19,19,19,18,18,2020-08-01,2,1,1,2,0,"-",18658,5.35963125736949,5.35963125736949,10.719262514739
"Haarlem","GM0392",2020-10-21,97,93,87,87,82,61,2020-08-01,36,4,10,15,100,"&#11014;",162962,2.45455995876339,6.13639989690848,9.20459984536272
"Haarlemmermeer","GM0394",2020-10-21,92,92,86,84,79,68,2020-08-01,24,0,6,13,-14.2857142857143,"&#11015;",157115,0,3.81885879769596,8.27419406167457
"Heemskerk","GM0396",2020-10-21,34,34,32,32,31,28,2020-08-01,6,0,2,3,100,"&#11014;",39230,0,5.09813917919959,7.64720876879939
"Heemstede","GM0397",2020-10-21,15,15,13,13,13,11,2020-08-01,4,0,2,2,200,"&#11014;&#11014;",27341,0,7.31502139643758,7.31502139643758
"Heerhugowaard","GM0398",2020-10-21,29,28,27,27,27,27,2020-08-01,2,1,2,2,200,"&#11014;&#11014;",58018,1.72360301975249,3.44720603950498,3.44720603950498
"Heiloo","GM0399",2020-10-21,12,12,11,11,11,9,2020-08-01,3,0,1,1,100,"&#11014;",24100,0,4.149377593361,4.149377593361
"Den Helder","GM0400",2020-10-21,15,15,14,13,13,12,2020-08-01,3,0,1,2,0,"-",56388,0,1.77342697027736,3.54685394055473
"Hilversum","GM0402",2020-10-21,38,37,37,37,37,33,2020-08-01,5,1,1,1,100,"&#11014;",91110,1.09757436066293,1.09757436066293,1.09757436066293
"Hoorn","GM0405",2020-10-21,38,38,37,37,36,35,2020-08-01,3,0,1,2,0,"-",73360,0,1.36314067611778,2.72628135223555
"Huizen","GM0406",2020-10-21,27,27,26,25,24,22,2020-08-01,5,0,1,3,-50,"&#11015;",41104,0,2.43285325029194,7.29855975087583
"Landsmeer","GM0415",2020-10-21,5,5,4,4,3,3,2020-08-01,2,0,1,2,0,"-",11573,0,8.6408018664132,17.2816037328264
"Langedijk","GM0416",2020-10-21,21,20,19,19,18,16,2020-08-01,5,1,2,3,100,"&#11014;",28214,3.54433968951584,7.08867937903169,10.6330190685475
"Laren","GM0417",2020-10-21,9,9,9,9,8,8,2020-08-01,1,0,0,1,-100,"&#11015;",11355,0,0,8.80669308674593
"Medemblik","GM0420",2020-10-21,19,19,19,19,19,19,2020-08-01,0,0,0,0,0,"-",45138,0,0,0
"Oostzaan","GM0431",2020-10-21,12,12,12,12,12,10,2020-08-01,2,0,0,0,0,"-",9682,0,0,0
"Opmeer","GM0432",2020-10-21,1,1,1,1,1,1,2020-08-01,0,0,0,0,0,"-",11967,0,0,0
"Ouder-Amstel","GM0437",2020-10-21,7,7,6,6,6,5,2020-08-01,2,0,1,1,100,"&#11014;",14065,0,7.10984713828653,7.10984713828653
"Purmerend","GM0439",2020-10-21,80,79,76,76,74,66,2020-08-01,14,1,4,6,100,"&#11014;",81775,1.22286762457964,4.89147049831856,7.33720574747784
"Schagen","GM0441",2020-10-21,20,19,19,19,19,18,2020-08-01,2,1,1,1,100,"&#11014;",46459,2.15243548074646,2.15243548074646,2.15243548074646
"Texel","GM0448",2020-10-21,6,5,5,5,5,5,2020-08-01,1,1,1,1,100,"&#11014;",13643,7.32976618045884,7.32976618045884,7.32976618045884
"Uitgeest","GM0450",2020-10-21,5,5,5,5,5,5,2020-08-01,0,0,0,0,0,"-",13643,0,0,0
"Uithoorn","GM0451",2020-10-21,21,21,18,18,18,16,2020-08-01,5,0,3,3,300,"&#11014;&#11014;",29817,0,10.0613743837408,10.0613743837408
"Velsen","GM0453",2020-10-21,45,45,40,39,38,32,2020-08-01,13,0,5,7,150,"&#11014;&#11014;",68713,0,7.27664342991865,10.1873008018861
"Weesp","GM0457",2020-10-21,10,10,9,9,9,9,2020-08-01,1,0,1,1,100,"&#11014;",20219,0,4.94584301894258,4.94584301894258
"Zandvoort","GM0473",2020-10-21,12,12,12,12,12,10,2020-08-01,2,0,0,0,0,"-",17116,0,0,0
"Zaanstad","GM0479",2020-10-21,148,148,140,139,137,119,2020-08-01,29,0,8,11,166.666666666667,"&#11014;&#11014;",156907,0,5.09856156831754,7.01052215643662
"Alblasserdam","GM0482",2020-10-21,11,11,11,11,11,10,2020-08-01,1,0,0,0,0,"-",20221,0,0,0
"Alphen aan den Rijn","GM0484",2020-10-21,78,78,76,73,71,62,2020-08-01,16,0,2,7,-60,"&#11015;",112343,0,1.78026223262687,6.23091781419403
"Barendrecht","GM0489",2020-10-21,45,45,44,44,41,40,2020-08-01,5,0,1,4,-66.6666666666667,"&#11015;",48654,0,2.05532946931393,8.22131787725572
"Drechterland","GM0498",2020-10-21,5,5,5,5,5,5,2020-08-01,0,0,0,0,0,"-",19775,0,0,0
"Brielle","GM0501",2020-10-21,15,14,12,12,12,11,2020-08-01,4,1,3,3,300,"&#11014;&#11014;",17378,5.75440211761998,17.2632063528599,17.2632063528599
"Capelle aan den IJssel","GM0502",2020-10-21,66,66,62,61,59,54,2020-08-01,12,0,4,7,33.3333333333333,"&#11014;",67142,0,5.95752286199398,10.4256650084895
"Delft","GM0503",2020-10-21,44,44,43,43,42,38,2020-08-01,6,0,1,2,0,"-",103037,0,0.970525151159292,1.94105030231858
"Dordrecht","GM0505",2020-10-21,97,97,97,97,96,85,2020-08-01,12,0,0,1,-100,"&#11015;",119342,0,0,0.837927971711552
"Gorinchem","GM0512",2020-10-21,19,19,19,19,19,18,2020-08-01,1,0,0,0,0,"-",37372,0,0,0
"Gouda","GM0513",2020-10-21,56,55,53,51,49,43,2020-08-01,13,1,3,7,-25,"&#11015;",73540,1.3598041881969,4.0794125645907,9.5186293173783
"'s-Gravenhage","GM0518",2020-10-21,530,523,496,488,465,345,2020-08-01,185,7,34,65,9.6774193548387,"&#11014;",545863,1.28237304964799,6.22866909829023,11.9077497467313
"Hardinxveld-Giessendam","GM0523",2020-10-21,2,2,2,2,2,2,2020-08-01,0,0,0,0,0,"-",18460,0,0,0
"Hellevoetsluis","GM0530",2020-10-21,21,20,20,20,16,16,2020-08-01,5,1,1,5,-75,"&#11015;",40198,2.4876859545251,2.4876859545251,12.4384297726255
"Hendrik-Ido-Ambacht","GM0531",2020-10-21,13,13,13,13,13,10,2020-08-01,3,0,0,0,0,"-",31311,0,0,0
"Stede Broec","GM0532",2020-10-21,19,19,19,19,18,18,2020-08-01,1,0,0,1,-100,"&#11015;",21773,0,0,4.59284434850503
"Hillegom","GM0534",2020-10-21,8,8,8,8,8,8,2020-08-01,0,0,0,0,0,"-",22210,0,0,0
"Katwijk","GM0537",2020-10-21,41,41,38,38,37,31,2020-08-01,10,0,3,4,200,"&#11014;&#11014;",65929,0,4.55034961852902,6.06713282470536
"Krimpen aan den IJssel","GM0542",2020-10-21,17,17,17,15,12,10,2020-08-01,7,0,0,5,-100,"&#11015;",29452,0,0,16.9767757707456
"Leiden","GM0546",2020-10-21,56,54,51,51,48,40,2020-08-01,16,2,5,8,66.6666666666667,"&#11014;",123655,1.61740325906757,4.04350814766892,6.46961303627027
"Leiderdorp","GM0547",2020-10-21,19,18,17,17,17,14,2020-08-01,5,1,2,2,200,"&#11014;&#11014;",27304,3.66246703779666,7.32493407559332,7.32493407559332
"Lisse","GM0553",2020-10-21,10,10,9,9,9,8,2020-08-01,2,0,1,1,100,"&#11014;",22983,0,4.35104207457686,4.35104207457686
"Maassluis","GM0556",2020-10-21,24,24,23,23,23,20,2020-08-01,4,0,1,1,100,"&#11014;",33336,0,2.99976001919846,2.99976001919846
"Nieuwkoop","GM0569",2020-10-21,12,12,10,10,10,9,2020-08-01,3,0,2,2,200,"&#11014;&#11014;",29021,0,6.89156128320871,6.89156128320871
"Noordwijk","GM0575",2020-10-21,25,25,22,22,22,19,2020-08-01,6,0,3,3,300,"&#11014;&#11014;",43733,0,6.85980838268584,6.85980838268584
"Oegstgeest","GM0579",2020-10-21,11,11,10,10,10,8,2020-08-01,3,0,1,1,100,"&#11014;",24972,0,4.00448502322601,4.00448502322601
"Oudewater","GM0589",2020-10-21,27,27,26,26,26,26,2020-08-01,1,0,1,1,100,"&#11014;",10178,0,9.82511298879937,9.82511298879937
"Papendrecht","GM0590",2020-10-21,9,9,9,9,9,9,2020-08-01,0,0,0,0,0,"-",32095,0,0,0
"Ridderkerk","GM0597",2020-10-21,42,42,42,42,40,37,2020-08-01,5,0,0,2,-100,"&#11015;",46576,0,0,4.29405702507729
"Rotterdam","GM0599",2020-10-21,761,749,718,709,671,532,2020-08-01,229,12,43,90,-8.51063829787234,"&#11015;",650459,1.8448510974558,6.61071643254994,13.8363832309185
"Rijswijk","GM0603",2020-10-21,52,51,49,49,44,36,2020-08-01,16,1,3,8,-40,"&#11015;",54855,1.82298787713062,5.46896363139185,14.5839030170449
"Schiedam","GM0606",2020-10-21,70,68,66,65,64,58,2020-08-01,12,2,4,6,100,"&#11014;",79003,2.53154943483159,5.06309886966318,7.59464830449477
"Sliedrecht","GM0610",2020-10-21,9,9,9,9,9,9,2020-08-01,0,0,0,0,0,"-",25350,0,0,0
"Albrandswaard","GM0613",2020-10-21,17,17,16,16,16,14,2020-08-01,3,0,1,1,100,"&#11014;",25896,0,3.86160024714242,3.86160024714242
"Westvoorne","GM0614",2020-10-21,6,6,6,6,6,6,2020-08-01,0,0,0,0,0,"-",14863,0,0,0
"Vlaardingen","GM0622",2020-10-21,53,53,51,51,49,43,2020-08-01,10,0,2,4,0,"-",73758,0,2.71157027034356,5.42314054068711
"Voorschoten","GM0626",2020-10-21,11,11,11,11,9,9,2020-08-01,2,0,0,2,-100,"&#11015;",25602,0,0,7.81188969611749
"Waddinxveen","GM0627",2020-10-21,25,25,22,22,20,18,2020-08-01,7,0,3,5,50,"&#11014;",29906,0,10.0314318197017,16.7190530328362
"Wassenaar","GM0629",2020-10-21,10,10,10,10,10,9,2020-08-01,1,0,0,0,0,"-",26490,0,0,0
"Woerden","GM0632",2020-10-21,61,61,59,58,55,49,2020-08-01,12,0,2,6,-50,"&#11015;",52558,0,3.80531983713231,11.4159595113969
"Zoetermeer","GM0637",2020-10-21,65,65,65,64,61,53,2020-08-01,12,0,0,4,-100,"&#11015;",125247,0,0,3.19368927000248
"Zoeterwoude","GM0638",2020-10-21,4,4,3,3,3,3,2020-08-01,1,0,1,1,100,"&#11014;",8759,0,11.4168284050691,11.4168284050691
"Zwijndrecht","GM0642",2020-10-21,27,27,27,27,27,23,2020-08-01,4,0,0,0,0,"-",44641,0,0,0
"Borsele","GM0654",2020-10-21,5,5,5,5,5,5,2020-08-01,0,0,0,0,0,"-",22762,0,0,0
"Goes","GM0664",2020-10-21,13,13,13,13,12,11,2020-08-01,2,0,0,1,-100,"&#11015;",38423,0,0,2.60260781302865
"West Maas en Waal","GM0668",2020-10-21,23,23,21,21,21,20,2020-08-01,3,0,2,2,200,"&#11014;&#11014;",19436,0,10.2901831652603,10.2901831652603
"Hulst","GM0677",2020-10-21,10,10,10,10,9,9,2020-08-01,1,0,0,1,-100,"&#11015;",27631,0,0,3.61912344830082
"Kapelle","GM0678",2020-10-21,3,3,3,3,3,3,2020-08-01,0,0,0,0,0,"-",12808,0,0,0
"Middelburg","GM0687",2020-10-21,19,19,19,19,19,18,2020-08-01,1,0,0,0,0,"-",48766,0,0,0
"Reimerswaal","GM0703",2020-10-21,6,6,5,5,5,4,2020-08-01,2,0,1,1,100,"&#11014;",22843,0,4.37770870726262,4.37770870726262
"Terneuzen","GM0715",2020-10-21,25,25,25,25,25,25,2020-08-01,0,0,0,0,0,"-",54476,0,0,0
"Tholen","GM0716",2020-10-21,43,43,42,42,40,40,2020-08-01,3,0,1,3,-50,"&#11015;",25894,0,3.86189850930718,11.5856955279215
"Veere","GM0717",2020-10-21,8,8,7,6,6,6,2020-08-01,2,0,1,2,0,"-",21974,0,4.55083280240284,9.10166560480568
"Vlissingen","GM0718",2020-10-21,9,9,9,9,9,9,2020-08-01,0,0,0,0,0,"-",44132,0,0,0
"De Ronde Venen","GM0736",2020-10-21,45,45,43,43,41,39,2020-08-01,6,0,2,4,0,"-",44636,0,4.4806882337127,8.9613764674254
"Tytsjerksteradiel","GM0737",2020-10-21,7,7,7,6,6,4,2020-08-01,3,0,0,1,-100,"&#11015;",32079,0,0,3.11730415536644
"Asten","GM0743",2020-10-21,18,18,18,18,18,18,2020-08-01,0,0,0,0,0,"-",16718,0,0,0
"Baarle-Nassau","GM0744",2020-10-21,9,9,9,9,9,9,2020-08-01,0,0,0,0,0,"-",6876,0,0,0
"Bergen op Zoom","GM0748",2020-10-21,42,41,37,34,31,25,2020-08-01,17,1,5,11,-16.6666666666667,"&#11015;",67667,1.47782523238802,7.38912616194009,16.2560775562682
"Best","GM0753",2020-10-21,32,32,31,31,31,31,2020-08-01,1,0,1,1,100,"&#11014;",30073,0,3.32524191134905,3.32524191134905
"Boekel","GM0755",2020-10-21,36,36,35,34,34,34,2020-08-01,2,0,1,2,0,"-",10872,0,9.19793966151582,18.3958793230316
"Boxmeer","GM0756",2020-10-21,20,20,20,20,20,20,2020-08-01,0,0,0,0,0,"-",29465,0,0,0
"Boxtel","GM0757",2020-10-21,24,24,24,24,24,24,2020-08-01,0,0,0,0,0,"-",30807,0,0,0
"Breda","GM0758",2020-10-21,167,166,157,157,154,146,2020-08-01,21,1,10,13,233.333333333333,"&#11014;&#11014;",183790,0.544099243702051,5.44099243702051,7.07329016812667
"Deurne","GM0762",2020-10-21,58,57,57,57,56,55,2020-08-01,3,1,1,2,0,"-",32466,3.08014538286207,3.08014538286207,6.16029076572414
"Pekela","GM0765",2020-10-21,5,5,5,5,4,4,2020-08-01,1,0,0,1,-100,"&#11015;",12172,0,0,8.21557673348669
"Dongen","GM0766",2020-10-21,23,23,21,21,21,20,2020-08-01,3,0,2,2,200,"&#11014;&#11014;",26345,0,7.59157335357753,7.59157335357753
"Eersel","GM0770",2020-10-21,28,28,27,27,27,27,2020-08-01,1,0,1,1,100,"&#11014;",19418,0,5.14986095375425,5.14986095375425
"Eindhoven","GM0772",2020-10-21,195,194,192,191,189,182,2020-08-01,13,1,3,6,0,"-",233983,0.427381476432048,1.28214442929615,2.56428885859229
"Etten-Leur","GM0777",2020-10-21,46,46,44,43,43,41,2020-08-01,5,0,2,3,100,"&#11014;",43896,0,4.55622380171314,6.83433570256971
"Geertruidenberg","GM0779",2020-10-21,13,13,13,13,12,11,2020-08-01,2,0,0,1,-100,"&#11015;",21670,0,0,4.61467466543609
"Gilze en Rijen","GM0784",2020-10-21,21,20,20,20,20,20,2020-08-01,1,1,1,1,100,"&#11014;",26551,3.76633648450153,3.76633648450153,3.76633648450153
"Goirle","GM0785",2020-10-21,32,32,32,32,32,32,2020-08-01,0,0,0,0,0,"-",23823,0,0,0
"Grave","GM0786",2020-10-21,21,21,21,21,21,21,2020-08-01,0,0,0,0,0,"-",12452,0,0,0
"Haaren","GM0788",2020-10-21,19,19,19,19,19,18,2020-08-01,1,0,0,0,0,"-",14316,0,0,0
"Helmond","GM0794",2020-10-21,123,122,119,119,118,115,2020-08-01,8,1,4,5,300,"&#11014;&#11014;",92420,1.08201687946332,4.32806751785328,5.4100843973166
"'s-Hertogenbosch","GM0796",2020-10-21,141,140,139,139,136,128,2020-08-01,13,1,2,5,-33.3333333333333,"&#11015;",155409,0.643463377281882,1.28692675456376,3.21731688640941
"Heusden","GM0797",2020-10-21,47,48,46,46,45,45,2020-08-01,2,-1,1,2,0,"-",44897,-2.22732031093392,2.22732031093392,4.45464062186783
"Hilvarenbeek","GM0798",2020-10-21,12,12,10,10,10,9,2020-08-01,3,0,2,2,200,"&#11014;&#11014;",15617,0,12.8065569571621,12.8065569571621
"Loon op Zand","GM0809",2020-10-21,29,28,27,27,27,24,2020-08-01,5,1,2,2,200,"&#11014;&#11014;",23466,4.26148470126992,8.52296940253984,8.52296940253984
"Mill en Sint Hubert","GM0815",2020-10-21,9,9,9,9,9,9,2020-08-01,0,0,0,0,0,"-",11007,0,0,0
"Nuenen, Gerwen en Nederwetten","GM0820",2020-10-21,19,19,18,18,18,18,2020-08-01,1,0,1,1,100,"&#11014;",23526,0,4.25061633936921,4.25061633936921
"Oirschot","GM0823",2020-10-21,17,16,13,13,13,13,2020-08-01,4,1,4,4,400,"&#11014;&#11014;",18832,5.31011045029737,21.2404418011895,21.2404418011895
"Oisterwijk","GM0824",2020-10-21,26,26,24,24,24,23,2020-08-01,3,0,2,2,200,"&#11014;&#11014;",26344,0,7.59186152444579,7.59186152444579
"Oosterhout","GM0826",2020-10-21,52,52,52,51,51,48,2020-08-01,4,0,0,1,-100,"&#11015;",56232,0,0,1.77834684876938
"Oss","GM0828",2020-10-21,173,173,173,173,170,165,2020-08-01,8,0,0,3,-100,"&#11015;",92229,0,0,3.2527729889731
"Rucphen","GM0840",2020-10-21,13,12,11,11,11,10,2020-08-01,3,1,2,2,200,"&#11014;&#11014;",23009,4.34612542917989,8.69225085835977,8.69225085835977
"Sint-Michielsgestel","GM0845",2020-10-21,37,37,37,37,36,36,2020-08-01,1,0,0,1,-100,"&#11015;",29422,0,0,3.39881721161036
"Someren","GM0847",2020-10-21,34,34,33,33,33,33,2020-08-01,1,0,1,1,100,"&#11014;",19331,0,5.17303812529098,5.17303812529098
"Son en Breugel","GM0848",2020-10-21,31,31,31,31,31,31,2020-08-01,0,0,0,0,0,"-",17465,0,0,0
"Steenbergen","GM0851",2020-10-21,18,17,15,13,13,13,2020-08-01,5,1,3,5,50,"&#11014;",24302,4.11488766356678,12.3446629907004,20.5744383178339
"Waterland","GM0852",2020-10-21,19,18,17,17,16,16,2020-08-01,3,1,2,3,100,"&#11014;",17393,5.74943942965561,11.4988788593112,17.2483182889668
"Tilburg","GM0855",2020-10-21,263,263,261,261,258,250,2020-08-01,13,0,2,5,-33.3333333333333,"&#11015;",219599,0,0.910750959703824,2.27687739925956
"Uden","GM0856",2020-10-21,115,115,115,115,115,115,2020-08-01,0,0,0,0,0,"-",42163,0,0,0
"Valkenswaard","GM0858",2020-10-21,20,20,20,20,19,19,2020-08-01,1,0,0,1,-100,"&#11015;",31230,0,0,3.2020493115594
"Veldhoven","GM0861",2020-10-21,34,31,31,31,31,31,2020-08-01,3,3,3,3,300,"&#11014;&#11014;",45625,6.57534246575342,6.57534246575342,6.57534246575342
"Vught","GM0865",2020-10-21,43,43,43,43,44,42,2020-08-01,1,0,0,-1,0,"-",26709,0,0,-3.74405631060691
"Waalre","GM0866",2020-10-21,8,8,7,7,7,7,2020-08-01,1,0,1,1,100,"&#11014;",17518,0,5.70841420253454,5.70841420253454
"Waalwijk","GM0867",2020-10-21,42,42,40,40,40,36,2020-08-01,6,0,2,2,200,"&#11014;&#11014;",48754,0,4.10222750953768,4.10222750953768
"Woensdrecht","GM0873",2020-10-21,8,7,7,7,7,5,2020-08-01,3,1,1,1,100,"&#11014;",21954,4.55497859160062,4.55497859160062,4.55497859160062
"Zundert","GM0879",2020-10-21,24,24,24,24,24,24,2020-08-01,0,0,0,0,0,"-",22141,0,0,0
"Wormerland","GM0880",2020-10-21,21,21,21,20,20,20,2020-08-01,1,0,0,1,-100,"&#11015;",16203,0,0,6.17169659939517
"Landgraaf","GM0882",2020-10-21,53,53,53,53,52,52,2020-08-01,1,0,0,1,-100,"&#11015;",37267,0,0,2.68333914723482
"Beek","GM0888",2020-10-21,17,17,16,16,16,16,2020-08-01,1,0,1,1,100,"&#11014;",15889,0,6.29366228208194,6.29366228208194
"Beesel","GM0889",2020-10-21,20,20,20,20,20,20,2020-08-01,0,0,0,0,0,"-",13439,0,0,0
"Bergen (L.)","GM0893",2020-10-21,8,8,7,7,7,7,2020-08-01,1,0,1,1,100,"&#11014;",13089,0,7.64000305600122,7.64000305600122
"Brunssum","GM0899",2020-10-21,49,49,47,47,46,44,2020-08-01,5,0,2,3,100,"&#11014;",27709,0,7.21787144970948,10.8268071745642
"Gennep","GM0907",2020-10-21,17,17,17,17,17,16,2020-08-01,1,0,0,0,0,"-",16968,0,0,0
"Heerlen","GM0917",2020-10-21,127,127,126,126,126,125,2020-08-01,2,0,1,1,100,"&#11014;",86915,0,1.15054938733245,1.15054938733245
"Kerkrade","GM0928",2020-10-21,66,66,64,64,64,64,2020-08-01,2,0,2,2,200,"&#11014;&#11014;",45527,0,4.39299756188635,4.39299756188635
"Maastricht","GM0935",2020-10-21,193,193,193,193,193,186,2020-08-01,7,0,0,0,0,"-",118636,0,0,0
"Meerssen","GM0938",2020-10-21,23,23,23,23,23,22,2020-08-01,1,0,0,0,0,"-",18759,0,0,0
"Mook en Middelaar","GM0944",2020-10-21,7,7,7,7,7,6,2020-08-01,1,0,0,0,0,"-",7879,0,0,0
"Nederweert","GM0946",2020-10-21,33,33,31,31,31,31,2020-08-01,2,0,2,2,200,"&#11014;&#11014;",17086,0,11.7054898747513,11.7054898747513
"Roermond","GM0957",2020-10-21,64,64,63,63,61,59,2020-08-01,5,0,1,3,-50,"&#11015;",58620,0,1.70590242238144,5.11770726714432
"Simpelveld","GM0965",2020-10-21,19,19,19,19,19,19,2020-08-01,0,0,0,0,0,"-",10515,0,0,0
"Stein","GM0971",2020-10-21,45,45,45,45,44,43,2020-08-01,2,0,0,1,-100,"&#11015;",24935,0,0,4.01042711048727
"Vaals","GM0981",2020-10-21,10,10,10,10,10,10,2020-08-01,0,0,0,0,0,"-",10055,0,0,0
"Venlo","GM0983",2020-10-21,138,138,137,137,135,129,2020-08-01,9,0,1,3,-50,"&#11015;",101853,0,0.981807114174349,2.94542134252305
"Venray","GM0984",2020-10-21,38,38,38,38,37,37,2020-08-01,1,0,0,1,-100,"&#11015;",43707,0,0,2.28796302651749
"Voerendaal","GM0986",2020-10-21,17,17,17,17,17,17,2020-08-01,0,0,0,0,0,"-",12459,0,0,0
"Weert","GM0988",2020-10-21,69,69,68,68,68,67,2020-08-01,2,0,1,1,100,"&#11014;",50109,0,1.99564948412461,1.99564948412461
"Valkenburg aan de Geul","GM0994",2020-10-21,19,19,19,19,19,19,2020-08-01,0,0,0,0,0,"-",16399,0,0,0
"Lelystad","GM0995",2020-10-21,79,79,75,74,72,63,2020-08-01,16,0,4,7,33.3333333333333,"&#11014;",79284,0,5.04515412945865,8.82901972655265
"Horst aan de Maas","GM1507",2020-10-21,41,41,41,41,41,41,2020-08-01,0,0,0,0,0,"-",42416,0,0,0
"Oude IJsselstreek","GM1509",2020-10-21,23,23,23,22,21,21,2020-08-01,2,0,0,2,-100,"&#11015;",39331,0,0,5.08504741806717
"Teylingen","GM1525",2020-10-21,17,17,17,17,17,14,2020-08-01,3,0,0,0,0,"-",37655,0,0,0
"Utrechtse Heuvelrug","GM1581",2020-10-21,31,30,29,29,29,28,2020-08-01,3,1,2,2,200,"&#11014;&#11014;",49784,2.00867748674273,4.01735497348546,4.01735497348546
"Oost Gelre","GM1586",2020-10-21,20,20,18,18,18,18,2020-08-01,2,0,2,2,200,"&#11014;&#11014;",29644,0,6.74672783699906,6.74672783699906
"Koggenland","GM1598",2020-10-21,7,7,7,7,7,6,2020-08-01,1,0,0,0,0,"-",22864,0,0,0
"Lansingerland","GM1621",2020-10-21,49,49,49,49,44,43,2020-08-01,6,0,0,5,-100,"&#11015;",62882,0,0,7.95140103686269
"Leudal","GM1640",2020-10-21,54,54,54,54,54,53,2020-08-01,1,0,0,0,0,"-",35999,0,0,0
"Maasgouw","GM1641",2020-10-21,28,28,28,28,28,27,2020-08-01,1,0,0,0,0,"-",23936,0,0,0
"Gemert-Bakel","GM1652",2020-10-21,79,79,79,79,79,79,2020-08-01,0,0,0,0,0,"-",30693,0,0,0
"Halderberge","GM1655",2020-10-21,23,23,18,16,16,14,2020-08-01,9,0,5,7,150,"&#11014;&#11014;",30314,0,16.4940291614436,23.091640826021
"Heeze-Leende","GM1658",2020-10-21,17,17,16,16,16,16,2020-08-01,1,0,1,1,100,"&#11014;",16217,0,6.16636862551643,6.16636862551643
"Laarbeek","GM1659",2020-10-21,41,41,41,41,41,41,2020-08-01,0,0,0,0,0,"-",22665,0,0,0
"Reusel-De Mierden","GM1667",2020-10-21,14,14,12,12,12,11,2020-08-01,3,0,2,2,200,"&#11014;&#11014;",13066,0,15.3069034134395,15.3069034134395
"Roerdalen","GM1669",2020-10-21,27,27,27,27,27,27,2020-08-01,0,0,0,0,0,"-",20552,0,0,0
"Roosendaal","GM1674",2020-10-21,44,43,41,40,35,28,2020-08-01,16,1,3,9,-50,"&#11015;",77308,1.29352718994153,3.8805815698246,11.6417447094738
"Schouwen-Duiveland","GM1676",2020-10-21,12,12,12,12,12,11,2020-08-01,1,0,0,0,0,"-",34012,0,0,0
"Aa en Hunze","GM1680",2020-10-21,1,1,1,1,1,1,2020-08-01,0,0,0,0,0,"-",25393,0,0,0
"Borger-Odoorn","GM1681",2020-10-21,6,6,5,5,4,4,2020-08-01,2,0,1,2,0,"-",25554,0,3.91328167801518,7.82656335603037
"Cuijk","GM1684",2020-10-21,13,13,12,12,12,12,2020-08-01,1,0,1,1,100,"&#11014;",25291,0,3.95397572258906,3.95397572258906
"Landerd","GM1685",2020-10-21,42,42,42,42,42,39,2020-08-01,3,0,0,0,0,"-",15761,0,0,0
"De Wolden","GM1690",2020-10-21,14,14,11,11,11,11,2020-08-01,3,0,3,3,300,"&#11014;&#11014;",24357,0,12.3167877817465,12.3167877817465
"Noord-Beveland","GM1695",2020-10-21,1,1,1,1,1,1,2020-08-01,0,0,0,0,0,"-",7560,0,0,0
"Wijdemeren","GM1696",2020-10-21,10,10,9,9,9,8,2020-08-01,2,0,1,1,100,"&#11014;",24414,0,4.09601048578684,4.09601048578684
"Noordenveld","GM1699",2020-10-21,6,6,5,5,4,4,2020-08-01,2,0,1,2,0,"-",31270,0,3.19795330988168,6.39590661976335
"Twenterand","GM1700",2020-10-21,12,12,12,12,12,12,2020-08-01,0,0,0,0,0,"-",33729,0,0,0
"Westerveld","GM1701",2020-10-21,9,9,9,9,9,9,2020-08-01,0,0,0,0,0,"-",19573,0,0,0
"Sint Anthonis","GM1702",2020-10-21,21,21,20,20,20,20,2020-08-01,1,0,1,1,100,"&#11014;",11662,0,8.5748585148345,8.5748585148345
"Lingewaard","GM1705",2020-10-21,37,37,35,35,35,31,2020-08-01,6,0,2,2,200,"&#11014;&#11014;",46723,0,4.28054705391349,4.28054705391349
"Cranendonck","GM1706",2020-10-21,63,63,63,63,63,63,2020-08-01,0,0,0,0,0,"-",20941,0,0,0
"Steenwijkerland","GM1708",2020-10-21,15,15,15,15,14,14,2020-08-01,1,0,0,1,-100,"&#11015;",44258,0,0,2.25947851235935
"Moerdijk","GM1709",2020-10-21,18,18,17,17,17,14,2020-08-01,4,0,1,1,100,"&#11014;",37184,0,2.68932874354561,2.68932874354561
"Echt-Susteren","GM1711",2020-10-21,41,41,40,40,40,39,2020-08-01,2,0,1,1,100,"&#11014;",31654,0,3.15915840020219,3.15915840020219
"Sluis","GM1714",2020-10-21,9,9,9,9,9,9,2020-08-01,0,0,0,0,0,"-",23173,0,0,0
"Drimmelen","GM1719",2020-10-21,21,21,21,21,20,18,2020-08-01,3,0,0,1,-100,"&#11015;",27251,0,0,3.66959010678507
"Bernheze","GM1721",2020-10-21,96,96,95,95,95,95,2020-08-01,1,0,1,1,100,"&#11014;",31313,0,3.19356177945262,3.19356177945262
"Alphen-Chaam","GM1723",2020-10-21,18,18,18,18,18,18,2020-08-01,0,0,0,0,0,"-",10298,0,0,0
"Bergeijk","GM1724",2020-10-21,19,19,19,19,19,19,2020-08-01,0,0,0,0,0,"-",18674,0,0,0
"Bladel","GM1728",2020-10-21,22,22,21,21,21,21,2020-08-01,1,0,1,1,100,"&#11014;",20531,0,4.87068335687497,4.87068335687497
"Gulpen-Wittem","GM1729",2020-10-21,23,23,22,22,22,21,2020-08-01,2,0,1,1,100,"&#11014;",14205,0,7.03977472720873,7.03977472720873
"Tynaarlo","GM1730",2020-10-21,11,11,9,9,9,9,2020-08-01,2,0,2,2,200,"&#11014;&#11014;",33842,0,5.90981620471603,5.90981620471603
"Midden-Drenthe","GM1731",2020-10-21,6,6,6,6,6,6,2020-08-01,0,0,0,0,0,"-",33280,0,0,0
"Overbetuwe","GM1734",2020-10-21,59,59,56,56,56,55,2020-08-01,4,0,3,3,300,"&#11014;&#11014;",48057,0,6.24258692802297,6.24258692802297
"Hof van Twente","GM1735",2020-10-21,18,18,18,18,15,15,2020-08-01,3,0,0,3,-100,"&#11015;",35129,0,0,8.53995274559481
"Neder-Betuwe","GM1740",2020-10-21,42,41,41,41,39,37,2020-08-01,5,1,1,3,-50,"&#11015;",24526,4.07730571638261,4.07730571638261,12.2319171491478
"Rijssen-Holten","GM1742",2020-10-21,29,29,29,29,29,29,2020-08-01,0,0,0,0,0,"-",38227,0,0,0
"Geldrop-Mierlo","GM1771",2020-10-21,34,34,34,34,33,33,2020-08-01,1,0,0,1,-100,"&#11015;",39997,0,0,2.50018751406355
"Olst-Wijhe","GM1773",2020-10-21,12,12,12,12,12,12,2020-08-01,0,0,0,0,0,"-",18300,0,0,0
"Dinkelland","GM1774",2020-10-21,21,20,20,20,20,20,2020-08-01,1,1,1,1,100,"&#11014;",26545,3.76718779431155,3.76718779431155,3.76718779431155
"Westland","GM1783",2020-10-21,69,68,65,65,64,57,2020-08-01,12,1,4,5,300,"&#11014;&#11014;",110974,0.901111972173662,3.60444788869465,4.50555986086831
"Midden-Delfland","GM1842",2020-10-21,5,5,5,5,5,4,2020-08-01,1,0,0,0,0,"-",19406,0,0,0
"Berkelland","GM1859",2020-10-21,18,17,14,14,14,12,2020-08-01,6,1,4,4,400,"&#11014;&#11014;",43845,2.28076177443266,9.12304709773064,9.12304709773064
"Bronckhorst","GM1876",2020-10-21,18,18,18,18,17,17,2020-08-01,1,0,0,1,-100,"&#11015;",36077,0,0,2.77184910053497
"Sittard-Geleen","GM1883",2020-10-21,123,122,122,122,120,115,2020-08-01,8,1,1,3,-50,"&#11015;",91928,1.08780784962144,1.08780784962144,3.26342354886433
"Kaag en Braassem","GM1884",2020-10-21,8,8,8,8,8,7,2020-08-01,1,0,0,0,0,"-",27492,0,0,0
"Dantumadiel","GM1891",2020-10-21,2,2,2,2,2,2,2020-08-01,0,0,0,0,0,"-",18928,0,0,0
"Zuidplas","GM1892",2020-10-21,31,30,28,28,28,24,2020-08-01,7,1,3,3,300,"&#11014;&#11014;",44750,2.23463687150838,6.70391061452514,6.70391061452514
"Peel en Maas","GM1894",2020-10-21,145,145,144,144,144,144,2020-08-01,1,0,1,1,100,"&#11014;",43561,0,2.29563141342026,2.29563141342026
"Oldambt","GM1895",2020-10-21,10,10,10,10,8,7,2020-08-01,3,0,0,2,-100,"&#11015;",38274,0,0,5.22547943773841
"Zwartewaterland","GM1896",2020-10-21,35,35,35,35,35,35,2020-08-01,0,0,0,0,0,"-",22755,0,0,0
"Súdwest-Fryslân","GM1900",2020-10-21,21,21,19,19,19,18,2020-08-01,3,0,2,2,200,"&#11014;&#11014;",89976,0,2.22281497288166,2.22281497288166
"Bodegraven-Reeuwijk","GM1901",2020-10-21,11,11,10,10,9,7,2020-08-01,4,0,1,2,0,"-",35157,0,2.84438376425747,5.68876752851495
"Eijsden-Margraten","GM1903",2020-10-21,56,55,55,55,54,54,2020-08-01,2,1,1,2,0,"-",25775,3.87972841901067,3.87972841901067,7.75945683802134
"Stichtse Vecht","GM1904",2020-10-21,46,46,43,43,42,34,2020-08-01,12,0,3,4,200,"&#11014;&#11014;",65087,0,4.60921535790557,6.14562047720743
"Hollands Kroon","GM1911",2020-10-21,26,26,26,26,26,26,2020-08-01,0,0,0,0,0,"-",48637,0,0,0
"Leidschendam-Voorburg","GM1916",2020-10-21,36,36,35,34,34,21,2020-08-01,15,0,1,2,0,"-",76387,0,1.30912328013929,2.61824656027858
"Goeree-Overflakkee","GM1924",2020-10-21,57,57,57,57,56,54,2020-08-01,3,0,0,1,-100,"&#11015;",50356,0,0,1.98586067201525
"Pijnacker-Nootdorp","GM1926",2020-10-21,30,30,30,30,30,24,2020-08-01,6,0,0,0,0,"-",55360,0,0,0
"Nissewaard","GM1930",2020-10-21,68,68,65,64,60,56,2020-08-01,12,0,3,8,-40,"&#11015;",85173,0,3.52224296431968,9.39264790485248
"Krimpenerwaard","GM1931",2020-10-21,52,52,48,47,47,45,2020-08-01,7,0,4,5,300,"&#11014;&#11014;",56353,0,7.09811367629053,8.87264209536316
"De Fryske Marren","GM1940",2020-10-21,22,22,20,20,18,16,2020-08-01,6,0,2,4,0,"-",51678,0,3.87011881264755,7.7402376252951
"Gooise Meren","GM1942",2020-10-21,27,27,27,26,25,23,2020-08-01,4,0,0,2,-100,"&#11015;",58247,0,0,3.43365323535976
"Berg en Dal","GM1945",2020-10-21,35,34,34,34,32,29,2020-08-01,6,1,1,3,-50,"&#11015;",34972,2.85943040146403,2.85943040146403,8.57829120439209
"Meierijstad","GM1948",2020-10-21,212,212,211,211,211,211,2020-08-01,1,0,1,1,100,"&#11014;",81467,0,1.22749088588017,1.22749088588017
"Waadhoeke","GM1949",2020-10-21,13,13,13,13,13,12,2020-08-01,1,0,0,0,0,"-",46098,0,0,0
"Westerwolde","GM1950",2020-10-21,11,11,8,8,5,5,2020-08-01,6,0,3,6,0,"-",25719,0,11.6645281698355,23.3290563396711
"Midden-Groningen","GM1952",2020-10-21,9,9,7,7,7,6,2020-08-01,3,0,2,2,200,"&#11014;&#11014;",60720,0,3.29380764163373,3.29380764163373
"Beekdaelen","GM1954",2020-10-21,52,52,52,52,52,52,2020-08-01,0,0,0,0,0,"-",35916,0,0,0
"Montferland","GM1955",2020-10-21,24,24,22,22,22,21,2020-08-01,3,0,2,2,200,"&#11014;&#11014;",36052,0,5.54754243869966,5.54754243869966
"Altena","GM1959",2020-10-21,38,38,36,36,33,32,2020-08-01,6,0,2,5,-33.3333333333333,"&#11015;",56194,0,3.55909883617468,8.8977470904367
"West Betuwe","GM1960",2020-10-21,49,49,47,46,44,43,2020-08-01,6,0,2,5,-33.3333333333333,"&#11015;",51281,0,3.90007995163901,9.75019987909752
"Vijfheerenlanden","GM1961",2020-10-21,44,44,41,41,40,34,2020-08-01,10,0,3,4,200,"&#11014;&#11014;",57525,0,5.21512385919166,6.95349847892221
"Hoeksche Waard","GM1963",2020-10-21,82,82,82,82,80,76,2020-08-01,6,0,0,2,-100,"&#11015;",87614,0,0,2.28274020133769
"Het Hogeland","GM1966",2020-10-21,7,7,8,8,7,7,2020-08-01,0,0,-1,0,-200,"&#11015;",47878,0,-2.08864196499436,0
"Westerkwartier","GM1969",2020-10-21,19,19,17,17,15,14,2020-08-01,5,0,2,4,0,"-",63458,0,3.15169088215828,6.30338176431656
"Noardeast-Fryslân","GM1970",2020-10-21,7,7,7,7,7,6,2020-08-01,1,0,0,0,0,"-",45433,0,0,0
"Molenlanden","GM1978",2020-10-21,20,20,20,20,20,18,2020-08-01,2,0,0,0,0,"-",44042,0,0,0
