"municipality","Municipality_code","date","d0","d1","d7","d8","d14","lowest_since_nov1","lowest_since_nov1_date","current","increase_1d","increase_7d","increase_14d","increase_growth","growth","population","rel_increase_1d","rel_increase_7d","rel_increase_14d"
"Netherlands","",2020-12-04,17862,17809,17424,17347,16929,15242,2020-11-01,2620,53,438,933,-11.5151515151515,"&#x2798;",17443797,0.303832932703814,2.51092121743907,5.34860615495583
"Unknown","",2020-12-04,107,107,104,103,101,91,2020-11-01,16,0,3,6,0,"-",NA,NA,NA,NA
"Appingedam","GM0003",2020-12-04,8,8,8,8,8,8,2020-11-01,0,0,0,0,0,"-",11529,0,0,0
"Delfzijl","GM0010",2020-12-04,9,9,9,9,9,8,2020-11-01,1,0,0,0,0,"-",24627,0,0,0
"Groningen","GM0014",2020-12-04,37,37,35,35,34,32,2020-11-01,5,0,2,3,100,"&#x279A;",233266,0,0.857390275479496,1.28608541321924
"Loppersum","GM0024",2020-12-04,1,1,1,1,1,0,2020-11-01,1,0,0,0,0,"-",9501,0,0,0
"Almere","GM0034",2020-12-04,185,184,181,180,177,170,2020-11-01,15,1,4,8,0,"-",214133,0.466999481630575,1.8679979265223,3.7359958530446
"Stadskanaal","GM0037",2020-12-04,9,9,9,9,9,8,2020-11-01,1,0,0,0,0,"-",31564,0,0,0
"Veendam","GM0047",2020-12-04,4,4,4,4,4,4,2020-11-01,0,0,0,0,0,"-",27440,0,0,0
"Zeewolde","GM0050",2020-12-04,16,16,14,14,14,13,2020-11-01,3,0,2,2,200,"&#x279A;",22750,0,8.79120879120879,8.79120879120879
"Achtkarspelen","GM0059",2020-12-04,0,0,0,0,0,0,2020-11-01,0,0,0,0,0,"-",27890,0,0,0
"Ameland","GM0060",2020-12-04,0,0,0,0,0,0,2020-11-01,0,0,0,0,0,"-",3766,0,0,0
"Harlingen","GM0072",2020-12-04,5,5,5,5,5,4,2020-11-01,1,0,0,0,0,"-",15827,0,0,0
"Heerenveen","GM0074",2020-12-04,17,17,17,17,17,16,2020-11-01,1,0,0,0,0,"-",50561,0,0,0
"Leeuwarden","GM0080",2020-12-04,54,52,50,49,49,47,2020-11-01,7,2,4,5,300,"&#x279A;",124338,1.60851871511525,3.2170374302305,4.02129678778813
"Ooststellingwerf","GM0085",2020-12-04,8,7,7,7,6,5,2020-11-01,3,1,1,2,0,"-",25398,3.93731789904717,3.93731789904717,7.87463579809434
"Opsterland","GM0086",2020-12-04,11,11,11,11,11,8,2020-11-01,3,0,0,0,0,"-",29777,0,0,0
"Schiermonnikoog","GM0088",2020-12-04,1,1,1,1,1,1,2020-11-01,0,0,0,0,0,"-",940,0,0,0
"Smallingerland","GM0090",2020-12-04,14,14,13,13,13,12,2020-11-01,2,0,1,1,100,"&#x279A;",56109,0,1.78224527259441,1.78224527259441
"Terschelling","GM0093",2020-12-04,1,1,1,1,1,1,2020-11-01,0,0,0,0,0,"-",4893,0,0,0
"Vlieland","GM0096",2020-12-04,0,0,0,0,0,0,2020-11-01,0,0,0,0,0,"-",1208,0,0,0
"Weststellingwerf","GM0098",2020-12-04,5,5,5,5,5,3,2020-11-01,2,0,0,0,0,"-",26044,0,0,0
"Assen","GM0106",2020-12-04,22,22,20,20,17,14,2020-11-01,8,0,2,5,-33.3333333333333,"&#x2798;",68890,0,2.90317898098418,7.25794745246044
"Coevorden","GM0109",2020-12-04,22,22,21,21,20,19,2020-11-01,3,0,1,2,0,"-",35274,0,2.83494925440835,5.66989850881669
"Emmen","GM0114",2020-12-04,56,56,54,54,53,49,2020-11-01,7,0,2,3,100,"&#x279A;",107083,0,1.8677100940392,2.80156514105881
"Hoogeveen","GM0118",2020-12-04,33,33,32,32,32,29,2020-11-01,4,0,1,1,100,"&#x279A;",55612,0,1.79817305617493,1.79817305617493
"Meppel","GM0119",2020-12-04,13,13,13,13,13,11,2020-11-01,2,0,0,0,0,"-",34211,0,0,0
"Almelo","GM0141",2020-12-04,42,42,40,40,39,32,2020-11-01,10,0,2,3,100,"&#x279A;",73183,0,2.73287512127133,4.099312681907
"Borne","GM0147",2020-12-04,18,18,16,16,16,16,2020-11-01,2,0,2,2,200,"&#x279A;",23582,0,8.48104486472733,8.48104486472733
"Dalfsen","GM0148",2020-12-04,18,18,18,18,18,17,2020-11-01,1,0,0,0,0,"-",28921,0,0,0
"Deventer","GM0150",2020-12-04,55,55,54,54,54,50,2020-11-01,5,0,1,1,100,"&#x279A;",101021,0,0.989893190524742,0.989893190524742
"Enschede","GM0153",2020-12-04,99,99,95,93,93,70,2020-11-01,29,0,4,6,100,"&#x279A;",159857,0,2.50223637375905,3.75335456063857
"Haaksbergen","GM0158",2020-12-04,22,22,21,21,21,18,2020-11-01,4,0,1,1,100,"&#x279A;",24271,0,4.12014338098966,4.12014338098966
"Hardenberg","GM0160",2020-12-04,31,31,30,29,26,24,2020-11-01,7,0,1,5,-75,"&#x2798;",61240,0,1.63291966035271,8.16459830176355
"Hellendoorn","GM0163",2020-12-04,15,15,15,15,15,13,2020-11-01,2,0,0,0,0,"-",35938,0,0,0
"Hengelo","GM0164",2020-12-04,46,45,45,43,42,39,2020-11-01,7,1,1,4,-66.6666666666667,"&#x2798;",81149,1.23230107579884,1.23230107579884,4.92920430319536
"Kampen","GM0166",2020-12-04,66,66,66,66,63,61,2020-11-01,5,0,0,3,-100,"&#x2798;",54429,0,0,5.51176762387698
"Losser","GM0168",2020-12-04,14,14,13,13,13,11,2020-11-01,3,0,1,1,100,"&#x279A;",22850,0,4.37636761487965,4.37636761487965
"Noordoostpolder","GM0171",2020-12-04,23,23,23,23,21,20,2020-11-01,3,0,0,2,-100,"&#x2798;",47514,0,0,4.20928568421939
"Oldenzaal","GM0173",2020-12-04,25,25,25,23,22,16,2020-11-01,9,0,0,3,-100,"&#x2798;",31771,0,0,9.44257341600831
"Ommen","GM0175",2020-12-04,9,9,9,9,9,9,2020-11-01,0,0,0,0,0,"-",18204,0,0,0
"Raalte","GM0177",2020-12-04,27,27,27,27,26,25,2020-11-01,2,0,0,1,-100,"&#x2798;",37817,0,0,2.64431340402464
"Staphorst","GM0180",2020-12-04,11,11,11,11,11,8,2020-11-01,3,0,0,0,0,"-",17235,0,0,0
"Tubbergen","GM0183",2020-12-04,14,14,13,13,13,12,2020-11-01,2,0,1,1,100,"&#x279A;",21282,0,4.6988065031482,4.6988065031482
"Urk","GM0184",2020-12-04,34,33,30,30,28,24,2020-11-01,10,1,4,6,100,"&#x279A;",21161,4.72567459004773,18.9026983601909,28.3540475402864
"Wierden","GM0189",2020-12-04,11,9,8,8,8,7,2020-11-01,4,2,3,3,300,"&#x279A;",24517,8.15760492719338,12.2364073907901,12.2364073907901
"Zwolle","GM0193",2020-12-04,62,62,62,62,57,54,2020-11-01,8,0,0,5,-100,"&#x2798;",129465,0,0,3.8620476576681
"Aalten","GM0197",2020-12-04,14,14,14,14,14,13,2020-11-01,1,0,0,0,0,"-",27110,0,0,0
"Apeldoorn","GM0200",2020-12-04,133,133,131,129,124,117,2020-11-01,16,0,2,9,-71.4285714285714,"&#x2798;",164513,0,1.21570939682578,5.47069228571602
"Arnhem","GM0202",2020-12-04,115,114,113,112,110,99,2020-11-01,16,1,2,5,-33.3333333333333,"&#x2798;",162219,0.61645060073111,1.23290120146222,3.08225300365555
"Barneveld","GM0203",2020-12-04,31,31,30,30,30,25,2020-11-01,6,0,1,1,100,"&#x279A;",59777,0,1.67288421968316,1.67288421968316
"Beuningen","GM0209",2020-12-04,24,24,23,23,23,20,2020-11-01,4,0,1,1,100,"&#x279A;",26169,0,3.82131529672513,3.82131529672513
"Brummen","GM0213",2020-12-04,22,22,22,22,22,19,2020-11-01,3,0,0,0,0,"-",20870,0,0,0
"Buren","GM0214",2020-12-04,27,27,27,26,24,23,2020-11-01,4,0,0,3,-100,"&#x2798;",27020,0,0,11.1028867505551
"Culemborg","GM0216",2020-12-04,34,33,32,32,31,28,2020-11-01,6,1,2,3,100,"&#x279A;",29044,3.44305192122297,6.88610384244594,10.3291557636689
"Doesburg","GM0221",2020-12-04,11,11,11,11,11,11,2020-11-01,0,0,0,0,0,"-",11010,0,0,0
"Doetinchem","GM0222",2020-12-04,40,40,39,39,38,34,2020-11-01,6,0,1,2,0,"-",58150,0,1.71969045571797,3.43938091143594
"Druten","GM0225",2020-12-04,29,29,29,29,29,28,2020-11-01,1,0,0,0,0,"-",18964,0,0,0
"Duiven","GM0226",2020-12-04,18,18,18,18,18,17,2020-11-01,1,0,0,0,0,"-",25102,0,0,0
"Ede","GM0228",2020-12-04,86,86,86,86,83,75,2020-11-01,11,0,0,3,-100,"&#x2798;",118380,0,0,2.53421186011151
"Elburg","GM0230",2020-12-04,31,31,30,30,30,29,2020-11-01,2,0,1,1,100,"&#x279A;",23370,0,4.27899015832264,4.27899015832264
"Epe","GM0232",2020-12-04,55,54,54,54,54,53,2020-11-01,2,1,1,1,100,"&#x279A;",33168,3.01495417269658,3.01495417269658,3.01495417269658
"Ermelo","GM0233",2020-12-04,33,33,33,33,33,33,2020-11-01,0,0,0,0,0,"-",27010,0,0,0
"Harderwijk","GM0243",2020-12-04,54,54,54,54,53,47,2020-11-01,7,0,0,1,-100,"&#x2798;",48701,0,0,2.05334592718835
"Hattem","GM0244",2020-12-04,18,18,18,18,18,18,2020-11-01,0,0,0,0,0,"-",12214,0,0,0
"Heerde","GM0246",2020-12-04,55,55,55,55,55,55,2020-11-01,0,0,0,0,0,"-",18715,0,0,0
"Heumen","GM0252",2020-12-04,20,20,20,20,19,19,2020-11-01,1,0,0,1,-100,"&#x2798;",16562,0,0,6.03791812583021
"Lochem","GM0262",2020-12-04,22,22,22,22,22,18,2020-11-01,4,0,0,0,0,"-",33847,0,0,0
"Maasdriel","GM0263",2020-12-04,26,26,26,26,26,20,2020-11-01,6,0,0,0,0,"-",25444,0,0,0
"Nijkerk","GM0267",2020-12-04,33,33,32,32,32,27,2020-11-01,6,0,1,1,100,"&#x279A;",43507,0,2.29848070425449,2.29848070425449
"Nijmegen","GM0268",2020-12-04,198,198,197,196,193,180,2020-11-01,18,0,1,5,-75,"&#x2798;",177525,0,0.56330094352908,2.8165047176454
"Oldebroek","GM0269",2020-12-04,40,40,40,40,40,40,2020-11-01,0,0,0,0,0,"-",23713,0,0,0
"Putten","GM0273",2020-12-04,13,13,13,13,12,12,2020-11-01,1,0,0,1,-100,"&#x2798;",24337,0,0,4.10896988125077
"Renkum","GM0274",2020-12-04,20,20,20,20,20,17,2020-11-01,3,0,0,0,0,"-",31432,0,0,0
"Rheden","GM0275",2020-12-04,39,39,39,39,39,35,2020-11-01,4,0,0,0,0,"-",43655,0,0,0
"Rozendaal","GM0277",2020-12-04,1,1,1,1,1,1,2020-11-01,0,0,0,0,0,"-",1709,0,0,0
"Scherpenzeel","GM0279",2020-12-04,5,5,5,5,5,5,2020-11-01,0,0,0,0,0,"-",10054,0,0,0
"Tiel","GM0281",2020-12-04,60,60,58,58,58,48,2020-11-01,12,0,2,2,200,"&#x279A;",41984,0,4.76371951219512,4.76371951219512
"Voorst","GM0285",2020-12-04,18,18,18,18,18,18,2020-11-01,0,0,0,0,0,"-",24717,0,0,0
"Wageningen","GM0289",2020-12-04,30,30,30,30,29,26,2020-11-01,4,0,0,1,-100,"&#x2798;",39600,0,0,2.52525252525253
"Westervoort","GM0293",2020-12-04,13,13,13,13,13,12,2020-11-01,1,0,0,0,0,"-",15023,0,0,0
"Winterswijk","GM0294",2020-12-04,13,13,11,11,11,9,2020-11-01,4,0,2,2,200,"&#x279A;",28912,0,6.91754288876591,6.91754288876591
"Wijchen","GM0296",2020-12-04,59,59,57,57,57,54,2020-11-01,5,0,2,2,200,"&#x279A;",41213,0,4.85283769684323,4.85283769684323
"Zaltbommel","GM0297",2020-12-04,26,26,25,25,25,23,2020-11-01,3,0,1,1,100,"&#x279A;",29355,0,3.40657468915006,3.40657468915006
"Zevenaar","GM0299",2020-12-04,60,60,60,60,60,58,2020-11-01,2,0,0,0,0,"-",44058,0,0,0
"Zutphen","GM0301",2020-12-04,38,38,38,38,38,34,2020-11-01,4,0,0,0,0,"-",48159,0,0,0
"Nunspeet","GM0302",2020-12-04,65,65,64,64,64,61,2020-11-05,4,0,1,1,100,"&#x279A;",27972,0,3.57500357500358,3.57500357500358
"Dronten","GM0303",2020-12-04,43,43,43,43,42,40,2020-11-01,3,0,0,1,-100,"&#x2798;",41837,0,0,2.39022874489089
"Amersfoort","GM0307",2020-12-04,125,124,120,120,113,99,2020-11-01,26,1,5,12,-28.5714285714286,"&#x2798;",157691,0.634151600281563,3.17075800140782,7.60981920337876
"Baarn","GM0308",2020-12-04,23,23,23,23,22,17,2020-11-01,6,0,0,1,-100,"&#x2798;",24864,0,0,4.02187902187902
"De Bilt","GM0310",2020-12-04,38,38,38,38,37,35,2020-11-01,3,0,0,1,-100,"&#x2798;",43328,0,0,2.30797636632201
"Bunnik","GM0312",2020-12-04,15,15,15,15,13,12,2020-11-01,3,0,0,2,-100,"&#x2798;",15344,0,0,13.0344108446298
"Bunschoten","GM0313",2020-12-04,32,30,26,26,23,17,2020-11-01,15,2,6,9,100,"&#x279A;",22001,9.09049588655061,27.2714876596518,40.9072314894778
"Eemnes","GM0317",2020-12-04,6,5,4,4,4,3,2020-11-01,3,1,2,2,200,"&#x279A;",9350,10.6951871657754,21.3903743315508,21.3903743315508
"Houten","GM0321",2020-12-04,43,43,41,41,40,34,2020-11-01,9,0,2,3,100,"&#x279A;",50268,0,3.97867430572133,5.968011458582
"Leusden","GM0327",2020-12-04,16,16,16,16,16,11,2020-11-01,5,0,0,0,0,"-",30486,0,0,0
"Lopik","GM0331",2020-12-04,25,25,25,25,25,25,2020-11-01,0,0,0,0,0,"-",14441,0,0,0
"Montfoort","GM0335",2020-12-04,16,16,16,16,16,16,2020-11-01,0,0,0,0,0,"-",13887,0,0,0
"Renswoude","GM0339",2020-12-04,5,5,5,5,5,5,2020-11-01,0,0,0,0,0,"-",5530,0,0,0
"Rhenen","GM0340",2020-12-04,15,15,14,14,14,13,2020-11-01,2,0,1,1,100,"&#x279A;",20129,0,4.96795667941775,4.96795667941775
"Soest","GM0342",2020-12-04,43,43,43,43,41,37,2020-11-01,6,0,0,2,-100,"&#x2798;",46883,0,0,4.26593861314336
"Utrecht","GM0344",2020-12-04,453,450,432,432,421,368,2020-11-01,85,3,21,32,90.9090909090909,"&#x279A;",359374,0.834784931575462,5.84349452102823,8.90437260347159
"Veenendaal","GM0345",2020-12-04,71,71,69,69,65,59,2020-11-01,12,0,2,6,-50,"&#x2798;",66922,0,2.98855383879741,8.96566151639222
"Woudenberg","GM0351",2020-12-04,11,11,11,11,11,9,2020-11-01,2,0,0,0,0,"-",13579,0,0,0
"Wijk bij Duurstede","GM0352",2020-12-04,14,14,14,14,14,12,2020-11-01,2,0,0,0,0,"-",23910,0,0,0
"IJsselstein","GM0353",2020-12-04,51,51,50,50,49,44,2020-11-01,7,0,1,2,0,"-",33874,0,2.95211666765071,5.90423333530141
"Zeist","GM0355",2020-12-04,50,50,49,49,47,45,2020-11-02,5,0,1,3,-50,"&#x2798;",64914,0,1.54049973811504,4.62149921434513
"Nieuwegein","GM0356",2020-12-04,65,65,65,64,62,54,2020-11-01,11,0,0,3,-100,"&#x2798;",63748,0,0,4.70602999309782
"Aalsmeer","GM0358",2020-12-04,17,17,17,17,17,12,2020-11-01,5,0,0,0,0,"-",31927,0,0,0
"Alkmaar","GM0361",2020-12-04,80,80,79,78,76,68,2020-11-01,12,0,1,4,-66.6666666666667,"&#x2798;",109782,0,0.91089613962216,3.64358455848864
"Amstelveen","GM0362",2020-12-04,87,86,84,84,83,76,2020-11-01,11,1,3,4,200,"&#x279A;",91061,1.09816496634124,3.29449489902373,4.39265986536498
"Amsterdam","GM0363",2020-12-04,1197,1194,1175,1170,1146,1049,2020-11-01,148,3,22,51,-24.1379310344828,"&#x2798;",872445,0.343861217612572,2.52164892915886,5.84564069941372
"Beemster","GM0370",2020-12-04,4,4,4,4,4,4,2020-11-01,0,0,0,0,0,"-",10038,0,0,0
"Bergen (NH.)","GM0373",2020-12-04,25,25,25,25,23,22,2020-11-01,3,0,0,2,-100,"&#x2798;",29745,0,0,6.72381912926542
"Beverwijk","GM0375",2020-12-04,23,23,23,23,23,20,2020-11-01,3,0,0,0,0,"-",41773,0,0,0
"Blaricum","GM0376",2020-12-04,8,8,8,8,8,8,2020-11-01,0,0,0,0,0,"-",11863,0,0,0
"Bloemendaal","GM0377",2020-12-04,10,10,10,10,10,10,2020-11-01,0,0,0,0,0,"-",23568,0,0,0
"Castricum","GM0383",2020-12-04,18,18,18,18,18,18,2020-11-01,0,0,0,0,0,"-",36155,0,0,0
"Diemen","GM0384",2020-12-04,28,28,28,28,26,24,2020-11-01,4,0,0,2,-100,"&#x2798;",31312,0,0,6.38732754215636
"Edam-Volendam","GM0385",2020-12-04,55,55,54,54,50,42,2020-11-01,13,0,1,5,-75,"&#x2798;",36220,0,2.76090557702927,13.8045278851463
"Enkhuizen","GM0388",2020-12-04,20,20,20,20,20,20,2020-11-01,0,0,0,0,0,"-",18639,0,0,0
"Haarlem","GM0392",2020-12-04,129,129,121,121,118,107,2020-11-01,22,0,8,11,166.666666666667,"&#x279A;",162807,0,4.9137936329519,6.75646624530886
"Haarlemmermeer","GM0394",2020-12-04,114,114,113,113,110,100,2020-11-01,14,0,1,4,-66.6666666666667,"&#x2798;",157440,0,0.635162601626016,2.54065040650406
"Heemskerk","GM0396",2020-12-04,40,40,40,39,36,35,2020-11-01,5,0,0,4,-100,"&#x2798;",39266,0,0,10.1869301685937
"Heemstede","GM0397",2020-12-04,18,18,18,18,17,17,2020-11-01,1,0,0,1,-100,"&#x2798;",27459,0,0,3.64179321898103
"Heerhugowaard","GM0398",2020-12-04,33,33,33,33,33,30,2020-11-01,3,0,0,0,0,"-",58139,0,0,0
"Heiloo","GM0399",2020-12-04,14,14,14,14,13,12,2020-11-01,2,0,0,1,-100,"&#x2798;",24121,0,0,4.14576510094938
"Den Helder","GM0400",2020-12-04,19,19,19,19,19,17,2020-11-01,2,0,0,0,0,"-",56432,0,0,0
"Hilversum","GM0402",2020-12-04,49,49,48,48,48,42,2020-11-01,7,0,1,1,100,"&#x279A;",91290,0,1.09541023113156,1.09541023113156
"Hoorn","GM0405",2020-12-04,48,48,47,47,47,40,2020-11-01,8,0,1,1,100,"&#x279A;",73507,0,1.36041465438666,1.36041465438666
"Huizen","GM0406",2020-12-04,37,37,36,36,36,31,2020-11-01,6,0,1,1,100,"&#x279A;",41139,0,2.4307834415032,2.4307834415032
"Landsmeer","GM0415",2020-12-04,6,6,6,6,6,5,2020-11-01,1,0,0,0,0,"-",11582,0,0,0
"Langedijk","GM0416",2020-12-04,22,22,22,21,21,21,2020-11-01,1,0,0,1,-100,"&#x2798;",28288,0,0,3.53506787330317
"Laren","GM0417",2020-12-04,10,10,10,10,10,10,2020-11-01,0,0,0,0,0,"-",11379,0,0,0
"Medemblik","GM0420",2020-12-04,23,23,22,22,22,20,2020-11-01,3,0,1,1,100,"&#x279A;",45105,0,2.21704910763773,2.21704910763773
"Oostzaan","GM0431",2020-12-04,13,13,13,13,13,12,2020-11-01,1,0,0,0,0,"-",9667,0,0,0
"Opmeer","GM0432",2020-12-04,3,3,3,3,3,1,2020-11-01,2,0,0,0,0,"-",11987,0,0,0
"Ouder-Amstel","GM0437",2020-12-04,8,8,8,8,8,8,2020-11-01,0,0,0,0,0,"-",14116,0,0,0
"Purmerend","GM0439",2020-12-04,96,96,94,94,94,88,2020-11-01,8,0,2,2,200,"&#x279A;",81768,0,2.44594462381372,2.44594462381372
"Schagen","GM0441",2020-12-04,24,24,24,23,23,21,2020-11-01,3,0,0,1,-100,"&#x2798;",46474,0,0,2.15174075827344
"Texel","GM0448",2020-12-04,6,6,6,6,6,6,2020-11-01,0,0,0,0,0,"-",13637,0,0,0
"Uitgeest","GM0450",2020-12-04,7,7,7,7,7,7,2020-11-01,0,0,0,0,0,"-",13647,0,0,0
"Uithoorn","GM0451",2020-12-04,26,26,26,25,23,21,2020-11-01,5,0,0,3,-100,"&#x2798;",30003,0,0,9.99900009999
"Velsen","GM0453",2020-12-04,58,58,55,55,54,50,2020-11-01,8,0,3,4,200,"&#x279A;",68757,0,4.36319211134866,5.81758948179822
"Weesp","GM0457",2020-12-04,11,11,11,11,11,10,2020-11-01,1,0,0,0,0,"-",20425,0,0,0
"Zandvoort","GM0473",2020-12-04,15,15,15,15,15,15,2020-11-01,0,0,0,0,0,"-",17105,0,0,0
"Zaanstad","GM0479",2020-12-04,197,197,192,190,182,161,2020-11-01,36,0,5,15,-50,"&#x2798;",157073,0,3.18323327370076,9.54969982110229
"Alblasserdam","GM0482",2020-12-04,15,15,14,14,11,11,2020-11-01,4,0,1,4,-66.6666666666667,"&#x2798;",20262,0,4.93534695489093,19.7413878195637
"Alphen aan den Rijn","GM0484",2020-12-04,109,108,107,107,102,89,2020-11-01,20,1,2,7,-60,"&#x2798;",112473,0.889102273434513,1.77820454686903,6.22371591404159
"Barendrecht","GM0489",2020-12-04,69,69,67,67,63,51,2020-11-01,18,0,2,6,-50,"&#x2798;",48657,0,4.11040549150174,12.3312164745052
"Drechterland","GM0498",2020-12-04,7,7,7,7,7,6,2020-11-01,1,0,0,0,0,"-",19801,0,0,0
"Brielle","GM0501",2020-12-04,23,23,20,19,19,17,2020-11-01,6,0,3,4,200,"&#x279A;",17379,0,17.2622130157086,23.0162840209448
"Capelle aan den IJssel","GM0502",2020-12-04,96,96,93,93,91,73,2020-11-01,23,0,3,5,50,"&#x279A;",67182,0,4.46548182548897,7.44246970914828
"Delft","GM0503",2020-12-04,66,65,61,60,59,48,2020-11-01,18,1,5,7,150,"&#x279A;",103688,0.964431756808888,4.82215878404444,6.75102229766222
"Dordrecht","GM0505",2020-12-04,107,107,102,101,99,97,2020-11-01,10,0,5,8,66.6666666666667,"&#x279A;",119246,0,4.19301276353085,6.70882042164936
"Gorinchem","GM0512",2020-12-04,20,20,20,20,20,20,2020-11-01,0,0,0,0,0,"-",37461,0,0,0
"Gouda","GM0513",2020-12-04,102,97,97,96,87,73,2020-11-01,29,5,5,15,-50,"&#x2798;",73623,6.7913559621314,6.7913559621314,20.3740678863942
"'s-Gravenhage","GM0518",2020-12-04,791,790,766,762,735,617,2020-11-01,174,1,25,56,-19.3548387096774,"&#x2798;",548165,0.182426824040207,4.56067060100517,10.2159021462516
"Hardinxveld-Giessendam","GM0523",2020-12-04,2,2,2,2,2,2,2020-11-01,0,0,0,0,0,"-",18404,0,0,0
"Hellevoetsluis","GM0530",2020-12-04,32,32,27,27,27,20,2020-11-04,12,0,5,5,500,"&#x279A;",40229,0,12.4288448631584,12.4288448631584
"Hendrik-Ido-Ambacht","GM0531",2020-12-04,13,13,13,13,13,13,2020-11-01,0,0,0,0,0,"-",31274,0,0,0
"Stede Broec","GM0532",2020-12-04,20,20,20,20,20,19,2020-11-01,1,0,0,0,0,"-",21745,0,0,0
"Hillegom","GM0534",2020-12-04,9,9,9,9,9,8,2020-11-01,1,0,0,0,0,"-",22230,0,0,0
"Katwijk","GM0537",2020-12-04,57,56,57,57,55,46,2020-11-01,11,1,0,2,-100,"&#x2798;",65988,1.51542704734194,0,3.03085409468388
"Krimpen aan den IJssel","GM0542",2020-12-04,26,26,26,26,25,18,2020-11-01,8,0,0,1,-100,"&#x2798;",29453,0,0,3.39523987369708
"Leiden","GM0546",2020-12-04,83,81,81,80,75,64,2020-11-01,19,2,2,8,-66.6666666666667,"&#x2798;",123823,1.61520880611841,1.61520880611841,6.46083522447364
"Leiderdorp","GM0547",2020-12-04,29,29,29,28,28,25,2020-11-01,4,0,0,1,-100,"&#x2798;",27339,0,0,3.65777826548155
"Lisse","GM0553",2020-12-04,15,15,13,13,13,11,2020-11-01,4,0,2,2,200,"&#x279A;",23000,0,8.69565217391304,8.69565217391304
"Maassluis","GM0556",2020-12-04,44,44,44,44,39,32,2020-11-01,12,0,0,5,-100,"&#x2798;",33476,0,0,14.9360736049707
"Nieuwkoop","GM0569",2020-12-04,17,17,16,16,16,14,2020-11-01,3,0,1,1,100,"&#x279A;",29080,0,3.43878954607978,3.43878954607978
"Noordwijk","GM0575",2020-12-04,41,41,39,39,38,32,2020-11-01,9,0,2,3,100,"&#x279A;",43864,0,4.55954769286887,6.8393215393033
"Oegstgeest","GM0579",2020-12-04,17,17,16,16,16,11,2020-11-01,6,0,1,1,100,"&#x279A;",25027,0,3.99568466056659,3.99568466056659
"Oudewater","GM0589",2020-12-04,32,32,32,32,31,30,2020-11-01,2,0,0,1,-100,"&#x2798;",10169,0,0,9.83380863408398
"Papendrecht","GM0590",2020-12-04,11,11,10,10,10,9,2020-11-01,2,0,1,1,100,"&#x279A;",32119,0,3.11342196207852,3.11342196207852
"Ridderkerk","GM0597",2020-12-04,53,53,52,52,50,47,2020-11-01,6,0,1,3,-50,"&#x2798;",46638,0,2.14417427848536,6.43252283545607
"Rotterdam","GM0599",2020-12-04,1128,1126,1095,1091,1055,850,2020-11-01,278,2,33,73,-17.5,"&#x2798;",651524,0.306972575070143,5.06504748865736,11.2044989900602
"Rijswijk","GM0603",2020-12-04,78,78,74,73,70,62,2020-11-01,16,0,4,8,0,"-",55096,0,7.26005517641934,14.5201103528387
"Schiedam","GM0606",2020-12-04,128,128,121,120,110,79,2020-11-01,49,0,7,18,-36.3636363636364,"&#x2798;",79244,0,8.83347635152188,22.714653475342
"Sliedrecht","GM0610",2020-12-04,12,11,11,11,11,10,2020-11-01,2,1,1,1,100,"&#x279A;",25472,3.92587939698492,3.92587939698492,3.92587939698492
"Albrandswaard","GM0613",2020-12-04,31,31,28,28,27,18,2020-11-01,13,0,3,4,200,"&#x279A;",25853,0,11.6040691602522,15.4720922136696
"Westvoorne","GM0614",2020-12-04,9,9,9,9,9,6,2020-11-01,3,0,0,0,0,"-",14898,0,0,0
"Vlaardingen","GM0622",2020-12-04,90,90,86,84,83,62,2020-11-01,28,0,4,7,33.3333333333333,"&#x279A;",73823,0,5.41836555003183,9.48213971255571
"Voorschoten","GM0626",2020-12-04,12,12,12,12,12,11,2020-11-01,1,0,0,0,0,"-",25603,0,0,0
"Waddinxveen","GM0627",2020-12-04,41,41,37,37,34,27,2020-11-01,14,0,4,7,33.3333333333333,"&#x279A;",30050,0,13.3111480865225,23.2945091514143
"Wassenaar","GM0629",2020-12-04,19,19,17,17,16,11,2020-11-01,8,0,2,3,100,"&#x279A;",26681,0,7.49597091563285,11.2439563734493
"Woerden","GM0632",2020-12-04,74,74,73,73,70,64,2020-11-01,10,0,1,4,-66.6666666666667,"&#x2798;",52644,0,1.89955170579743,7.59820682318973
"Zoetermeer","GM0637",2020-12-04,85,84,80,78,76,70,2020-11-01,15,1,5,9,25,"&#x279A;",125395,0.797479963315922,3.98739981657961,7.1773196698433
"Zoeterwoude","GM0638",2020-12-04,4,4,4,4,4,4,2020-11-01,0,0,0,0,0,"-",8790,0,0,0
"Zwijndrecht","GM0642",2020-12-04,32,32,31,31,30,30,2020-11-01,2,0,1,2,0,"-",44683,0,2.23798760154869,4.47597520309737
"Borsele","GM0654",2020-12-04,7,7,6,6,6,5,2020-11-01,2,0,1,1,100,"&#x279A;",22773,0,4.39116497606815,4.39116497606815
"Goes","GM0664",2020-12-04,24,24,22,22,21,15,2020-11-01,9,0,2,3,100,"&#x279A;",38539,0,5.18954824982485,7.78432237473728
"West Maas en Waal","GM0668",2020-12-04,24,24,24,24,24,24,2020-11-01,0,0,0,0,0,"-",19490,0,0,0
"Hulst","GM0677",2020-12-04,21,21,19,19,19,13,2020-11-01,8,0,2,2,200,"&#x279A;",27596,0,7.24742716335701,7.24742716335701
"Kapelle","GM0678",2020-12-04,4,4,4,4,4,3,2020-11-01,1,0,0,0,0,"-",12847,0,0,0
"Middelburg","GM0687",2020-12-04,28,28,28,27,27,21,2020-11-01,7,0,0,1,-100,"&#x2798;",48919,0,0,2.04419550685828
"Reimerswaal","GM0703",2020-12-04,9,9,9,9,8,6,2020-11-01,3,0,0,1,-100,"&#x2798;",22915,0,0,4.36395374209033
"Terneuzen","GM0715",2020-12-04,39,39,35,35,33,25,2020-11-01,14,0,4,6,100,"&#x279A;",54421,0,7.35010382021646,11.0251557303247
"Tholen","GM0716",2020-12-04,50,50,49,49,49,45,2020-11-01,5,0,1,1,100,"&#x279A;",25962,0,3.85178337570295,3.85178337570295
"Veere","GM0717",2020-12-04,10,10,10,10,9,8,2020-11-01,2,0,0,1,-100,"&#x2798;",22002,0,0,4.54504135987638
"Vlissingen","GM0718",2020-12-04,17,17,16,16,16,12,2020-11-01,5,0,1,1,100,"&#x279A;",44245,0,2.26014238897051,2.26014238897051
"De Ronde Venen","GM0736",2020-12-04,70,70,67,67,65,53,2020-11-01,17,0,3,5,50,"&#x279A;",44619,0,6.7235930881463,11.2059884802438
"Tytsjerksteradiel","GM0737",2020-12-04,9,9,8,8,8,7,2020-11-01,2,0,1,1,100,"&#x279A;",32059,0,3.11924888486852,3.11924888486852
"Asten","GM0743",2020-12-04,21,21,20,20,20,18,2020-11-01,3,0,1,1,100,"&#x279A;",16746,0,5.97157530156455,5.97157530156455
"Baarle-Nassau","GM0744",2020-12-04,11,11,11,10,10,9,2020-11-01,2,0,0,1,-100,"&#x2798;",6917,0,0,14.4571345959231
"Bergen op Zoom","GM0748",2020-12-04,62,61,56,56,53,47,2020-11-01,15,1,6,9,100,"&#x279A;",67670,1.47775971627013,8.86655829762081,13.2998374464312
"Best","GM0753",2020-12-04,39,37,37,37,36,35,2020-11-01,4,2,2,3,100,"&#x279A;",30106,6.64319404769813,6.64319404769813,9.9647910715472
"Boekel","GM0755",2020-12-04,36,36,36,36,36,36,2020-11-01,0,0,0,0,0,"-",10912,0,0,0
"Boxmeer","GM0756",2020-12-04,25,25,25,25,25,23,2020-11-01,2,0,0,0,0,"-",29549,0,0,0
"Boxtel","GM0757",2020-12-04,31,31,30,29,28,24,2020-11-01,7,0,1,3,-50,"&#x2798;",30851,0,3.24138601666072,9.72415804998217
"Breda","GM0758",2020-12-04,202,202,200,200,198,184,2020-11-01,18,0,2,4,0,"-",184306,0,1.08515186700379,2.17030373400757
"Deurne","GM0762",2020-12-04,63,63,61,61,61,58,2020-11-01,5,0,2,2,200,"&#x279A;",32459,0,6.16161927354509,6.16161927354509
"Pekela","GM0765",2020-12-04,7,7,7,7,7,6,2020-11-01,1,0,0,0,0,"-",12155,0,0,0
"Dongen","GM0766",2020-12-04,38,37,36,36,35,30,2020-11-01,8,1,2,3,100,"&#x279A;",26332,3.79766064104512,7.59532128209023,11.3929819231353
"Eersel","GM0770",2020-12-04,36,36,36,36,35,32,2020-11-01,4,0,0,1,-100,"&#x2798;",19469,0,0,5.13637064050542
"Eindhoven","GM0772",2020-12-04,247,246,241,239,229,210,2020-11-01,37,1,6,18,-50,"&#x2798;",235465,0.424691567748922,2.54814940649353,7.6444482194806
"Etten-Leur","GM0777",2020-12-04,58,57,56,56,56,51,2020-11-01,7,1,2,2,200,"&#x279A;",43936,2.27603787327021,4.55207574654042,4.55207574654042
"Geertruidenberg","GM0779",2020-12-04,18,18,18,18,18,17,2020-11-01,1,0,0,0,0,"-",21749,0,0,0
"Gilze en Rijen","GM0784",2020-12-04,29,29,28,28,27,24,2020-11-01,5,0,1,2,0,"-",26800,0,3.73134328358209,7.46268656716418
"Goirle","GM0785",2020-12-04,36,37,37,37,37,35,2020-11-01,1,-1,-1,-1,-100,"&#x2798;",23839,-4.19480682914552,-4.19480682914552,-4.19480682914552
"Grave","GM0786",2020-12-04,28,28,28,28,28,24,2020-11-01,4,0,0,0,0,"-",12456,0,0,0
"Haaren","GM0788",2020-12-04,22,22,20,20,20,20,2020-11-01,2,0,2,2,200,"&#x279A;",14333,0,13.9538128793693,13.9538128793693
"Helmond","GM0794",2020-12-04,139,139,139,139,135,124,2020-11-01,15,0,0,4,-100,"&#x2798;",92475,0,0,4.32549337658827
"'s-Hertogenbosch","GM0796",2020-12-04,169,169,162,161,158,153,2020-11-01,16,0,7,11,75,"&#x279A;",155586,0,4.49911945804893,7.07004486264831
"Heusden","GM0797",2020-12-04,61,61,57,57,56,50,2020-11-01,11,0,4,5,300,"&#x279A;",44956,0,8.89758875344782,11.1219859418098
"Hilvarenbeek","GM0798",2020-12-04,17,17,17,17,17,15,2020-11-01,2,0,0,0,0,"-",15644,0,0,0
"Loon op Zand","GM0809",2020-12-04,36,36,35,35,34,30,2020-11-01,6,0,1,2,0,"-",23447,0,4.2649379451529,8.5298758903058
"Mill en Sint Hubert","GM0815",2020-12-04,14,14,14,14,14,9,2020-11-01,5,0,0,0,0,"-",10990,0,0,0
"Nuenen, Gerwen en Nederwetten","GM0820",2020-12-04,22,22,22,22,21,20,2020-11-01,2,0,0,1,-100,"&#x2798;",23629,0,0,4.23208768885691
"Oirschot","GM0823",2020-12-04,20,20,19,18,18,17,2020-11-01,3,0,1,2,0,"-",18836,0,5.30898279889573,10.6179655977915
"Oisterwijk","GM0824",2020-12-04,30,29,29,29,29,27,2020-11-01,3,1,1,1,100,"&#x279A;",26427,3.78400877890037,3.78400877890037,3.78400877890037
"Oosterhout","GM0826",2020-12-04,56,56,55,55,54,52,2020-11-01,4,0,1,2,0,"-",56191,0,1.77964442704348,3.55928885408695
"Oss","GM0828",2020-12-04,193,192,192,192,191,177,2020-11-01,16,1,1,2,0,"-",92356,1.08276668543462,1.08276668543462,2.16553337086925
"Rucphen","GM0840",2020-12-04,22,22,20,20,19,16,2020-11-01,6,0,2,3,100,"&#x279A;",23043,0,8.67942542203706,13.0191381330556
"Sint-Michielsgestel","GM0845",2020-12-04,39,39,39,39,39,37,2020-11-01,2,0,0,0,0,"-",29478,0,0,0
"Someren","GM0847",2020-12-04,36,36,36,36,35,34,2020-11-01,2,0,0,1,-100,"&#x2798;",19325,0,0,5.17464424320828
"Son en Breugel","GM0848",2020-12-04,32,32,32,32,32,31,2020-11-01,1,0,0,0,0,"-",17504,0,0,0
"Steenbergen","GM0851",2020-12-04,20,20,20,20,19,18,2020-11-01,2,0,0,1,-100,"&#x2798;",24353,0,0,4.10627027470948
"Waterland","GM0852",2020-12-04,24,24,24,24,24,21,2020-11-01,3,0,0,0,0,"-",17374,0,0,0
"Tilburg","GM0855",2020-12-04,314,314,308,306,301,278,2020-11-01,36,0,6,13,-14.2857142857143,"&#x2798;",220589,0,2.71999057069936,5.89331290318194
"Uden","GM0856",2020-12-04,120,120,119,118,117,116,2020-11-01,4,0,1,3,-50,"&#x2798;",42195,0,2.36994904609551,7.10984713828653
"Valkenswaard","GM0858",2020-12-04,25,25,24,24,23,23,2020-11-01,2,0,1,2,0,"-",31253,0,3.19969282948837,6.39938565897674
"Veldhoven","GM0861",2020-12-04,43,43,41,41,40,38,2020-11-01,5,0,2,3,100,"&#x279A;",45662,0,4.3800096360212,6.5700144540318
"Vught","GM0865",2020-12-04,45,45,45,45,44,43,2020-11-01,2,0,0,1,-100,"&#x2798;",26794,0,0,3.7321788460103
"Waalre","GM0866",2020-12-04,9,9,9,9,9,8,2020-11-01,1,0,0,0,0,"-",17552,0,0,0
"Waalwijk","GM0867",2020-12-04,57,57,56,56,50,45,2020-11-01,12,0,1,7,-83.3333333333333,"&#x2798;",48895,0,2.0451988955926,14.3163922691482
"Woensdrecht","GM0873",2020-12-04,11,11,11,11,10,10,2020-11-01,1,0,0,1,-100,"&#x2798;",21936,0,0,4.55871626549964
"Zundert","GM0879",2020-12-04,30,30,30,30,28,27,2020-11-01,3,0,0,2,-100,"&#x2798;",22002,0,0,9.09008271975275
"Wormerland","GM0880",2020-12-04,24,24,24,24,24,21,2020-11-01,3,0,0,0,0,"-",16245,0,0,0
"Landgraaf","GM0882",2020-12-04,56,56,56,56,55,55,2020-11-01,1,0,0,1,-100,"&#x2798;",37277,0,0,2.68261930949379
"Beek","GM0888",2020-12-04,18,18,18,18,18,18,2020-11-01,0,0,0,0,0,"-",15929,0,0,0
"Beesel","GM0889",2020-12-04,23,23,23,23,23,20,2020-11-01,3,0,0,0,0,"-",13431,0,0,0
"Bergen (L.)","GM0893",2020-12-04,12,12,12,12,12,10,2020-11-01,2,0,0,0,0,"-",13105,0,0,0
"Brunssum","GM0899",2020-12-04,53,53,52,51,51,50,2020-11-01,3,0,1,2,0,"-",27698,0,3.61036897970973,7.22073795941945
"Gennep","GM0907",2020-12-04,18,18,18,18,18,17,2020-11-01,1,0,0,0,0,"-",16962,0,0,0
"Heerlen","GM0917",2020-12-04,137,137,137,137,136,131,2020-11-01,6,0,0,1,-100,"&#x2798;",86825,0,0,1.15174200978981
"Kerkrade","GM0928",2020-12-04,77,77,77,77,76,70,2020-11-01,7,0,0,1,-100,"&#x2798;",45513,0,0,2.19717443367829
"Maastricht","GM0935",2020-12-04,213,214,210,210,207,200,2020-11-01,13,-1,3,6,0,"-",120332,-0.831034138882425,2.49310241664728,4.98620483329455
"Meerssen","GM0938",2020-12-04,25,25,24,24,24,23,2020-11-01,2,0,1,1,100,"&#x279A;",18717,0,5.34273654966074,5.34273654966074
"Mook en Middelaar","GM0944",2020-12-04,9,9,9,9,8,8,2020-11-01,1,0,0,1,-100,"&#x2798;",7896,0,0,12.6646403242148
"Nederweert","GM0946",2020-12-04,37,37,37,37,37,34,2020-11-01,3,0,0,0,0,"-",17156,0,0,0
"Roermond","GM0957",2020-12-04,66,66,66,66,66,65,2020-11-01,1,0,0,0,0,"-",58748,0,0,0
"Simpelveld","GM0965",2020-12-04,21,20,20,20,20,19,2020-11-01,2,1,1,1,100,"&#x279A;",10517,9.5084149472283,9.5084149472283,9.5084149472283
"Stein","GM0971",2020-12-04,51,51,50,50,49,49,2020-11-01,2,0,1,2,0,"-",24904,0,4.0154192097655,8.030838419531
"Vaals","GM0981",2020-12-04,11,11,10,10,10,10,2020-11-01,1,0,1,1,100,"&#x279A;",10017,0,9.98302885095338,9.98302885095338
"Venlo","GM0983",2020-12-04,153,153,152,151,149,144,2020-11-01,9,0,1,4,-66.6666666666667,"&#x2798;",101928,0,0.981084687230202,3.92433874892081
"Venray","GM0984",2020-12-04,46,46,44,44,43,42,2020-11-01,4,0,2,3,100,"&#x279A;",43715,0,4.57508864234245,6.86263296351367
"Voerendaal","GM0986",2020-12-04,18,18,18,18,18,17,2020-11-01,1,0,0,0,0,"-",12485,0,0,0
"Weert","GM0988",2020-12-04,84,84,84,84,83,72,2020-11-01,12,0,0,1,-100,"&#x2798;",50053,0,0,1.99788224482049
"Valkenburg aan de Geul","GM0994",2020-12-04,23,23,23,23,23,20,2020-11-01,3,0,0,0,0,"-",16415,0,0,0
"Lelystad","GM0995",2020-12-04,95,95,95,95,95,85,2020-11-01,10,0,0,0,0,"-",79573,0,0,0
"Horst aan de Maas","GM1507",2020-12-04,49,49,47,47,47,44,2020-11-01,5,0,2,2,200,"&#x279A;",42439,0,4.71264638657838,4.71264638657838
"Oude IJsselstreek","GM1509",2020-12-04,27,27,27,27,25,25,2020-11-01,2,0,0,2,-100,"&#x2798;",39336,0,0,5.08440105755542
"Teylingen","GM1525",2020-12-04,24,24,24,24,21,19,2020-11-01,5,0,0,3,-100,"&#x2798;",37699,0,0,7.95777076315022
"Utrechtse Heuvelrug","GM1581",2020-12-04,37,36,35,34,33,33,2020-11-01,4,1,2,4,0,"-",49928,2.00288415318058,4.00576830636116,8.01153661272232
"Oost Gelre","GM1586",2020-12-04,23,23,23,23,22,21,2020-11-01,2,0,0,1,-100,"&#x2798;",29638,0,0,3.37404683177003
"Koggenland","GM1598",2020-12-04,12,12,12,12,12,9,2020-11-01,3,0,0,0,0,"-",22915,0,0,0
"Lansingerland","GM1621",2020-12-04,59,59,58,57,57,51,2020-11-01,8,0,1,2,0,"-",63143,0,1.58370682419271,3.16741364838541
"Leudal","GM1640",2020-12-04,57,57,57,57,57,54,2020-11-01,3,0,0,0,0,"-",35979,0,0,0
"Maasgouw","GM1641",2020-12-04,28,28,28,28,28,28,2020-11-01,0,0,0,0,0,"-",23938,0,0,0
"Gemert-Bakel","GM1652",2020-12-04,80,80,80,80,80,79,2020-11-01,1,0,0,0,0,"-",30724,0,0,0
"Halderberge","GM1655",2020-12-04,32,32,32,32,31,26,2020-11-01,6,0,0,1,-100,"&#x2798;",30419,0,0,3.28741904730596
"Heeze-Leende","GM1658",2020-12-04,19,19,19,19,19,18,2020-11-01,1,0,0,0,0,"-",16191,0,0,0
"Laarbeek","GM1659",2020-12-04,42,42,42,42,42,42,2020-11-01,0,0,0,0,0,"-",22731,0,0,0
"Reusel-De Mierden","GM1667",2020-12-04,17,17,15,15,15,15,2020-11-01,2,0,2,2,200,"&#x279A;",13114,0,15.2508769254232,15.2508769254232
"Roerdalen","GM1669",2020-12-04,28,28,28,28,28,27,2020-11-01,1,0,0,0,0,"-",20557,0,0,0
"Roosendaal","GM1674",2020-12-04,62,61,59,58,54,46,2020-11-01,16,1,3,8,-40,"&#x2798;",77288,1.293861919056,3.88158575716799,10.350895352448
"Schouwen-Duiveland","GM1676",2020-12-04,16,16,16,16,16,13,2020-11-01,3,0,0,0,0,"-",33979,0,0,0
"Aa en Hunze","GM1680",2020-12-04,1,1,1,1,1,1,2020-11-01,0,0,0,0,0,"-",25380,0,0,0
"Borger-Odoorn","GM1681",2020-12-04,9,9,9,9,9,8,2020-11-01,1,0,0,0,0,"-",25572,0,0,0
"Cuijk","GM1684",2020-12-04,20,20,19,19,19,18,2020-11-01,2,0,1,1,100,"&#x279A;",25325,0,3.94866732477789,3.94866732477789
"Landerd","GM1685",2020-12-04,44,44,44,43,42,42,2020-11-01,2,0,0,2,-100,"&#x2798;",15807,0,0,12.6526222559625
"De Wolden","GM1690",2020-12-04,16,16,16,16,16,16,2020-11-01,0,0,0,0,0,"-",24372,0,0,0
"Noord-Beveland","GM1695",2020-12-04,3,3,3,2,1,1,2020-11-01,2,0,0,2,-100,"&#x2798;",7552,0,0,26.4830508474576
"Wijdemeren","GM1696",2020-12-04,14,14,14,14,14,11,2020-11-01,3,0,0,0,0,"-",24414,0,0,0
"Noordenveld","GM1699",2020-12-04,7,7,7,7,7,6,2020-11-01,1,0,0,0,0,"-",31256,0,0,0
"Twenterand","GM1700",2020-12-04,16,16,16,16,15,12,2020-11-01,4,0,0,1,-100,"&#x2798;",33710,0,0,2.96647878967665
"Westerveld","GM1701",2020-12-04,10,10,10,10,10,9,2020-11-01,1,0,0,0,0,"-",19585,0,0,0
"Sint Anthonis","GM1702",2020-12-04,21,21,21,21,21,21,2020-11-01,0,0,0,0,0,"-",11683,0,0,0
"Lingewaard","GM1705",2020-12-04,46,46,45,45,43,38,2020-11-01,8,0,1,3,-50,"&#x2798;",46726,0,2.14013611265676,6.42040833797029
"Cranendonck","GM1706",2020-12-04,65,65,65,65,65,63,2020-11-01,2,0,0,0,0,"-",20983,0,0,0
"Steenwijkerland","GM1708",2020-12-04,18,18,18,18,18,15,2020-11-01,3,0,0,0,0,"-",44286,0,0,0
"Moerdijk","GM1709",2020-12-04,26,26,24,24,24,20,2020-11-01,6,0,2,2,200,"&#x279A;",37203,0,5.37591054484853,5.37591054484853
"Echt-Susteren","GM1711",2020-12-04,44,44,44,44,44,43,2020-11-01,1,0,0,0,0,"-",31743,0,0,0
"Sluis","GM1714",2020-12-04,16,16,15,15,15,10,2020-11-01,6,0,1,1,100,"&#x279A;",23166,0,4.31667098333765,4.31667098333765
"Drimmelen","GM1719",2020-12-04,28,28,28,27,24,21,2020-11-01,7,0,0,4,-100,"&#x2798;",27285,0,0,14.6600696353308
"Bernheze","GM1721",2020-12-04,101,101,101,101,101,98,2020-11-01,3,0,0,0,0,"-",31402,0,0,0
"Alphen-Chaam","GM1723",2020-12-04,20,20,20,20,19,18,2020-11-01,2,0,0,1,-100,"&#x2798;",10322,0,0,9.68804495252858
"Bergeijk","GM1724",2020-12-04,22,22,21,21,21,20,2020-11-01,2,0,1,1,100,"&#x279A;",18712,0,5.34416417272339,5.34416417272339
"Bladel","GM1728",2020-12-04,25,25,25,25,24,23,2020-11-01,2,0,0,1,-100,"&#x2798;",20558,0,0,4.86428640918377
"Gulpen-Wittem","GM1729",2020-12-04,27,26,26,26,26,24,2020-11-01,3,1,1,1,100,"&#x279A;",14205,7.03977472720873,7.03977472720873,7.03977472720873
"Tynaarlo","GM1730",2020-12-04,13,13,12,12,12,11,2020-11-01,2,0,1,1,100,"&#x279A;",33858,0,2.95351172544155,2.95351172544155
"Midden-Drenthe","GM1731",2020-12-04,8,8,8,8,8,6,2020-11-01,2,0,0,0,0,"-",33309,0,0,0
"Overbetuwe","GM1734",2020-12-04,63,62,62,62,62,62,2020-11-01,1,1,1,1,100,"&#x279A;",48085,2.07965061869606,2.07965061869606,2.07965061869606
"Hof van Twente","GM1735",2020-12-04,24,24,24,23,21,20,2020-11-01,4,0,0,3,-100,"&#x2798;",35063,0,0,8.55602772152982
"Neder-Betuwe","GM1740",2020-12-04,46,46,46,46,45,44,2020-11-01,2,0,0,1,-100,"&#x2798;",24560,0,0,4.07166123778502
"Rijssen-Holten","GM1742",2020-12-04,32,32,32,32,31,30,2020-11-01,2,0,0,1,-100,"&#x2798;",38202,0,0,2.61766399664939
"Geldrop-Mierlo","GM1771",2020-12-04,44,44,43,42,42,37,2020-11-01,7,0,1,2,0,"-",40040,0,2.4975024975025,4.99500499500499
"Olst-Wijhe","GM1773",2020-12-04,12,12,12,12,12,12,2020-11-01,0,0,0,0,0,"-",18335,0,0,0
"Dinkelland","GM1774",2020-12-04,24,24,24,23,23,21,2020-11-01,3,0,0,1,-100,"&#x2798;",26565,0,0,3.76435159043855
"Westland","GM1783",2020-12-04,103,102,100,98,93,75,2020-11-01,28,1,3,10,-57.1428571428571,"&#x2798;",111307,0.898416092429048,2.69524827728714,8.98416092429048
"Midden-Delfland","GM1842",2020-12-04,13,13,12,12,11,8,2020-11-01,5,0,1,2,0,"-",19389,0,5.15756356697096,10.3151271339419
"Berkelland","GM1859",2020-12-04,27,27,26,26,25,19,2020-11-01,8,0,1,2,0,"-",43834,0,2.28133412419583,4.56266824839166
"Bronckhorst","GM1876",2020-12-04,20,20,20,20,20,18,2020-11-01,2,0,0,0,0,"-",36106,0,0,0
"Sittard-Geleen","GM1883",2020-12-04,138,137,135,135,132,128,2020-11-01,10,1,3,6,0,"-",91816,1.08913479132177,3.26740437396532,6.53480874793064
"Kaag en Braassem","GM1884",2020-12-04,12,12,11,10,10,9,2020-11-01,3,0,1,2,0,"-",27555,0,3.62910542551261,7.25821085102522
"Dantumadiel","GM1891",2020-12-04,2,2,2,2,2,2,2020-11-01,0,0,0,0,0,"-",18920,0,0,0
"Zuidplas","GM1892",2020-12-04,47,47,45,44,41,32,2020-11-01,15,0,2,6,-50,"&#x2798;",44938,0,4.45057634963728,13.3517290489118
"Peel en Maas","GM1894",2020-12-04,148,148,148,148,147,146,2020-11-01,2,0,0,1,-100,"&#x2798;",43644,0,0,2.29126569517001
"Oldambt","GM1895",2020-12-04,11,11,11,11,11,10,2020-11-01,1,0,0,0,0,"-",38258,0,0,0
"Zwartewaterland","GM1896",2020-12-04,38,38,36,36,36,35,2020-11-01,3,0,2,2,200,"&#x279A;",22770,0,8.78348704435661,8.78348704435661
"Súdwest-Fryslân","GM1900",2020-12-04,26,26,26,26,24,22,2020-11-01,4,0,0,2,-100,"&#x2798;",89924,0,0,2.22410035140786
"Bodegraven-Reeuwijk","GM1901",2020-12-04,27,27,26,26,23,15,2020-11-01,12,0,1,4,-66.6666666666667,"&#x2798;",35205,0,2.84050560999858,11.3620224399943
"Eijsden-Margraten","GM1903",2020-12-04,61,61,61,61,61,59,2020-11-01,2,0,0,0,0,"-",25869,0,0,0
"Stichtse Vecht","GM1904",2020-12-04,67,67,62,62,62,51,2020-11-02,16,0,5,5,500,"&#x279A;",65209,0,7.66765323804996,7.66765323804996
"Hollands Kroon","GM1911",2020-12-04,32,32,32,32,31,26,2020-11-01,6,0,0,1,-100,"&#x2798;",48518,0,0,2.0610907292139
"Leidschendam-Voorburg","GM1916",2020-12-04,65,64,56,54,52,41,2020-11-01,24,1,9,13,125,"&#x279A;",76468,1.30773656954543,11.7696291259089,17.0005754040906
"Goeree-Overflakkee","GM1924",2020-12-04,74,73,71,70,70,61,2020-11-01,13,1,3,4,200,"&#x279A;",50454,1.98200340904586,5.94601022713759,7.92801363618345
"Pijnacker-Nootdorp","GM1926",2020-12-04,39,39,37,37,37,32,2020-11-01,7,0,2,2,200,"&#x279A;",55441,0,3.6074385382659,3.6074385382659
"Nissewaard","GM1930",2020-12-04,90,90,89,89,86,74,2020-11-01,16,0,1,4,-66.6666666666667,"&#x2798;",85315,0,1.17212682412237,4.68850729648948
"Krimpenerwaard","GM1931",2020-12-04,70,70,70,70,67,58,2020-11-01,12,0,0,3,-100,"&#x2798;",56427,0,0,5.31660375352225
"De Fryske Marren","GM1940",2020-12-04,26,26,26,26,26,24,2020-11-01,2,0,0,0,0,"-",51662,0,0,0
"Gooise Meren","GM1942",2020-12-04,36,36,34,34,33,29,2020-11-01,7,0,2,3,100,"&#x279A;",58378,0,3.42594813114529,5.13892219671794
"Berg en Dal","GM1945",2020-12-04,43,43,43,43,42,41,2020-11-01,2,0,0,1,-100,"&#x2798;",34987,0,0,2.85820447594821
"Meierijstad","GM1948",2020-12-04,224,224,223,223,223,217,2020-11-01,7,0,1,1,100,"&#x279A;",81579,0,1.22580566077054,1.22580566077054
"Waadhoeke","GM1949",2020-12-04,18,18,18,18,17,15,2020-11-01,3,0,0,1,-100,"&#x2798;",46115,0,0,2.1684918139434
"Westerwolde","GM1950",2020-12-04,14,14,12,12,12,12,2020-11-01,2,0,2,2,200,"&#x279A;",25595,0,7.81402617698769,7.81402617698769
"Midden-Groningen","GM1952",2020-12-04,17,17,17,17,15,10,2020-11-01,7,0,0,2,-100,"&#x2798;",60723,0,0,3.29364491214202
"Beekdaelen","GM1954",2020-12-04,55,55,55,55,53,52,2020-11-01,3,0,0,2,-100,"&#x2798;",36038,0,0,5.54969754148399
"Montferland","GM1955",2020-12-04,27,27,27,27,27,25,2020-11-01,2,0,0,0,0,"-",36043,0,0,0
"Altena","GM1959",2020-12-04,49,48,47,46,44,40,2020-11-01,9,1,2,5,-33.3333333333333,"&#x2798;",56278,1.77689327978962,3.55378655957923,8.88446639894808
"West Betuwe","GM1960",2020-12-04,67,67,65,65,63,54,2020-11-01,13,0,2,4,0,"-",51431,0,3.88870525558515,7.77741051117031
"Vijfheerenlanden","GM1961",2020-12-04,57,57,56,56,55,48,2020-11-01,9,0,1,2,0,"-",57665,0,1.73415416630538,3.46830833261077
"Hoeksche Waard","GM1963",2020-12-04,88,88,86,86,84,84,2020-11-15,4,0,2,4,0,"-",87781,0,2.27839737528622,4.55679475057245
"Het Hogeland","GM1966",2020-12-04,10,10,10,10,10,7,2020-11-01,3,0,0,0,0,"-",47821,0,0,0
"Westerkwartier","GM1969",2020-12-04,21,21,20,20,20,19,2020-11-01,2,0,1,1,100,"&#x279A;",63533,0,1.57398517305967,1.57398517305967
"Noardeast-Fryslân","GM1970",2020-12-04,12,12,10,10,9,7,2020-11-01,5,0,2,3,100,"&#x279A;",45479,0,4.3976340728688,6.59645110930319
"Molenlanden","GM1978",2020-12-04,20,20,19,19,20,19,2020-11-23,1,0,1,0,100,"&#x279A;",44042,0,2.27055992007629,0
