"municipality","Municipality_code","date","d0","d1","d7","d8","d14","dec1","lowest_since_dec1","lowest_since_dec1_date","current","increase_1d","increase_7d","increase_14d","increase_growth","growth","population","rel_increase_1d","rel_increase_7d","rel_increase_14d"
"Netherlands","",2021-01-02,34732,34581,32776,32535,30913,27847,27847,2020-12-01,6885,151,1956,3819,4.99194847020934,"-",17443797,0.865637223363698,11.2131550258238,21.893169245205
"Unknown","",2021-01-02,980,979,939,935,879,787,787,2020-12-01,193,1,41,101,-31.6666666666667,"➘",NA,NA,NA,NA
"Appingedam","GM0003",2021-01-02,13,13,13,13,12,10,10,2020-12-01,3,0,0,1,-100,"➘",11524,0,0,8.67754251995835
"Delfzijl","GM0010",2021-01-02,37,37,29,27,24,12,12,2020-12-01,25,0,8,13,60,"➚",24590,0,32.5335502236682,52.8670191134608
"Groningen","GM0014",2021-01-02,117,117,108,108,97,76,76,2020-12-01,41,0,9,20,-18.1818181818182,"➘",233441,0,3.8553638820944,8.56747529354312
"Loppersum","GM0024",2021-01-02,4,4,4,4,4,3,3,2020-12-01,1,0,0,0,0,"-",9476,0,0,0
"Almere","GM0034",2021-01-02,123,122,105,104,101,86,86,2020-12-01,37,1,18,22,350,"➚",214339,0.466550651071434,8.3979117192858,10.2641143235715
"Stadskanaal","GM0037",2021-01-02,34,34,32,32,28,21,21,2020-12-01,13,0,2,6,-50,"➘",31679,0,6.31333059755674,18.9399917926702
"Veendam","GM0047",2021-01-02,25,25,20,19,17,13,13,2020-12-01,12,0,5,8,66.6666666666667,"➚",27395,0,18.2515057492243,29.2024091987589
"Zeewolde","GM0050",2021-01-02,33,33,28,28,25,20,20,2020-12-01,13,0,5,8,66.6666666666667,"➚",22767,0,21.9616111037906,35.1385777660649
"Achtkarspelen","GM0059",2021-01-02,17,17,14,14,12,10,10,2020-12-01,7,0,3,5,50,"➚",27880,0,10.7604017216643,17.9340028694405
"Ameland","GM0060",2021-01-02,3,3,0,0,0,0,0,2020-12-01,3,0,3,3,300,"➚",3759,0,79.8084596967279,79.8084596967279
"Harlingen","GM0072",2021-01-02,9,9,7,7,7,7,7,2020-12-01,2,0,2,2,200,"➚",15830,0,12.6342387871131,12.6342387871131
"Heerenveen","GM0074",2021-01-02,42,41,38,38,36,32,32,2020-12-01,10,1,4,6,100,"➚",50603,1.9761674209039,7.9046696836156,11.8570045254234
"Leeuwarden","GM0080",2021-01-02,88,88,73,73,70,65,65,2020-12-01,23,0,15,18,400,"➚",124427,0,12.0552613178812,14.4663135814574
"Ooststellingwerf","GM0085",2021-01-02,21,21,20,20,19,16,16,2020-12-01,5,0,1,2,0,"-",25398,0,3.93731789904717,7.87463579809434
"Opsterland","GM0086",2021-01-02,23,23,21,20,19,16,16,2020-12-01,7,0,2,4,0,"-",29815,0,6.70803286936106,13.4160657387221
"Schiermonnikoog","GM0088",2021-01-02,1,1,1,1,1,1,1,2020-12-01,0,0,0,0,0,"-",938,0,0,0
"Smallingerland","GM0090",2021-01-02,41,41,39,36,33,29,29,2020-12-01,12,0,2,8,-66.6666666666667,"➘",56069,0,3.56703347660918,14.2681339064367
"Terschelling","GM0093",2021-01-02,1,1,1,1,1,1,1,2020-12-01,0,0,0,0,0,"-",4887,0,0,0
"Vlieland","GM0096",2021-01-02,0,0,0,0,0,0,0,2020-12-01,0,0,0,0,0,"-",1199,0,0,0
"Weststellingwerf","GM0098",2021-01-02,15,15,14,14,12,10,10,2020-12-01,5,0,1,3,-50,"➘",26094,0,3.8322986127079,11.4968958381237
"Assen","GM0106",2021-01-02,55,55,46,46,43,35,35,2020-12-01,20,0,9,12,200,"➚",68808,0,13.0798744332054,17.4398325776073
"Coevorden","GM0109",2021-01-02,48,48,42,41,38,28,28,2020-12-01,20,0,6,10,50,"➚",35306,0,16.9942785928737,28.3237976547896
"Emmen","GM0114",2021-01-02,148,148,142,141,133,117,117,2020-12-01,31,0,6,15,-33.3333333333333,"➘",107019,0,5.60648109214252,14.0162027303563
"Hoogeveen","GM0118",2021-01-02,86,86,74,71,63,55,55,2020-12-01,31,0,12,23,9.09090909090908,"➚",55562,0,21.5974946906159,41.3951981570138
"Meppel","GM0119",2021-01-02,21,21,15,13,12,11,11,2020-12-01,10,0,6,9,100,"➚",34291,0,17.497302499198,26.2459537487971
"Almelo","GM0141",2021-01-02,219,214,207,203,194,166,166,2020-12-01,53,5,12,25,-7.69230769230769,"➘",73184,6.83209444687363,16.3970266724967,34.1604722343682
"Borne","GM0147",2021-01-02,53,52,48,48,44,38,38,2020-12-01,15,1,5,9,25,"➚",23592,4.23872499152255,21.1936249576128,38.148524923703
"Dalfsen","GM0148",2021-01-02,26,25,22,21,19,13,13,2020-12-01,13,1,4,7,33.3333333333333,"➚",28925,3.45721694036301,13.828867761452,24.2005185825411
"Deventer","GM0150",2021-01-02,180,179,169,167,156,132,132,2020-12-01,48,1,11,24,-15.3846153846154,"➘",101081,0.989305606394871,10.8823616703436,23.7433345534769
"Enschede","GM0153",2021-01-02,327,323,305,296,279,238,238,2020-12-01,89,4,22,48,-15.3846153846154,"➘",159916,2.50131318942445,13.7572225418345,30.0157582730934
"Haaksbergen","GM0158",2021-01-02,59,59,57,57,53,47,47,2020-12-01,12,0,2,6,-50,"➘",24265,0,8.2423243354626,24.7269730063878
"Hardenberg","GM0160",2021-01-02,76,76,62,61,54,47,47,2020-12-01,29,0,14,22,75,"➚",61249,0,22.8575160410782,35.9189537788372
"Hellendoorn","GM0163",2021-01-02,56,56,51,51,48,37,37,2020-12-01,19,0,5,8,66.6666666666667,"➚",35930,0,13.9159476760367,22.2655162816588
"Hengelo","GM0164",2021-01-02,162,160,148,147,139,127,127,2020-12-01,35,2,14,23,55.5555555555556,"➚",81138,2.46493628139713,17.2545539697799,28.3467672360669
"Kampen","GM0166",2021-01-02,47,47,44,43,41,40,40,2020-12-01,7,0,3,6,0,"-",54423,0,5.51237528250923,11.0247505650185
"Losser","GM0168",2021-01-02,63,63,62,61,56,41,41,2020-12-01,22,0,1,7,-83.3333333333333,"➘",22852,0,4.37598459653422,30.6318921757395
"Noordoostpolder","GM0171",2021-01-02,39,39,35,35,33,26,26,2020-12-01,13,0,4,6,100,"➚",47537,0,8.41449818036477,12.6217472705472
"Oldenzaal","GM0173",2021-01-02,82,81,78,78,70,58,58,2020-12-01,24,1,4,12,-50,"➘",31728,3.15179021684317,12.6071608673727,37.821482602118
"Ommen","GM0175",2021-01-02,29,28,26,26,19,19,19,2020-12-01,10,1,3,10,-57.1428571428571,"➘",18264,5.47525186158563,16.4257555847569,54.7525186158563
"Raalte","GM0177",2021-01-02,49,49,47,46,41,36,36,2020-12-01,13,0,2,8,-66.6666666666667,"➘",37859,0,5.28275971367442,21.1310388546977
"Staphorst","GM0180",2021-01-02,24,24,19,18,16,15,15,2020-12-01,9,0,5,8,66.6666666666667,"➚",17259,0,28.9703922591112,46.3526276145779
"Tubbergen","GM0183",2021-01-02,47,47,44,44,42,39,39,2020-12-01,8,0,3,5,50,"➚",21323,0,14.0693148243681,23.4488580406134
"Urk","GM0184",2021-01-02,62,62,60,60,55,45,45,2020-12-01,17,0,2,7,-60,"➘",21184,0,9.44108761329305,33.0438066465257
"Wierden","GM0189",2021-01-02,59,58,57,54,49,38,38,2020-12-01,21,1,2,10,-75,"➘",24540,4.07497962510187,8.14995925020375,40.7497962510187
"Zwolle","GM0193",2021-01-02,70,69,56,55,49,45,45,2020-12-01,25,1,14,21,100,"➚",129561,0.771837204096912,10.8057208573568,16.2085812860352
"Aalten","GM0197",2021-01-02,37,37,32,32,29,24,24,2020-12-01,13,0,5,8,66.6666666666667,"➚",27128,0,18.4311412562666,29.4898260100265
"Apeldoorn","GM0200",2021-01-02,285,285,262,261,250,224,224,2020-12-01,61,0,23,35,91.6666666666667,"➚",164609,0,13.972504541064,21.2625069103147
"Arnhem","GM0202",2021-01-02,116,116,106,106,101,67,67,2020-12-01,49,0,10,15,100,"➚",162299,0,6.16146741507958,9.24220112261936
"Barneveld","GM0203",2021-01-02,84,84,79,79,72,64,64,2020-12-01,20,0,5,12,-28.5714285714286,"➘",59846,0,8.3547772616382,20.0514654279317
"Beuningen","GM0209",2021-01-02,47,47,42,41,40,37,37,2020-12-01,10,0,5,7,150,"➚",26156,0,19.1160727940052,26.7625019116073
"Brummen","GM0213",2021-01-02,32,32,24,24,23,21,21,2020-12-01,11,0,8,9,700,"➚",20854,0,38.361944950609,43.1571880694351
"Buren","GM0214",2021-01-02,67,67,63,62,57,47,47,2020-12-01,20,0,4,10,-33.3333333333333,"➘",26992,0,14.819205690575,37.0480142264375
"Culemborg","GM0216",2021-01-02,71,71,71,71,67,60,60,2020-12-01,11,0,0,4,-100,"➘",29103,0,0,13.7442875304951
"Doesburg","GM0221",2021-01-02,16,15,14,14,13,10,10,2020-12-01,6,1,2,3,100,"➚",11028,9.06782734856728,18.1356546971346,27.2034820457019
"Doetinchem","GM0222",2021-01-02,84,82,73,73,71,66,66,2020-12-01,18,2,11,13,450,"➚",58220,3.43524562006183,18.8938509103401,22.3290965304019
"Druten","GM0225",2021-01-02,60,59,56,56,53,47,47,2020-12-01,13,1,4,7,33.3333333333333,"➚",18972,5.27092557453089,21.0837022981236,36.8964790217162
"Duiven","GM0226",2021-01-02,19,19,18,16,15,11,11,2020-12-01,8,0,1,4,-66.6666666666667,"➘",25079,0,3.98739981657961,15.9495992663184
"Ede","GM0228",2021-01-02,223,223,213,213,210,172,172,2020-12-01,51,0,10,13,233.333333333333,"➚",118461,0,8.44159681245304,10.974075856189
"Elburg","GM0230",2021-01-02,35,34,31,30,27,25,25,2020-12-01,10,1,4,8,0,"-",23394,4.27460032486962,17.0984012994785,34.196802598957
"Epe","GM0232",2021-01-02,67,67,63,62,57,49,49,2020-12-01,18,0,4,10,-33.3333333333333,"➘",33179,0,12.0558184393743,30.1395460984358
"Ermelo","GM0233",2021-01-02,71,71,64,64,59,53,53,2020-12-01,18,0,7,12,40,"➚",27028,0,25.8990676335652,44.3984016575403
"Harderwijk","GM0243",2021-01-02,117,117,102,102,91,80,80,2020-12-01,37,0,15,26,36.3636363636364,"➚",48637,0,30.8407179719144,53.4572444846516
"Hattem","GM0244",2021-01-02,10,10,10,10,10,9,9,2020-12-01,1,0,0,0,0,"-",12227,0,0,0
"Heerde","GM0246",2021-01-02,22,22,21,20,18,18,18,2020-12-01,4,0,1,4,-66.6666666666667,"➘",18749,0,5.33361779294896,21.3344711717958
"Heumen","GM0252",2021-01-02,40,40,39,38,37,33,33,2020-12-01,7,0,1,3,-50,"➘",16584,0,6.02990834539315,18.0897250361794
"Lochem","GM0262",2021-01-02,47,47,45,45,39,34,34,2020-12-01,13,0,2,8,-66.6666666666667,"➘",33869,0,5.90510496324072,23.6204198529629
"Maasdriel","GM0263",2021-01-02,49,49,48,48,46,42,42,2020-12-01,7,0,1,3,-50,"➘",25442,0,3.93050860781385,11.7915258234416
"Nijkerk","GM0267",2021-01-02,71,71,70,70,65,57,57,2020-12-01,14,0,1,6,-80,"➘",43527,0,2.29742458703793,13.7845475222276
"Nijmegen","GM0268",2021-01-02,358,356,347,344,331,308,308,2020-12-01,50,2,11,27,-31.25,"➘",177489,1.12683039512308,6.19756717317693,15.2122103341616
"Oldebroek","GM0269",2021-01-02,28,28,24,24,20,14,14,2020-12-01,14,0,4,8,0,"-",23715,0,16.8669618384988,33.7339236769977
"Putten","GM0273",2021-01-02,37,37,35,35,34,30,30,2020-12-01,7,0,2,3,100,"➚",24387,0,8.2010907450691,12.3016361176036
"Renkum","GM0274",2021-01-02,33,33,31,31,30,22,22,2020-12-01,11,0,2,3,100,"➚",31398,0,6.36983247340595,9.55474871010892
"Rheden","GM0275",2021-01-02,26,26,24,24,24,15,15,2020-12-01,11,0,2,2,200,"➚",43649,0,4.58200646062911,4.58200646062911
"Rozendaal","GM0277",2021-01-02,0,0,0,0,0,0,0,2020-12-01,0,0,0,0,0,"-",1719,0,0,0
"Scherpenzeel","GM0279",2021-01-02,10,10,10,10,9,9,9,2020-12-01,1,0,0,1,-100,"➘",10095,0,0,9.90589400693413
"Tiel","GM0281",2021-01-02,128,128,125,124,121,109,109,2020-12-01,19,0,3,7,-25,"➘",41907,0,7.15870856897416,16.7036533276064
"Voorst","GM0285",2021-01-02,53,53,49,49,42,35,35,2020-12-01,18,0,4,11,-42.8571428571429,"➘",24720,0,16.1812297734628,44.4983818770227
"Wageningen","GM0289",2021-01-02,54,54,53,53,50,47,47,2020-12-01,7,0,1,4,-66.6666666666667,"➘",39770,0,2.51445813427206,10.0578325370883
"Westervoort","GM0293",2021-01-02,16,16,16,16,15,9,9,2020-12-01,7,0,0,1,-100,"➘",15008,0,0,6.66311300639659
"Winterswijk","GM0294",2021-01-02,34,34,34,34,34,33,33,2020-12-01,1,0,0,0,0,"-",28937,0,0,0
"Wijchen","GM0296",2021-01-02,117,117,112,112,109,94,94,2020-12-01,23,0,5,8,66.6666666666667,"➚",41239,0,12.1244453066272,19.3991124906036
"Zaltbommel","GM0297",2021-01-02,55,55,52,52,46,40,40,2020-12-01,15,0,3,9,-50,"➘",29418,0,10.1978380583316,30.5935141749949
"Zevenaar","GM0299",2021-01-02,40,40,37,37,34,30,30,2020-12-01,10,0,3,6,0,"-",44098,0,6.80302961585559,13.6060592317112
"Zutphen","GM0301",2021-01-02,76,76,68,67,66,57,57,2020-12-01,19,0,8,10,300,"➚",48130,0,16.6216496987326,20.7770621234157
"Nunspeet","GM0302",2021-01-02,99,99,97,97,94,90,90,2020-12-01,9,0,2,5,-33.3333333333333,"➘",28011,0,7.14005212238049,17.8501303059512
"Dronten","GM0303",2021-01-02,75,75,68,68,61,52,52,2020-12-01,23,0,7,14,0,"-",41907,0,16.7036533276064,33.4073066552127
"Amersfoort","GM0307",2021-01-02,248,248,227,227,207,183,183,2020-12-01,65,0,21,41,5,"➚",157613,0,13.3237740541707,26.0130826771903
"Baarn","GM0308",2021-01-02,23,23,22,22,22,21,21,2020-12-01,2,0,1,1,100,"➚",24841,0,4.0256028340244,4.0256028340244
"De Bilt","GM0310",2021-01-02,78,78,74,74,72,65,65,2020-12-01,13,0,4,6,100,"➚",43372,0,9.22253988748501,13.8338098312275
"Bunnik","GM0312",2021-01-02,26,26,23,22,22,20,20,2020-12-01,6,0,3,4,200,"➚",15352,0,19.5414278269932,26.0552371026576
"Bunschoten","GM0313",2021-01-02,73,73,67,67,65,54,54,2020-12-01,19,0,6,8,200,"➚",22030,0,27.2355878347708,36.3141171130277
"Eemnes","GM0317",2021-01-02,2,2,2,2,2,1,1,2020-12-01,1,0,0,0,0,"-",9370,0,0,0
"Houten","GM0321",2021-01-02,71,69,62,62,61,56,56,2020-12-01,15,2,9,10,800,"➚",50236,3.98120869495979,17.9154391273191,19.9060434747989
"Leusden","GM0327",2021-01-02,33,33,30,29,27,23,23,2020-12-01,10,0,3,6,0,"-",30509,0,9.83316398439805,19.6663279687961
"Lopik","GM0331",2021-01-02,33,33,33,31,31,30,30,2020-12-01,3,0,0,2,-100,"➘",14434,0,0,13.8561729250381
"Montfoort","GM0335",2021-01-02,28,28,25,25,24,24,24,2020-12-01,4,0,3,4,200,"➚",13901,0,21.5811812099849,28.7749082799799
"Renswoude","GM0339",2021-01-02,6,6,6,6,5,4,4,2020-12-01,2,0,0,1,-100,"➘",5533,0,0,18.0733779143322
"Rhenen","GM0340",2021-01-02,35,35,33,33,30,27,27,2020-12-01,8,0,2,5,-33.3333333333333,"➘",20170,0,9.91571641051066,24.7892910262766
"Soest","GM0342",2021-01-02,80,80,72,71,66,61,61,2020-12-01,19,0,8,14,33.3333333333333,"➚",46905,0,17.0557509860356,29.8475642255623
"Utrecht","GM0344",2021-01-02,718,717,693,690,670,627,627,2020-12-01,91,1,25,48,8.69565217391304,"➚",359481,0.278178818908371,6.95447047270927,13.3525833076018
"Veenendaal","GM0345",2021-01-02,168,168,157,157,142,115,115,2020-12-01,53,0,11,26,-26.6666666666667,"➘",66905,0,16.441222629101,38.8610716687841
"Woudenberg","GM0351",2021-01-02,23,23,22,22,21,17,17,2020-12-01,6,0,1,2,0,"-",13602,0,7.35186002058521,14.7037200411704
"Wijk bij Duurstede","GM0352",2021-01-02,39,39,33,32,30,29,29,2020-12-01,10,0,6,9,100,"➚",23932,0,25.0710345980277,37.6065518970416
"IJsselstein","GM0353",2021-01-02,92,92,91,88,81,79,79,2020-12-01,13,0,1,11,-90,"➘",33901,0,2.94976549364326,32.4474204300758
"Zeist","GM0355",2021-01-02,105,104,97,96,91,81,81,2020-12-01,24,1,8,14,33.3333333333333,"➚",64980,1.5389350569406,12.3114804555248,21.5450907971684
"Nieuwegein","GM0356",2021-01-02,110,110,109,108,106,93,93,2020-12-01,17,0,1,4,-66.6666666666667,"➘",63821,0,1.56688237414017,6.26752949656069
"Aalsmeer","GM0358",2021-01-02,34,34,32,32,32,29,29,2020-12-01,5,0,2,2,200,"➚",31958,0,6.2582139057513,6.2582139057513
"Alkmaar","GM0361",2021-01-02,205,203,186,182,169,148,148,2020-12-01,57,2,19,36,11.7647058823529,"➚",109809,1.82134433425311,17.3027711754046,32.784198016556
"Amstelveen","GM0362",2021-01-02,140,140,140,140,138,132,132,2020-12-01,8,0,0,2,-100,"➘",90965,0,0,2.19864783158358
"Amsterdam","GM0363",2021-01-02,2219,2208,2126,2118,2040,1876,1876,2020-12-01,343,11,93,179,8.13953488372092,"➚",872939,1.26011095849767,10.6536653763894,20.5054419610076
"Beemster","GM0370",2021-01-02,11,11,10,10,10,9,9,2020-12-01,2,0,1,1,100,"➚",10062,0,9.93838203140529,9.93838203140529
"Bergen (NH.)","GM0373",2021-01-02,60,59,59,59,53,44,44,2020-12-01,16,1,1,7,-83.3333333333333,"➘",29674,3.36995349464177,3.36995349464177,23.5896744624924
"Beverwijk","GM0375",2021-01-02,48,48,45,45,44,39,39,2020-12-01,9,0,3,4,200,"➚",41803,0,7.17651843169151,9.56869124225534
"Blaricum","GM0376",2021-01-02,3,3,3,3,3,3,3,2020-12-01,0,0,0,0,0,"-",11885,0,0,0
"Bloemendaal","GM0377",2021-01-02,7,7,7,7,7,6,6,2020-12-01,1,0,0,0,0,"-",23526,0,0,0
"Castricum","GM0383",2021-01-02,47,47,42,42,38,32,32,2020-12-01,15,0,5,9,25,"➚",36198,0,13.8129178407647,24.8632521133764
"Diemen","GM0384",2021-01-02,65,65,60,59,54,51,51,2020-12-01,14,0,5,11,-16.6666666666667,"➘",31263,0,15.9933467677446,35.1853628890382
"Edam-Volendam","GM0385",2021-01-02,93,92,90,89,86,78,78,2020-12-01,15,1,3,7,-25,"➘",36239,2.75945804244046,8.27837412732139,19.3162062970833
"Enkhuizen","GM0388",2021-01-02,50,49,43,42,37,29,29,2020-12-01,21,1,7,13,16.6666666666667,"➚",18640,5.36480686695279,37.5536480686695,69.7424892703863
"Haarlem","GM0392",2021-01-02,113,113,101,101,95,76,76,2020-12-01,37,0,12,18,100,"➚",162773,0,7.37223003815129,11.0583450572269
"Haarlemmermeer","GM0394",2021-01-02,156,156,136,135,124,110,110,2020-12-01,46,0,20,32,66.6666666666667,"➚",157715,0,12.6811019877627,20.2897631804204
"Heemskerk","GM0396",2021-01-02,59,59,55,55,53,51,51,2020-12-01,8,0,4,6,100,"➚",39207,0,10.2022598005458,15.3033897008187
"Heemstede","GM0397",2021-01-02,13,13,12,12,11,9,9,2020-12-01,4,0,1,2,0,"-",27474,0,3.63980490645701,7.27960981291403
"Heerhugowaard","GM0398",2021-01-02,82,82,77,77,72,66,66,2020-12-01,16,0,5,10,0,"-",58156,0,8.59756516954399,17.195130339088
"Heiloo","GM0399",2021-01-02,25,25,23,23,22,20,20,2020-12-01,5,0,2,3,100,"➚",24095,0,8.30047727744345,12.4507159161652
"Den Helder","GM0400",2021-01-02,64,61,53,52,43,37,37,2020-12-01,27,3,11,21,10,"➚",56506,5.30917070753548,19.4669592609634,37.1641949527484
"Hilversum","GM0402",2021-01-02,28,28,28,28,27,26,26,2020-12-01,2,0,0,1,-100,"➘",91233,0,0,1.09609461488716
"Hoorn","GM0405",2021-01-02,115,112,104,103,96,85,85,2020-12-01,30,3,11,19,37.5,"➚",73552,4.07874700891886,14.9554056993692,25.8320643898194
"Huizen","GM0406",2021-01-02,28,28,26,26,25,24,24,2020-12-01,4,0,2,3,100,"➚",41146,0,4.86073980459826,7.29110970689739
"Landsmeer","GM0415",2021-01-02,19,19,16,15,14,12,12,2020-12-01,7,0,3,5,50,"➚",11578,0,25.9112109172569,43.1853515287614
"Langedijk","GM0416",2021-01-02,46,45,41,41,38,35,35,2020-12-01,11,1,5,8,66.6666666666667,"➚",28327,3.53020086842941,17.6510043421471,28.2416069474353
"Laren","GM0417",2021-01-02,8,8,8,8,8,7,7,2020-12-01,1,0,0,0,0,"-",11406,0,0,0
"Medemblik","GM0420",2021-01-02,70,68,59,57,51,43,43,2020-12-01,27,2,11,19,37.5,"➚",45116,4.43301711144605,24.3815941129533,42.1136625587375
"Oostzaan","GM0431",2021-01-02,24,24,22,22,21,20,20,2020-12-01,4,0,2,3,100,"➚",9668,0,20.6868018204386,31.0302027306578
"Opmeer","GM0432",2021-01-02,8,8,8,8,8,7,7,2020-12-01,1,0,0,0,0,"-",11995,0,0,0
"Ouder-Amstel","GM0437",2021-01-02,18,18,18,18,18,16,16,2020-12-01,2,0,0,0,0,"-",14146,0,0,0
"Purmerend","GM0439",2021-01-02,185,185,178,177,165,154,154,2020-12-01,31,0,7,20,-46.1538461538462,"➘",81735,0,8.56426255582064,24.469321588059
"Schagen","GM0441",2021-01-02,67,65,58,56,49,40,40,2020-12-01,27,2,9,18,0,"-",46517,4.29950340735645,19.347765333104,38.6955306662081
"Texel","GM0448",2021-01-02,13,13,13,13,12,11,11,2020-12-01,2,0,0,1,-100,"➘",13651,0,0,7.32547066149
"Uitgeest","GM0450",2021-01-02,17,17,17,17,15,13,13,2020-12-01,4,0,0,2,-100,"➘",13661,0,0,14.6402166752068
"Uithoorn","GM0451",2021-01-02,41,41,40,40,40,39,39,2020-12-01,2,0,1,1,100,"➚",30051,0,3.32767628365113,3.32767628365113
"Velsen","GM0453",2021-01-02,77,77,73,73,67,57,57,2020-12-01,20,0,4,10,-33.3333333333333,"➘",68758,0,5.81750487216033,14.5437621804008
"Weesp","GM0457",2021-01-02,18,18,17,17,14,14,14,2020-12-01,4,0,1,4,-66.6666666666667,"➘",20466,0,4.88615264340858,19.5446105736343
"Zandvoort","GM0473",2021-01-02,14,14,11,11,10,9,9,2020-12-01,5,0,3,4,200,"➚",17149,0,17.4937314129104,23.3249752172138
"Zaanstad","GM0479",2021-01-02,402,399,382,380,362,327,327,2020-12-01,75,3,20,40,0,"-",157133,1.90921066866922,12.7280711244614,25.4561422489229
"Alblasserdam","GM0482",2021-01-02,63,63,57,56,50,49,49,2020-12-01,14,0,6,13,-14.2857142857143,"➘",20229,0,29.66038855109,64.2641751940284
"Alphen aan den Rijn","GM0484",2021-01-02,219,217,202,199,193,162,162,2020-12-01,57,2,17,26,88.8888888888889,"➚",112520,1.77746178457163,15.1084251688589,23.1070031994312
"Barendrecht","GM0489",2021-01-02,109,108,107,106,101,91,91,2020-12-01,18,1,2,8,-66.6666666666667,"➘",48597,2.05774018972365,4.11548037944729,16.4619215177892
"Drechterland","GM0498",2021-01-02,27,26,21,21,19,19,19,2020-12-01,8,1,6,8,200,"➚",19832,5.04235578862445,30.2541347317467,40.3388463089956
"Brielle","GM0501",2021-01-02,42,41,39,39,35,34,34,2020-12-01,8,1,3,7,-25,"➘",17397,5.74811749152153,17.2443524745646,40.2368224406507
"Capelle aan den IJssel","GM0502",2021-01-02,216,213,198,197,190,178,178,2020-12-01,38,3,18,26,125,"➚",67204,4.46401999880959,26.7841199928576,38.6881733230165
"Delft","GM0503",2021-01-02,175,174,171,168,159,144,144,2020-12-01,31,1,4,16,-66.6666666666667,"➘",103973,0.96178815654064,3.84715262616256,15.3886105046502
"Dordrecht","GM0505",2021-01-02,377,376,362,356,335,304,304,2020-12-01,73,1,15,42,-44.4444444444444,"➘",119203,0.838905061114234,12.5835759167135,35.2340125667978
"Gorinchem","GM0512",2021-01-02,61,61,58,58,56,44,44,2020-12-01,17,0,3,5,50,"➚",37422,0,8.01667468334135,13.3611244722356
"Gouda","GM0513",2021-01-02,197,196,184,182,175,161,161,2020-12-01,36,1,13,22,44.4444444444444,"➚",73771,1.35554621734828,17.6221008255276,29.8220167816622
"'s-Gravenhage","GM0518",2021-01-02,1366,1360,1318,1312,1274,1170,1170,2020-12-01,196,6,48,92,9.09090909090908,"➚",547882,1.09512632282134,8.7610105825707,16.7919369499272
"Hardinxveld-Giessendam","GM0523",2021-01-02,25,25,20,20,19,15,15,2020-12-01,10,0,5,6,400,"➚",18393,0,27.1842548795737,32.6211058554885
"Hellevoetsluis","GM0530",2021-01-02,73,73,73,72,69,61,61,2020-12-01,12,0,0,4,-100,"➘",40251,0,0,9.93764130083725
"Hendrik-Ido-Ambacht","GM0531",2021-01-02,79,79,76,76,74,67,67,2020-12-01,12,0,3,5,50,"➚",31235,0,9.60461021290219,16.0076836881703
"Stede Broec","GM0532",2021-01-02,46,44,41,41,37,35,35,2020-12-01,11,2,5,9,25,"➚",21775,9.18484500574053,22.9621125143513,41.3318025258324
"Hillegom","GM0534",2021-01-02,17,17,14,14,14,12,12,2020-12-01,5,0,3,3,300,"➚",22216,0,13.5037810586964,13.5037810586964
"Katwijk","GM0537",2021-01-02,147,146,132,128,122,97,97,2020-12-01,50,1,15,25,50,"➚",65965,1.51595543091033,22.739331463655,37.8988857727583
"Krimpen aan den IJssel","GM0542",2021-01-02,74,73,63,63,60,57,57,2020-12-01,17,1,11,14,266.666666666667,"➚",29410,3.40020401224073,37.4022441346481,47.6028561713703
"Leiden","GM0546",2021-01-02,170,170,163,163,155,137,137,2020-12-01,33,0,7,15,-12.5,"➘",124016,0,5.64443297639014,12.095213520836
"Leiderdorp","GM0547",2021-01-02,61,61,59,59,55,50,50,2020-12-01,11,0,2,6,-50,"➘",27359,0,7.31020870645857,21.9306261193757
"Lisse","GM0553",2021-01-02,39,39,33,33,30,21,21,2020-12-01,18,0,6,9,100,"➚",22989,0,26.0994388620645,39.1491582930967
"Maassluis","GM0556",2021-01-02,89,89,84,84,83,80,80,2020-12-01,9,0,5,6,400,"➚",33539,0,14.9080175318286,17.8896210381943
"Nieuwkoop","GM0569",2021-01-02,39,39,36,36,34,23,23,2020-12-01,16,0,3,5,50,"➚",29119,0,10.3025515986126,17.170919331021
"Noordwijk","GM0575",2021-01-02,85,85,78,78,74,66,66,2020-12-01,19,0,7,11,75,"➚",43982,0,15.9156018371152,25.0102314583239
"Oegstgeest","GM0579",2021-01-02,35,35,35,33,33,30,30,2020-12-01,5,0,0,2,-100,"➘",25067,0,0,7.97861730562094
"Oudewater","GM0589",2021-01-02,36,36,35,35,34,33,33,2020-12-01,3,0,1,2,0,"-",10154,0,9.84833563127831,19.6966712625566
"Papendrecht","GM0590",2021-01-02,86,86,82,82,72,63,63,2020-12-01,23,0,4,14,-60,"➘",32119,0,12.4536878483141,43.5879074690993
"Ridderkerk","GM0597",2021-01-02,133,133,128,126,118,102,102,2020-12-01,31,0,5,15,-50,"➘",46646,0,10.7190327144878,32.1570981434635
"Rotterdam","GM0599",2021-01-02,2226,2225,2175,2160,2074,1941,1941,2020-12-01,285,1,51,152,-49.5049504950495,"➘",652497,0.153257409612611,7.81612789024317,23.2951262611169
"Rijswijk","GM0603",2021-01-02,135,134,130,130,123,113,113,2020-12-01,22,1,5,12,-28.5714285714286,"➘",55211,1.81123326873268,9.0561663436634,21.7347992247922
"Schiedam","GM0606",2021-01-02,222,222,217,217,208,196,196,2020-12-01,26,0,5,14,-44.4444444444444,"➘",79284,0,6.30644266182332,17.6580394531053
"Sliedrecht","GM0610",2021-01-02,92,92,85,85,76,60,60,2020-12-01,32,0,7,16,-22.2222222222222,"➘",25509,0,27.4412952291348,62.7229605237367
"Albrandswaard","GM0613",2021-01-02,62,62,61,61,58,55,55,2020-12-01,7,0,1,4,-66.6666666666667,"➘",25857,0,3.86742468190432,15.4696987276173
"Westvoorne","GM0614",2021-01-02,19,18,17,17,17,15,15,2020-12-01,4,1,2,2,200,"➚",14896,6.71321160042964,13.4264232008593,13.4264232008593
"Vlaardingen","GM0622",2021-01-02,172,171,171,170,168,156,156,2020-12-01,16,1,1,4,-66.6666666666667,"➘",73863,1.35385781785197,1.35385781785197,5.41543127140788
"Voorschoten","GM0626",2021-01-02,30,30,29,29,26,20,20,2020-12-01,10,0,1,4,-66.6666666666667,"➘",25613,0,3.9042673642291,15.6170694569164
"Waddinxveen","GM0627",2021-01-02,70,70,67,67,62,55,55,2020-12-01,15,0,3,8,-40,"➘",30123,0,9.95916741360422,26.5577797696113
"Wassenaar","GM0629",2021-01-02,33,33,33,33,30,26,26,2020-12-01,7,0,0,3,-100,"➘",26782,0,0,11.2015532820551
"Woerden","GM0632",2021-01-02,117,117,112,112,107,99,99,2020-12-01,18,0,5,10,0,"-",52659,0,9.4950530773467,18.9901061546934
"Zoetermeer","GM0637",2021-01-02,237,236,223,219,207,184,184,2020-12-01,53,1,14,30,-12.5,"➘",125297,0.798103705595505,11.1734518783371,23.9431111678652
"Zoeterwoude","GM0638",2021-01-02,14,14,14,13,10,9,9,2020-12-01,5,0,0,4,-100,"➘",8794,0,0,45.4855583352286
"Zwijndrecht","GM0642",2021-01-02,143,143,137,132,120,108,108,2020-12-01,35,0,6,23,-64.7058823529412,"➘",44778,0,13.3994372236366,51.3645093572737
"Borsele","GM0654",2021-01-02,15,15,11,11,10,9,9,2020-12-01,6,0,4,5,300,"➚",22758,0,17.5762369276738,21.9702961595922
"Goes","GM0664",2021-01-02,44,44,43,43,41,32,32,2020-12-01,12,0,1,3,-50,"➘",38556,0,2.59363004461044,7.78089013383131
"West Maas en Waal","GM0668",2021-01-02,37,37,36,35,35,33,33,2020-12-01,4,0,1,2,0,"-",19537,0,5.11849311562676,10.2369862312535
"Hulst","GM0677",2021-01-02,34,34,32,32,30,29,29,2020-12-01,5,0,2,4,0,"-",27593,0,7.24821512702497,14.4964302540499
"Kapelle","GM0678",2021-01-02,10,9,10,10,10,7,7,2020-12-01,3,1,0,0,0,"-",12874,7.76759359950287,0,0
"Middelburg","GM0687",2021-01-02,39,39,36,36,32,31,31,2020-12-01,8,0,3,7,-25,"➘",49009,0,6.12132465465527,14.2830908608623
"Reimerswaal","GM0703",2021-01-02,18,18,16,16,16,14,14,2020-12-01,4,0,2,2,200,"➚",22916,0,8.72752661895619,8.72752661895619
"Terneuzen","GM0715",2021-01-02,82,81,77,77,73,63,63,2020-12-01,19,1,5,9,25,"➚",54435,1.83705336640029,9.18526683200147,16.5334802976026
"Tholen","GM0716",2021-01-02,64,64,62,61,60,58,58,2020-12-01,6,0,2,4,0,"-",25993,0,7.69437925595353,15.3887585119071
"Veere","GM0717",2021-01-02,14,14,14,14,14,14,14,2020-12-01,0,0,0,0,0,"-",21994,0,0,0
"Vlissingen","GM0718",2021-01-02,37,37,36,36,34,28,28,2020-12-01,9,0,1,3,-50,"➘",44296,0,2.25754018421528,6.77262055264584
"De Ronde Venen","GM0736",2021-01-02,112,112,106,106,105,95,95,2020-12-01,17,0,6,7,500,"➚",44642,0,13.4402580529546,15.6803010617804
"Tytsjerksteradiel","GM0737",2021-01-02,12,12,8,8,8,7,7,2020-12-01,5,0,4,4,400,"➚",32049,0,12.4808886392711,12.4808886392711
"Asten","GM0743",2021-01-02,42,42,40,40,39,38,38,2020-12-01,4,0,2,3,100,"➚",16768,0,11.9274809160305,17.8912213740458
"Baarle-Nassau","GM0744",2021-01-02,19,19,19,19,19,18,18,2020-12-01,1,0,0,0,0,"-",6917,0,0,0
"Bergen op Zoom","GM0748",2021-01-02,156,154,148,148,142,123,123,2020-12-01,33,2,8,14,33.3333333333333,"➚",67609,2.95818604032008,11.8327441612803,20.7073022822405
"Best","GM0753",2021-01-02,76,74,65,63,59,50,50,2020-12-01,26,2,11,17,83.3333333333333,"➚",30162,6.63086002254492,36.4697301239971,56.3623101916319
"Boekel","GM0755",2021-01-02,38,38,37,37,37,35,35,2020-12-01,3,0,1,1,100,"➚",10906,0,9.16926462497708,9.16926462497708
"Boxmeer","GM0756",2021-01-02,76,75,72,71,67,56,56,2020-12-01,20,1,4,9,-20,"➘",29580,3.38066260987153,13.5226504394861,30.4259634888438
"Boxtel","GM0757",2021-01-02,79,79,71,72,63,52,52,2020-12-01,27,0,8,16,0,"-",30888,0,25.9000259000259,51.8000518000518
"Breda","GM0758",2021-01-02,428,427,416,410,392,365,365,2020-12-01,63,1,12,36,-50,"➘",184190,0.542917639394104,6.51501167272925,19.5450350181877
"Deurne","GM0762",2021-01-02,107,106,103,103,96,93,93,2020-12-01,14,1,4,11,-42.8571428571429,"➘",32455,3.08118933908489,12.3247573563395,33.8930827299338
"Pekela","GM0765",2021-01-02,17,17,16,16,13,9,9,2020-12-01,8,0,1,4,-66.6666666666667,"➘",12173,0,8.21490183192311,32.8596073276924
"Dongen","GM0766",2021-01-02,87,87,84,82,74,63,63,2020-12-01,24,0,3,13,-70,"➘",26351,0,11.3847671815111,49.3339911198816
"Eersel","GM0770",2021-01-02,82,82,82,81,78,73,73,2020-12-01,9,0,0,4,-100,"➘",19491,0,0,20.5222923400544
"Eindhoven","GM0772",2021-01-02,581,576,553,550,528,457,457,2020-12-01,124,5,28,53,12,"➚",235514,2.12301604150921,11.8888898324516,22.5039700399976
"Etten-Leur","GM0777",2021-01-02,111,111,108,108,103,100,100,2020-12-01,11,0,3,8,-40,"➘",43928,0,6.82935712984884,18.2116190129302
"Geertruidenberg","GM0779",2021-01-02,38,38,37,36,36,32,32,2020-12-01,6,0,1,2,0,"-",21768,0,4.59389930172731,9.18779860345461
"Gilze en Rijen","GM0784",2021-01-02,58,57,56,54,51,44,44,2020-12-01,14,1,2,7,-60,"➘",26761,3.73678113672882,7.47356227345764,26.1574679571018
"Goirle","GM0785",2021-01-02,78,78,74,73,70,65,65,2020-12-01,13,0,4,8,0,"-",23915,0,16.7259042441982,33.4518084883964
"Grave","GM0786",2021-01-02,51,51,49,49,47,46,46,2020-12-01,5,0,2,4,0,"-",12433,0,16.0862221507279,32.1724443014558
"Haaren","GM0788",2021-01-02,41,41,41,40,40,34,34,2020-12-01,7,0,0,1,-100,"➘",14351,0,0,6.96815552923141
"Helmond","GM0794",2021-01-02,282,282,275,274,264,245,245,2020-12-01,37,0,7,18,-36.3636363636364,"➘",92574,0,7.56151835288526,19.4439043359907
"'s-Hertogenbosch","GM0796",2021-01-02,346,346,329,329,317,284,284,2020-12-01,62,0,17,29,41.6666666666667,"➚",155541,0,10.9295941263075,18.6446017448776
"Heusden","GM0797",2021-01-02,124,124,116,116,113,103,103,2020-12-01,21,0,8,11,166.666666666667,"➚",44977,0,17.7868688440759,24.4569446606043
"Hilvarenbeek","GM0798",2021-01-02,38,38,37,37,35,33,33,2020-12-01,5,0,1,3,-50,"➘",15661,0,6.38528829576655,19.1558648872997
"Loon op Zand","GM0809",2021-01-02,84,83,79,79,77,72,72,2020-12-01,12,1,5,7,150,"➚",23467,4.26130310648997,21.3065155324498,29.8291217454298
"Mill en Sint Hubert","GM0815",2021-01-02,25,25,24,24,24,23,23,2020-12-01,2,0,1,1,100,"➚",11003,0,9.08843042806507,9.08843042806507
"Nuenen, Gerwen en Nederwetten","GM0820",2021-01-02,46,46,43,43,43,40,40,2020-12-01,6,0,3,3,300,"➚",23640,0,12.6903553299492,12.6903553299492
"Oirschot","GM0823",2021-01-02,49,48,47,46,46,39,39,2020-12-01,10,1,2,3,100,"➚",18826,5.3118028258791,10.6236056517582,15.9354084776373
"Oisterwijk","GM0824",2021-01-02,65,64,62,62,58,51,51,2020-12-01,14,1,3,7,-25,"➘",26436,3.78272053260705,11.3481615978212,26.4790437282494
"Oosterhout","GM0826",2021-01-02,151,151,140,138,130,113,113,2020-12-01,38,0,11,21,10,"➚",56225,0,19.5642507781236,37.3499333036905
"Oss","GM0828",2021-01-02,295,295,291,291,288,280,280,2020-12-01,15,0,4,7,33.3333333333333,"➚",92390,0,4.32947288667605,7.57657755168308
"Rucphen","GM0840",2021-01-02,60,60,56,56,55,49,49,2020-12-01,11,0,4,5,300,"➚",23077,0,17.3332755557481,21.6665944446852
"Sint-Michielsgestel","GM0845",2021-01-02,77,77,72,72,70,64,64,2020-12-01,13,0,5,7,150,"➚",29476,0,16.9629529108427,23.7481340751798
"Someren","GM0847",2021-01-02,44,44,40,40,38,36,36,2020-12-01,8,0,4,6,100,"➚",19364,0,20.6568890725057,30.9853336087585
"Son en Breugel","GM0848",2021-01-02,50,49,48,47,46,44,44,2020-12-01,6,1,2,4,0,"-",17539,5.70157933747648,11.403158674953,22.8063173499059
"Steenbergen","GM0851",2021-01-02,65,64,59,57,55,53,53,2020-12-01,12,1,6,10,50,"➚",24326,4.11082792074324,24.6649675244594,41.1082792074324
"Waterland","GM0852",2021-01-02,41,41,39,39,36,34,34,2020-12-01,7,0,2,5,-33.3333333333333,"➘",17324,0,11.5446779034865,28.8616947587162
"Tilburg","GM0855",2021-01-02,739,735,707,702,672,608,608,2020-12-01,131,4,32,67,-8.57142857142857,"➘",220536,1.81376283237204,14.5101026589763,30.3805274422317
"Uden","GM0856",2021-01-02,143,143,143,143,140,136,136,2020-12-01,7,0,0,3,-100,"➘",42207,0,0,7.10782571611344
"Valkenswaard","GM0858",2021-01-02,66,65,63,63,62,53,53,2020-12-01,13,1,3,4,200,"➚",31241,3.20092186549726,9.60276559649179,12.8036874619891
"Veldhoven","GM0861",2021-01-02,127,126,123,123,112,99,99,2020-12-01,28,1,4,15,-63.6363636363636,"➘",45636,2.1912525199404,8.76501007976159,32.868787799106
"Vught","GM0865",2021-01-02,89,89,86,86,79,69,69,2020-12-01,20,0,3,10,-57.1428571428571,"➘",26772,0,11.2057373375168,37.3524577917227
"Waalre","GM0866",2021-01-02,30,30,30,30,29,28,28,2020-12-01,2,0,0,1,-100,"➘",17528,0,0,5.70515746234596
"Waalwijk","GM0867",2021-01-02,169,167,158,154,144,135,135,2020-12-01,34,2,11,25,-21.4285714285714,"➘",48886,4.0911508407315,22.5013296240232,51.1393855091437
"Woensdrecht","GM0873",2021-01-02,42,41,40,40,39,36,36,2020-12-01,6,1,2,3,100,"➚",21970,4.55166135639508,9.10332271279017,13.6549840691853
"Zundert","GM0879",2021-01-02,56,56,56,55,53,47,47,2020-12-01,9,0,0,3,-100,"➘",22026,0,0,13.6202669572324
"Wormerland","GM0880",2021-01-02,41,40,38,38,37,37,37,2020-12-01,4,1,3,4,200,"➚",16256,6.15157480314961,18.4547244094488,24.6062992125984
"Landgraaf","GM0882",2021-01-02,94,94,84,83,82,76,76,2020-12-01,18,0,10,12,400,"➚",37302,0,26.8082140367809,32.169856844137
"Beek","GM0888",2021-01-02,30,30,27,26,24,22,22,2020-12-01,8,0,3,6,0,"-",15897,0,18.8714851858841,37.7429703717683
"Beesel","GM0889",2021-01-02,10,10,10,10,10,9,9,2020-12-01,1,0,0,0,0,"-",13452,0,0,0
"Bergen (L.)","GM0893",2021-01-02,19,18,16,16,15,13,13,2020-12-01,6,1,3,4,200,"➚",13117,7.62369444232675,22.8710833269803,30.494777769307
"Brunssum","GM0899",2021-01-02,74,74,70,70,65,60,60,2020-12-01,14,0,4,9,-20,"➘",27661,0,14.4607931745056,32.5367846426376
"Gennep","GM0907",2021-01-02,40,40,36,35,32,27,27,2020-12-01,13,0,4,8,0,"-",17002,0,23.5266439242442,47.0532878484884
"Heerlen","GM0917",2021-01-02,192,191,182,182,175,169,169,2020-12-01,23,1,10,17,42.8571428571429,"➚",86805,1.15200737284719,11.5200737284719,19.5841253384022
"Kerkrade","GM0928",2021-01-02,112,112,103,103,99,94,94,2020-12-01,18,0,9,13,125,"➚",45517,0,19.7728321286552,28.5607575191687
"Maastricht","GM0935",2021-01-02,305,304,285,285,260,240,240,2020-12-01,65,1,20,45,-20,"➘",120484,0.829985724245543,16.5997144849109,37.3493575910494
"Meerssen","GM0938",2021-01-02,36,36,34,34,33,29,29,2020-12-01,7,0,2,3,100,"➚",18707,0,10.6911851178703,16.0367776768055
"Mook en Middelaar","GM0944",2021-01-02,20,20,19,19,19,18,18,2020-12-01,2,0,1,1,100,"➚",7897,0,12.6630365961758,12.6630365961758
"Nederweert","GM0946",2021-01-02,35,35,33,33,31,29,29,2020-12-01,6,0,2,4,0,"-",17161,0,11.6543324981062,23.3086649962123
"Roermond","GM0957",2021-01-02,142,142,134,134,132,121,121,2020-12-01,21,0,8,10,300,"➚",58769,0,13.6126188977182,17.0157736221477
"Simpelveld","GM0965",2021-01-02,25,25,25,25,25,24,24,2020-12-01,1,0,0,0,0,"-",10508,0,0,0
"Stein","GM0971",2021-01-02,69,69,66,66,63,59,59,2020-12-01,10,0,3,6,0,"-",24872,0,12.0617561917015,24.123512383403
"Vaals","GM0981",2021-01-02,18,18,15,15,15,14,14,2020-12-01,4,0,3,3,300,"➚",10084,0,29.7500991669972,29.7500991669972
"Venlo","GM0983",2021-01-02,29,29,28,28,23,20,20,2020-12-01,9,0,1,6,-80,"➘",101934,0,0.981026938999745,5.88616163399847
"Venray","GM0984",2021-01-02,36,35,33,33,32,29,29,2020-12-01,7,1,3,4,200,"➚",43676,2.28958695851268,6.86876087553805,9.15834783405074
"Voerendaal","GM0986",2021-01-02,25,25,24,24,22,22,22,2020-12-01,3,0,1,3,-50,"➘",12483,0,8.01089481695105,24.0326844508532
"Weert","GM0988",2021-01-02,124,123,109,108,94,74,74,2020-12-01,50,1,15,30,0,"-",50044,1.99824154743825,29.9736232115738,59.9472464231476
"Valkenburg aan de Geul","GM0994",2021-01-02,26,26,25,25,25,20,20,2020-12-01,6,0,1,1,100,"➚",16405,0,6.09570252971655,6.09570252971655
"Lelystad","GM0995",2021-01-02,188,187,173,173,164,147,147,2020-12-01,41,1,15,24,66.6666666666667,"➚",79759,1.25377700322221,18.8066550483331,30.090648077333
"Horst aan de Maas","GM1507",2021-01-02,13,13,12,12,10,10,10,2020-12-01,3,0,1,3,-50,"➘",42484,0,2.35382732322757,7.0614819696827
"Oude IJsselstreek","GM1509",2021-01-02,57,57,52,52,50,47,47,2020-12-01,10,0,5,7,150,"➚",39333,0,12.7119721353571,17.7967609894999
"Teylingen","GM1525",2021-01-02,53,52,49,48,46,42,42,2020-12-01,11,1,4,7,33.3333333333333,"➚",37737,2.64991917746509,10.5996767098603,18.5494342422556
"Utrechtse Heuvelrug","GM1581",2021-01-02,73,73,68,68,63,53,53,2020-12-01,20,0,5,10,0,"-",49965,0,10.0070049034324,20.0140098068648
"Oost Gelre","GM1586",2021-01-02,60,60,60,60,58,52,52,2020-12-01,8,0,0,2,-100,"➘",29617,0,0,6.75287841442415
"Koggenland","GM1598",2021-01-02,25,25,21,21,20,19,19,2020-12-01,6,0,4,5,300,"➚",22954,0,17.4261566611484,21.7826958264355
"Lansingerland","GM1621",2021-01-02,113,113,109,109,104,101,101,2020-12-01,12,0,4,9,-20,"➘",63267,0,6.32241136769564,14.2254255773152
"Leudal","GM1640",2021-01-02,80,80,74,74,72,66,66,2020-12-01,14,0,6,8,200,"➚",36010,0,16.6620383226881,22.2160510969175
"Maasgouw","GM1641",2021-01-02,54,54,47,47,48,42,42,2020-12-01,12,0,7,6,700,"➚",23955,0,29.2214568983511,25.0469630557295
"Gemert-Bakel","GM1652",2021-01-02,106,105,102,102,100,97,97,2020-12-01,9,1,4,6,100,"➚",30751,3.25192676660922,13.0077070664369,19.5115605996553
"Halderberge","GM1655",2021-01-02,82,82,79,79,72,68,68,2020-12-01,14,0,3,10,-57.1428571428571,"➘",30428,0,9.85934008150388,32.8644669383463
"Heeze-Leende","GM1658",2021-01-02,38,38,36,36,34,29,29,2020-12-01,9,0,2,4,0,"-",16207,0,12.3403467637441,24.6806935274881
"Laarbeek","GM1659",2021-01-02,74,74,69,69,66,64,64,2020-12-01,10,0,5,8,66.6666666666667,"➚",22741,0,21.9867200211073,35.1787520337716
"Reusel-De Mierden","GM1667",2021-01-02,38,38,36,36,36,35,35,2020-12-01,3,0,2,2,200,"➚",13138,0,15.2230172020094,15.2230172020094
"Roerdalen","GM1669",2021-01-02,43,43,41,41,41,40,40,2020-12-01,3,0,2,2,200,"➚",20572,0,9.72195216799533,9.72195216799533
"Roosendaal","GM1674",2021-01-02,179,178,174,172,168,151,151,2020-12-01,28,1,5,11,-16.6666666666667,"➘",77268,1.29419682145261,6.47098410726303,14.2361650359787
"Schouwen-Duiveland","GM1676",2021-01-02,29,29,27,27,27,23,23,2020-12-01,6,0,2,2,200,"➚",33960,0,5.88928150765607,5.88928150765607
"Aa en Hunze","GM1680",2021-01-02,8,8,7,7,7,5,5,2020-12-01,3,0,1,1,100,"➚",25394,0,3.93793809561314,3.93793809561314
"Borger-Odoorn","GM1681",2021-01-02,21,21,18,18,15,13,13,2020-12-01,8,0,3,6,0,"-",25584,0,11.7260787992495,23.4521575984991
"Cuijk","GM1684",2021-01-02,43,43,42,42,42,37,37,2020-12-01,6,0,1,1,100,"➚",25368,0,3.94197414064964,3.94197414064964
"Landerd","GM1685",2021-01-02,51,51,49,49,48,48,48,2020-12-01,3,0,2,3,100,"➚",15831,0,12.6334407175794,18.9501610763691
"De Wolden","GM1690",2021-01-02,26,26,24,24,23,20,20,2020-12-01,6,0,2,3,100,"➚",24374,0,8.20546483958316,12.3081972593747
"Noord-Beveland","GM1695",2021-01-02,4,4,4,4,4,4,4,2020-12-01,0,0,0,0,0,"-",7571,0,0,0
"Wijdemeren","GM1696",2021-01-02,12,12,12,12,12,12,12,2020-12-01,0,0,0,0,0,"-",24426,0,0,0
"Noordenveld","GM1699",2021-01-02,12,12,12,12,12,8,8,2020-12-01,4,0,0,0,0,"-",31211,0,0,0
"Twenterand","GM1700",2021-01-02,99,95,82,76,65,55,55,2020-12-01,44,4,17,34,0,"-",33711,11.8655631692919,50.4286434694907,100.857286938981
"Westerveld","GM1701",2021-01-02,14,14,13,12,11,8,8,2020-12-01,6,0,1,3,-50,"➘",19620,0,5.09683995922528,15.2905198776758
"Sint Anthonis","GM1702",2021-01-02,25,25,24,24,22,22,22,2020-12-01,3,0,1,3,-50,"➘",11682,0,8.56017805170347,25.6805341551104
"Lingewaard","GM1705",2021-01-02,66,66,57,56,53,37,37,2020-12-01,29,0,9,13,125,"➚",46760,0,19.2472198460222,27.8015397775877
"Cranendonck","GM1706",2021-01-02,66,66,64,64,60,57,57,2020-12-01,9,0,2,6,-50,"➘",20971,0,9.53697963854847,28.6109389156454
"Steenwijkerland","GM1708",2021-01-02,32,32,29,28,24,16,16,2020-12-01,16,0,3,8,-40,"➘",44323,0,6.76849491234799,18.0493197662613
"Moerdijk","GM1709",2021-01-02,75,75,70,68,62,55,55,2020-12-01,20,0,5,13,-37.5,"➘",37188,0,13.4451973754975,34.9575131762934
"Echt-Susteren","GM1711",2021-01-02,63,63,59,59,58,57,57,2020-12-01,6,0,4,5,300,"➚",31774,0,12.5889091710203,15.7361364637754
"Sluis","GM1714",2021-01-02,39,39,34,34,28,22,22,2020-12-01,17,0,5,11,-16.6666666666667,"➘",23176,0,21.5740421125302,47.4628926475664
"Drimmelen","GM1719",2021-01-02,60,59,55,52,50,43,43,2020-12-01,17,1,5,10,0,"-",27332,3.65871505927118,18.2935752963559,36.5871505927118
"Bernheze","GM1721",2021-01-02,121,121,119,118,118,116,116,2020-12-01,5,0,2,3,100,"➚",31412,0,6.36699350566662,9.55049025849994
"Alphen-Chaam","GM1723",2021-01-02,40,40,40,40,39,38,38,2020-12-01,2,0,0,1,-100,"➘",10355,0,0,9.65717044905842
"Bergeijk","GM1724",2021-01-02,60,59,57,57,55,52,52,2020-12-01,8,1,3,5,50,"➚",18728,5.33959846219564,16.0187953865869,26.6979923109782
"Bladel","GM1728",2021-01-02,60,60,58,58,57,53,53,2020-12-01,7,0,2,3,100,"➚",20536,0,9.73899493572263,14.608492403584
"Gulpen-Wittem","GM1729",2021-01-02,32,32,31,31,29,28,28,2020-12-01,4,0,1,3,-50,"➘",14195,0,7.04473406128919,21.1342021838676
"Tynaarlo","GM1730",2021-01-02,15,15,15,15,11,11,11,2020-12-01,4,0,0,4,-100,"➘",33914,0,0,11.7945391283836
"Midden-Drenthe","GM1731",2021-01-02,24,24,21,20,18,14,14,2020-12-01,10,0,3,6,0,"-",33362,0,8.99226665068042,17.9845333013608
"Overbetuwe","GM1734",2021-01-02,61,61,60,60,58,51,51,2020-12-01,10,0,1,3,-50,"➘",48125,0,2.07792207792208,6.23376623376623
"Hof van Twente","GM1735",2021-01-02,74,74,70,69,65,58,58,2020-12-01,16,0,4,9,-20,"➘",35053,0,11.4112914729124,25.675405814053
"Neder-Betuwe","GM1740",2021-01-02,80,80,76,76,74,64,64,2020-12-01,16,0,4,6,100,"➚",24591,0,16.2661136188036,24.3991704282054
"Rijssen-Holten","GM1742",2021-01-02,86,86,74,74,66,60,60,2020-12-01,26,0,12,20,50,"➚",38205,0,31.4095013741657,52.3491689569428
"Geldrop-Mierlo","GM1771",2021-01-02,111,110,105,104,94,85,85,2020-12-01,26,1,6,17,-45.4545454545455,"➘",40073,2.49544581139421,14.9726748683652,42.4225787937015
"Olst-Wijhe","GM1773",2021-01-02,16,16,14,14,13,12,12,2020-12-01,4,0,2,3,100,"➚",18353,0,10.8974009698687,16.346101454803
"Dinkelland","GM1774",2021-01-02,60,60,55,55,53,48,48,2020-12-01,12,0,5,7,150,"➚",26588,0,18.8054761546562,26.3276666165187
"Westland","GM1783",2021-01-02,234,230,218,216,206,177,177,2020-12-01,57,4,16,28,33.3333333333333,"➚",111356,3.59208304896009,14.3683321958404,25.1445813427206
"Midden-Delfland","GM1842",2021-01-02,40,39,35,35,34,28,28,2020-12-01,12,1,5,6,400,"➚",19374,5.16155672550841,25.8077836275421,30.9693403530505
"Berkelland","GM1859",2021-01-02,69,69,67,67,65,61,61,2020-12-01,8,0,2,4,0,"-",43831,0,4.562980538888,9.125961077776
"Bronckhorst","GM1876",2021-01-02,61,61,58,58,56,47,47,2020-12-01,14,0,3,5,50,"➚",36111,0,8.30771786990114,13.8461964498352
"Sittard-Geleen","GM1883",2021-01-02,186,186,175,175,164,158,158,2020-12-01,28,0,11,22,0,"-",91822,0,11.9796998540655,23.9593997081309
"Kaag en Braassem","GM1884",2021-01-02,38,38,34,34,32,26,26,2020-12-01,12,0,4,6,100,"➚",27557,0,14.5153681460246,21.7730522190369
"Dantumadiel","GM1891",2021-01-02,9,9,6,6,6,3,3,2020-12-01,6,0,3,3,300,"➚",18942,0,15.8378207158695,15.8378207158695
"Zuidplas","GM1892",2021-01-02,79,79,76,76,73,66,66,2020-12-01,13,0,3,6,0,"-",45014,0,6.6645932376594,13.3291864753188
"Peel en Maas","GM1894",2021-01-02,36,36,35,35,35,34,34,2020-12-01,2,0,1,1,100,"➚",43630,0,2.29200091680037,2.29200091680037
"Oldambt","GM1895",2021-01-02,46,46,36,36,28,21,21,2020-12-01,25,0,10,18,25,"➚",38288,0,26.1178437108232,47.0121186794818
"Zwartewaterland","GM1896",2021-01-02,25,25,22,22,22,18,18,2020-12-01,7,0,3,3,300,"➚",22794,0,13.1613582521716,13.1613582521716
"Súdwest-Fryslân","GM1900",2021-01-02,72,72,64,63,58,46,46,2020-12-01,26,0,8,14,33.3333333333333,"➚",89958,0,8.8930389737433,15.5628182040508
"Bodegraven-Reeuwijk","GM1901",2021-01-02,68,67,63,63,56,51,51,2020-12-01,17,1,5,12,-28.5714285714286,"➘",35260,2.83607487237663,14.1803743618832,34.0328984685196
"Eijsden-Margraten","GM1903",2021-01-02,71,71,69,69,68,64,64,2020-12-01,7,0,2,3,100,"➚",25888,0,7.72558714462299,11.5883807169345
"Stichtse Vecht","GM1904",2021-01-02,137,136,131,131,126,106,106,2020-12-01,31,1,6,11,20,"➚",65167,1.53451900501788,9.20711403010726,16.8797090551966
"Hollands Kroon","GM1911",2021-01-02,67,64,56,55,50,40,40,2020-12-01,27,3,11,17,83.3333333333333,"➚",48618,6.1705541157596,22.6253650911185,34.9664733226377
"Leidschendam-Voorburg","GM1916",2021-01-02,133,132,124,124,118,105,105,2020-12-01,28,1,9,15,50,"➚",76431,1.30836964059086,11.7753267653177,19.6255446088629
"Goeree-Overflakkee","GM1924",2021-01-02,132,131,125,125,121,108,108,2020-12-01,24,1,7,11,75,"➚",50488,1.98066867374426,13.8646807162098,21.7873554111868
"Pijnacker-Nootdorp","GM1926",2021-01-02,77,77,73,73,71,70,70,2020-12-01,7,0,4,6,100,"➚",55552,0,7.20046082949309,10.8006912442396
"Nissewaard","GM1930",2021-01-02,214,214,207,206,195,172,172,2020-12-01,42,0,7,19,-41.6666666666667,"➘",85300,0,8.2063305978898,22.274325908558
"Krimpenerwaard","GM1931",2021-01-02,139,138,130,129,125,115,115,2020-12-01,24,1,9,14,80,"➚",56491,1.7701934821476,15.9317413393284,24.7827087500664
"De Fryske Marren","GM1940",2021-01-02,42,42,40,39,36,33,33,2020-12-01,9,0,2,6,-50,"➘",51651,0,3.87214187527831,11.6164256258349
"Gooise Meren","GM1942",2021-01-02,28,28,27,27,26,24,24,2020-12-01,4,0,1,2,0,"-",58439,0,1.71118602303256,3.42237204606513
"Berg en Dal","GM1945",2021-01-02,94,94,87,87,86,79,79,2020-12-01,15,0,7,8,600,"➚",35017,0,19.9902904303624,22.8460462061285
"Meierijstad","GM1948",2021-01-02,316,315,307,306,301,297,297,2020-12-01,19,1,9,15,50,"➚",81607,1.22538507726053,11.0284656953448,18.3807761589079
"Waadhoeke","GM1949",2021-01-02,29,29,19,19,16,15,15,2020-12-01,14,0,10,13,233.333333333333,"➚",46085,0,21.6990343929695,28.2087447108604
"Westerwolde","GM1950",2021-01-02,27,27,27,27,24,19,19,2020-12-01,8,0,0,3,-100,"➘",25976,0,0,11.5491222667077
"Midden-Groningen","GM1952",2021-01-02,66,66,59,54,46,42,42,2020-12-01,24,0,7,20,-46.1538461538462,"➘",60761,0,11.5205477197544,32.9158506278699
"Beekdaelen","GM1954",2021-01-02,83,83,74,74,72,67,67,2020-12-01,16,0,9,11,350,"➚",36073,0,24.9494081445957,30.4937210656169
"Montferland","GM1955",2021-01-02,51,50,49,49,48,42,42,2020-12-01,9,1,2,3,100,"➚",36068,2.77254075634912,5.54508151269824,8.31762226904736
"Altena","GM1959",2021-01-02,148,148,129,128,114,98,98,2020-12-01,50,0,19,34,26.6666666666667,"➚",56333,0,33.7280102249126,60.3553867182646
"West Betuwe","GM1960",2021-01-02,137,137,132,132,127,113,113,2020-12-01,24,0,5,10,0,"-",51405,0,9.72668028401906,19.4533605680381
"Vijfheerenlanden","GM1961",2021-01-02,108,106,101,100,94,90,90,2020-12-01,18,2,7,14,0,"-",57751,3.46314349535073,12.1210022337276,24.2420044674551
"Hoeksche Waard","GM1963",2021-01-02,175,175,171,169,159,150,150,2020-12-01,25,0,4,16,-66.6666666666667,"➘",87822,0,4.55466739541345,18.2186695816538
"Het Hogeland","GM1966",2021-01-02,22,22,21,20,18,13,13,2020-12-01,9,0,1,4,-66.6666666666667,"➘",47888,0,2.08820581356499,8.35282325425994
"Westerkwartier","GM1969",2021-01-02,56,56,51,51,49,39,39,2020-12-01,17,0,5,7,150,"➚",63568,0,7.86559275106972,11.0118298514976
"Noardeast-Fryslân","GM1970",2021-01-02,28,28,24,24,21,14,14,2020-12-01,14,0,4,7,33.3333333333333,"➚",45445,0,8.80184838816151,15.4032346792826
"Molenlanden","GM1978",2021-01-02,76,76,71,68,67,60,60,2020-12-01,16,0,5,9,25,"➚",44072,0,11.3450717008531,20.4211290615357
