"municipality","Municipality_code","date","d0","d1","d7","d8","d14","lowest_since_nov1","lowest_since_nov1_date","current","increase_1d","increase_7d","increase_14d","increase_growth","growth","population","rel_increase_1d","rel_increase_7d","rel_increase_14d"
"Netherlands","",2020-12-21,19143,19068,18552,18477,18047,15242,2020-11-01,3901,75,591,1096,17.029702970297,"&#x279A;",17443797,0.429952263260115,3.3880238344897,6.28303574044114
"Unknown","",2020-12-21,110,110,109,109,111,91,2020-11-01,19,0,1,-1,100,"&#x279A;",NA,NA,NA,NA
"Appingedam","GM0003",2020-12-21,9,9,9,9,8,8,2020-11-01,1,0,0,1,-100,"&#x2798;",11524,0,0,8.67754251995835
"Delfzijl","GM0010",2020-12-21,9,9,9,9,9,8,2020-11-01,1,0,0,0,0,"-",24590,0,0,0
"Groningen","GM0014",2020-12-21,46,44,40,40,37,32,2020-11-01,14,2,6,9,100,"&#x279A;",233441,0.856747529354312,2.57024258806294,3.8553638820944
"Loppersum","GM0024",2020-12-21,2,2,2,1,1,0,2020-11-01,2,0,0,1,-100,"&#x2798;",9476,0,0,10.5529759392149
"Almere","GM0034",2020-12-21,203,201,194,193,187,170,2020-11-01,33,2,9,16,28.5714285714286,"&#x279A;",214339,0.933101302142867,4.1989558596429,7.46481041714294
"Stadskanaal","GM0037",2020-12-21,12,12,12,12,10,8,2020-11-01,4,0,0,2,-100,"&#x2798;",31679,0,0,6.31333059755674
"Veendam","GM0047",2020-12-21,4,4,4,4,4,4,2020-11-01,0,0,0,0,0,"-",27395,0,0,0
"Zeewolde","GM0050",2020-12-21,16,16,16,16,16,13,2020-11-01,3,0,0,0,0,"-",22767,0,0,0
"Achtkarspelen","GM0059",2020-12-21,1,1,1,1,1,0,2020-11-01,1,0,0,0,0,"-",27880,0,0,0
"Ameland","GM0060",2020-12-21,0,0,0,0,0,0,2020-11-01,0,0,0,0,0,"-",3759,0,0,0
"Harlingen","GM0072",2020-12-21,5,5,5,5,5,4,2020-11-01,1,0,0,0,0,"-",15830,0,0,0
"Heerenveen","GM0074",2020-12-21,17,17,17,17,17,16,2020-11-01,1,0,0,0,0,"-",50603,0,0,0
"Leeuwarden","GM0080",2020-12-21,54,54,54,54,54,47,2020-11-01,7,0,0,0,0,"-",124427,0,0,0
"Ooststellingwerf","GM0085",2020-12-21,10,10,9,9,8,5,2020-11-01,5,0,1,2,0,"-",25398,0,3.93731789904717,7.87463579809434
"Opsterland","GM0086",2020-12-21,14,14,14,14,11,8,2020-11-01,6,0,0,3,-100,"&#x2798;",29815,0,0,10.0620493040416
"Schiermonnikoog","GM0088",2020-12-21,1,1,1,1,1,1,2020-11-01,0,0,0,0,0,"-",938,0,0,0
"Smallingerland","GM0090",2020-12-21,16,16,14,14,14,12,2020-11-01,4,0,2,2,200,"&#x279A;",56069,0,3.56703347660918,3.56703347660918
"Terschelling","GM0093",2020-12-21,1,1,1,1,1,1,2020-11-01,0,0,0,0,0,"-",4887,0,0,0
"Vlieland","GM0096",2020-12-21,0,0,0,0,0,0,2020-11-01,0,0,0,0,0,"-",1199,0,0,0
"Weststellingwerf","GM0098",2020-12-21,5,5,5,5,5,3,2020-11-01,2,0,0,0,0,"-",26094,0,0,0
"Assen","GM0106",2020-12-21,30,28,27,24,22,14,2020-11-01,16,2,3,8,-40,"&#x2798;",68808,2.90663876293454,4.35995814440181,11.6265550517382
"Coevorden","GM0109",2020-12-21,26,26,25,24,22,19,2020-11-01,7,0,1,4,-66.6666666666667,"&#x2798;",35306,0,2.83237976547896,11.3295190619158
"Emmen","GM0114",2020-12-21,62,62,59,58,56,49,2020-11-01,13,0,3,6,0,"-",107019,0,2.80324054607126,5.60648109214252
"Hoogeveen","GM0118",2020-12-21,37,37,35,35,33,29,2020-11-01,8,0,2,4,0,"-",55562,0,3.59958244843598,7.19916489687196
"Meppel","GM0119",2020-12-21,14,14,13,13,13,11,2020-11-01,3,0,1,1,100,"&#x279A;",34291,0,2.91621708319967,2.91621708319967
"Almelo","GM0141",2020-12-21,50,49,47,46,42,32,2020-11-01,18,1,3,8,-40,"&#x2798;",73184,1.36641888937473,4.09925666812418,10.9313511149978
"Borne","GM0147",2020-12-21,20,19,18,18,18,16,2020-11-01,4,1,2,2,200,"&#x279A;",23592,4.23872499152255,8.4774499830451,8.4774499830451
"Dalfsen","GM0148",2020-12-21,18,18,18,18,18,17,2020-11-01,1,0,0,0,0,"-",28925,0,0,0
"Deventer","GM0150",2020-12-21,64,64,59,59,56,50,2020-11-01,14,0,5,8,66.6666666666667,"&#x279A;",101081,0,4.94652803197436,7.91444485115897
"Enschede","GM0153",2020-12-21,119,118,113,113,102,70,2020-11-01,49,1,6,17,-45.4545454545455,"&#x2798;",159916,0.625328297356112,3.75196978413667,10.6305810550539
"Haaksbergen","GM0158",2020-12-21,22,22,22,22,22,18,2020-11-01,4,0,0,0,0,"-",24265,0,0,0
"Hardenberg","GM0160",2020-12-21,33,33,33,33,31,24,2020-11-01,9,0,0,2,-100,"&#x2798;",61249,0,0,3.26535943443975
"Hellendoorn","GM0163",2020-12-21,17,17,16,16,16,13,2020-11-01,4,0,1,1,100,"&#x279A;",35930,0,2.78318953520735,2.78318953520735
"Hengelo","GM0164",2020-12-21,52,51,49,49,46,39,2020-11-01,13,1,3,6,0,"-",81138,1.23246814069856,3.69740442209569,7.39480884419138
"Kampen","GM0166",2020-12-21,68,67,66,66,66,61,2020-11-01,7,1,2,2,200,"&#x279A;",54423,1.83745842750308,3.67491685500616,3.67491685500616
"Losser","GM0168",2020-12-21,20,20,18,18,15,11,2020-11-01,9,0,2,5,-33.3333333333333,"&#x2798;",22852,0,8.75196919306844,21.8799229826711
"Noordoostpolder","GM0171",2020-12-21,26,26,24,24,23,20,2020-11-01,6,0,2,3,100,"&#x279A;",47537,0,4.20724909018238,6.31087363527358
"Oldenzaal","GM0173",2020-12-21,31,31,27,27,26,16,2020-11-01,15,0,4,5,300,"&#x279A;",31728,0,12.6071608673727,15.7589510842158
"Ommen","GM0175",2020-12-21,10,10,9,9,9,9,2020-11-01,1,0,1,1,100,"&#x279A;",18264,0,5.47525186158563,5.47525186158563
"Raalte","GM0177",2020-12-21,27,27,27,27,27,25,2020-11-01,2,0,0,0,0,"-",37859,0,0,0
"Staphorst","GM0180",2020-12-21,11,11,11,11,11,8,2020-11-01,3,0,0,0,0,"-",17259,0,0,0
"Tubbergen","GM0183",2020-12-21,15,15,14,14,14,12,2020-11-01,3,0,1,1,100,"&#x279A;",21323,0,4.68977160812268,4.68977160812268
"Urk","GM0184",2020-12-21,38,38,38,38,35,24,2020-11-01,14,0,0,3,-100,"&#x2798;",21184,0,0,14.1616314199396
"Wierden","GM0189",2020-12-21,11,11,11,11,11,7,2020-11-01,4,0,0,0,0,"-",24540,0,0,0
"Zwolle","GM0193",2020-12-21,64,64,63,63,62,54,2020-11-01,10,0,1,2,0,"-",129561,0,0.771837204096912,1.54367440819382
"Aalten","GM0197",2020-12-21,16,16,14,14,14,13,2020-11-01,3,0,2,2,200,"&#x279A;",27128,0,7.37245650250664,7.37245650250664
"Apeldoorn","GM0200",2020-12-21,142,141,138,137,134,117,2020-11-01,25,1,4,8,0,"-",164609,0.607500197437564,2.43000078975026,4.86000157950051
"Arnhem","GM0202",2020-12-21,123,123,119,117,115,99,2020-11-01,24,0,4,8,0,"-",162299,0,2.46458696603183,4.92917393206366
"Barneveld","GM0203",2020-12-21,32,32,32,32,31,25,2020-11-01,7,0,0,1,-100,"&#x2798;",59846,0,0,1.67095545232764
"Beuningen","GM0209",2020-12-21,24,24,24,24,24,20,2020-11-01,4,0,0,0,0,"-",26156,0,0,0
"Brummen","GM0213",2020-12-21,23,23,22,22,22,19,2020-11-01,4,0,1,1,100,"&#x279A;",20854,0,4.79524311882613,4.79524311882613
"Buren","GM0214",2020-12-21,27,27,27,27,27,23,2020-11-01,4,0,0,0,0,"-",26992,0,0,0
"Culemborg","GM0216",2020-12-21,35,35,34,34,34,28,2020-11-01,7,0,1,1,100,"&#x279A;",29103,0,3.43607188262378,3.43607188262378
"Doesburg","GM0221",2020-12-21,14,13,12,12,12,11,2020-11-01,3,1,2,2,200,"&#x279A;",11028,9.06782734856728,18.1356546971346,18.1356546971346
"Doetinchem","GM0222",2020-12-21,42,42,41,41,40,34,2020-11-01,8,0,1,2,0,"-",58220,0,1.71762281003092,3.43524562006183
"Druten","GM0225",2020-12-21,31,31,31,31,29,28,2020-11-01,3,0,0,2,-100,"&#x2798;",18972,0,0,10.5418511490618
"Duiven","GM0226",2020-12-21,19,19,18,18,18,17,2020-11-01,2,0,1,1,100,"&#x279A;",25079,0,3.98739981657961,3.98739981657961
"Ede","GM0228",2020-12-21,100,100,95,95,90,75,2020-11-01,25,0,5,10,0,"-",118461,0,4.22079840622652,8.44159681245304
"Elburg","GM0230",2020-12-21,31,31,31,31,31,29,2020-11-01,2,0,0,0,0,"-",23394,0,0,0
"Epe","GM0232",2020-12-21,58,58,57,56,55,53,2020-11-01,5,0,1,3,-50,"&#x2798;",33179,0,3.01395460984358,9.04186382953073
"Ermelo","GM0233",2020-12-21,33,33,33,33,33,33,2020-11-01,0,0,0,0,0,"-",27028,0,0,0
"Harderwijk","GM0243",2020-12-21,57,57,55,55,54,47,2020-11-01,10,0,2,3,100,"&#x279A;",48637,0,4.11209572958859,6.16814359438288
"Hattem","GM0244",2020-12-21,19,19,19,19,18,18,2020-11-01,1,0,0,1,-100,"&#x2798;",12227,0,0,8.17862108448515
"Heerde","GM0246",2020-12-21,55,55,55,55,55,55,2020-11-01,0,0,0,0,0,"-",18749,0,0,0
"Heumen","GM0252",2020-12-21,23,23,21,21,21,19,2020-11-01,4,0,2,2,200,"&#x279A;",16584,0,12.0598166907863,12.0598166907863
"Lochem","GM0262",2020-12-21,23,23,23,22,22,18,2020-11-01,5,0,0,1,-100,"&#x2798;",33869,0,0,2.95255248162036
"Maasdriel","GM0263",2020-12-21,26,26,26,26,26,20,2020-11-01,6,0,0,0,0,"-",25442,0,0,0
"Nijkerk","GM0267",2020-12-21,35,35,33,33,33,27,2020-11-01,8,0,2,2,200,"&#x279A;",43527,0,4.59484917407586,4.59484917407586
"Nijmegen","GM0268",2020-12-21,203,203,200,199,199,180,2020-11-01,23,0,3,4,200,"&#x279A;",177489,0,1.69024559268462,2.25366079024616
"Oldebroek","GM0269",2020-12-21,43,42,41,41,40,40,2020-11-01,3,1,2,3,100,"&#x279A;",23715,4.21674045962471,8.43348091924942,12.6502213788741
"Putten","GM0273",2020-12-21,13,13,13,13,13,12,2020-11-01,1,0,0,0,0,"-",24387,0,0,0
"Renkum","GM0274",2020-12-21,22,22,21,20,20,17,2020-11-01,5,0,1,2,0,"-",31398,0,3.18491623670297,6.36983247340595
"Rheden","GM0275",2020-12-21,43,42,41,41,39,35,2020-11-01,8,1,2,4,0,"-",43649,2.29100323031455,4.58200646062911,9.16401292125822
"Rozendaal","GM0277",2020-12-21,1,1,1,1,1,1,2020-11-01,0,0,0,0,0,"-",1719,0,0,0
"Scherpenzeel","GM0279",2020-12-21,5,5,5,5,5,5,2020-11-01,0,0,0,0,0,"-",10095,0,0,0
"Tiel","GM0281",2020-12-21,65,65,64,64,62,48,2020-11-01,17,0,1,3,-50,"&#x2798;",41907,0,2.38623618965805,7.15870856897416
"Voorst","GM0285",2020-12-21,20,20,19,19,18,18,2020-11-01,2,0,1,2,0,"-",24720,0,4.0453074433657,8.09061488673139
"Wageningen","GM0289",2020-12-21,30,30,30,30,30,26,2020-11-01,4,0,0,0,0,"-",39770,0,0,0
"Westervoort","GM0293",2020-12-21,16,16,15,15,15,12,2020-11-01,4,0,1,1,100,"&#x279A;",15008,0,6.66311300639659,6.66311300639659
"Winterswijk","GM0294",2020-12-21,13,13,13,13,13,9,2020-11-01,4,0,0,0,0,"-",28937,0,0,0
"Wijchen","GM0296",2020-12-21,61,61,61,61,59,54,2020-11-01,7,0,0,2,-100,"&#x2798;",41239,0,0,4.84977812265089
"Zaltbommel","GM0297",2020-12-21,26,26,26,26,26,23,2020-11-01,3,0,0,0,0,"-",29418,0,0,0
"Zevenaar","GM0299",2020-12-21,62,62,61,61,61,58,2020-11-01,4,0,1,1,100,"&#x279A;",44098,0,2.26767653861853,2.26767653861853
"Zutphen","GM0301",2020-12-21,42,42,39,39,39,34,2020-11-01,8,0,3,3,300,"&#x279A;",48130,0,6.23311863702472,6.23311863702472
"Nunspeet","GM0302",2020-12-21,68,68,66,65,64,61,2020-11-05,7,0,2,4,0,"-",28011,0,7.14005212238049,14.280104244761
"Dronten","GM0303",2020-12-21,49,47,46,44,43,40,2020-11-01,9,2,3,6,0,"-",41907,4.7724723793161,7.15870856897416,14.3174171379483
"Amersfoort","GM0307",2020-12-21,145,144,137,135,130,99,2020-11-01,46,1,8,15,14.2857142857143,"&#x279A;",157613,0.634465431150984,5.07572344920787,9.51698146726476
"Baarn","GM0308",2020-12-21,25,25,24,24,24,17,2020-11-01,8,0,1,1,100,"&#x279A;",24841,0,4.0256028340244,4.0256028340244
"De Bilt","GM0310",2020-12-21,40,40,38,38,38,35,2020-11-01,5,0,2,2,200,"&#x279A;",43372,0,4.61126994374251,4.61126994374251
"Bunnik","GM0312",2020-12-21,16,16,16,16,16,12,2020-11-01,4,0,0,0,0,"-",15352,0,0,0
"Bunschoten","GM0313",2020-12-21,38,38,36,36,33,17,2020-11-01,21,0,2,5,-33.3333333333333,"&#x2798;",22030,0,9.07852927825692,22.6963231956423
"Eemnes","GM0317",2020-12-21,7,7,7,7,6,3,2020-11-01,4,0,0,1,-100,"&#x2798;",9370,0,0,10.6723585912487
"Houten","GM0321",2020-12-21,44,44,43,43,43,34,2020-11-01,10,0,1,1,100,"&#x279A;",50236,0,1.99060434747989,1.99060434747989
"Leusden","GM0327",2020-12-21,18,18,17,16,16,11,2020-11-01,7,0,1,2,0,"-",30509,0,3.27772132813268,6.55544265626536
"Lopik","GM0331",2020-12-21,25,25,25,25,25,25,2020-11-01,0,0,0,0,0,"-",14434,0,0,0
"Montfoort","GM0335",2020-12-21,16,16,16,16,16,16,2020-11-01,0,0,0,0,0,"-",13901,0,0,0
"Renswoude","GM0339",2020-12-21,5,5,5,5,5,5,2020-11-01,0,0,0,0,0,"-",5533,0,0,0
"Rhenen","GM0340",2020-12-21,16,16,15,15,15,13,2020-11-01,3,0,1,1,100,"&#x279A;",20170,0,4.95785820525533,4.95785820525533
"Soest","GM0342",2020-12-21,47,47,46,46,43,37,2020-11-01,10,0,1,4,-66.6666666666667,"&#x2798;",46905,0,2.13196887325445,8.5278754930178
"Utrecht","GM0344",2020-12-21,474,473,469,464,456,368,2020-11-01,106,1,5,18,-61.5384615384615,"&#x2798;",359481,0.278178818908371,1.39089409454185,5.00721874035067
"Veenendaal","GM0345",2020-12-21,81,81,78,77,72,59,2020-11-01,22,0,3,9,-50,"&#x2798;",66905,0,4.48396980793663,13.4519094238099
"Woudenberg","GM0351",2020-12-21,12,12,11,11,11,9,2020-11-01,3,0,1,1,100,"&#x279A;",13602,0,7.35186002058521,7.35186002058521
"Wijk bij Duurstede","GM0352",2020-12-21,15,15,14,14,14,12,2020-11-01,3,0,1,1,100,"&#x279A;",23932,0,4.17850576633796,4.17850576633796
"IJsselstein","GM0353",2020-12-21,53,52,52,52,51,44,2020-11-01,9,1,1,2,0,"-",33901,2.94976549364326,2.94976549364326,5.89953098728651
"Zeist","GM0355",2020-12-21,55,55,53,52,52,45,2020-11-02,10,0,2,3,100,"&#x279A;",64980,0,3.07787011388119,4.61680517082179
"Nieuwegein","GM0356",2020-12-21,72,71,69,69,65,54,2020-11-01,18,1,3,7,-25,"&#x2798;",63821,1.56688237414017,4.70064712242052,10.9681766189812
"Aalsmeer","GM0358",2020-12-21,19,19,19,19,18,12,2020-11-01,7,0,0,1,-100,"&#x2798;",31958,0,0,3.12910695287565
"Alkmaar","GM0361",2020-12-21,84,84,82,82,80,68,2020-11-01,16,0,2,4,0,"-",109809,0,1.82134433425311,3.64268866850622
"Amstelveen","GM0362",2020-12-21,92,91,90,90,88,76,2020-11-01,16,1,2,4,0,"-",90965,1.09932391579179,2.19864783158358,4.39729566316715
"Amsterdam","GM0363",2020-12-21,1281,1276,1238,1234,1213,1049,2020-11-01,232,5,43,68,72,"&#x279A;",872939,0.572777708408033,4.92588829230908,7.78977683434925
"Beemster","GM0370",2020-12-21,5,4,4,4,4,4,2020-11-01,1,1,1,1,100,"&#x279A;",10062,9.93838203140529,9.93838203140529,9.93838203140529
"Bergen (NH.)","GM0373",2020-12-21,27,27,27,27,25,22,2020-11-01,5,0,0,2,-100,"&#x2798;",29674,0,0,6.73990698928355
"Beverwijk","GM0375",2020-12-21,25,25,24,24,23,20,2020-11-01,5,0,1,2,0,"-",41803,0,2.39217281056384,4.78434562112767
"Blaricum","GM0376",2020-12-21,8,8,8,8,8,8,2020-11-01,0,0,0,0,0,"-",11885,0,0,0
"Bloemendaal","GM0377",2020-12-21,10,10,10,10,10,10,2020-11-01,0,0,0,0,0,"-",23526,0,0,0
"Castricum","GM0383",2020-12-21,18,18,18,18,18,18,2020-11-01,0,0,0,0,0,"-",36198,0,0,0
"Diemen","GM0384",2020-12-21,30,30,30,30,28,24,2020-11-01,6,0,0,2,-100,"&#x2798;",31263,0,0,6.39733870709785
"Edam-Volendam","GM0385",2020-12-21,57,57,56,56,56,42,2020-11-01,15,0,1,1,100,"&#x279A;",36239,0,2.75945804244046,2.75945804244046
"Enkhuizen","GM0388",2020-12-21,22,21,20,20,20,20,2020-11-01,2,1,2,2,200,"&#x279A;",18640,5.36480686695279,10.7296137339056,10.7296137339056
"Haarlem","GM0392",2020-12-21,139,139,136,136,133,107,2020-11-01,32,0,3,6,0,"-",162773,0,1.84305750953782,3.68611501907565
"Haarlemmermeer","GM0394",2020-12-21,123,123,117,116,114,100,2020-11-01,23,0,6,9,100,"&#x279A;",157715,0,3.80433059632882,5.70649589449323
"Heemskerk","GM0396",2020-12-21,42,42,42,42,40,35,2020-11-01,7,0,0,2,-100,"&#x2798;",39207,0,0,5.10112990027291
"Heemstede","GM0397",2020-12-21,21,21,20,20,19,17,2020-11-01,4,0,1,2,0,"-",27474,0,3.63980490645701,7.27960981291403
"Heerhugowaard","GM0398",2020-12-21,36,36,33,33,33,30,2020-11-01,6,0,3,3,300,"&#x279A;",58156,0,5.15853910172639,5.15853910172639
"Heiloo","GM0399",2020-12-21,15,15,14,14,14,12,2020-11-01,3,0,1,1,100,"&#x279A;",24095,0,4.15023863872173,4.15023863872173
"Den Helder","GM0400",2020-12-21,23,23,19,19,19,17,2020-11-01,6,0,4,4,400,"&#x279A;",56506,0,7.07889427671398,7.07889427671398
"Hilversum","GM0402",2020-12-21,50,50,49,49,49,42,2020-11-01,8,0,1,1,100,"&#x279A;",91233,0,1.09609461488716,1.09609461488716
"Hoorn","GM0405",2020-12-21,52,52,50,50,49,40,2020-11-01,12,0,2,3,100,"&#x279A;",73552,0,2.71916467261257,4.07874700891886
"Huizen","GM0406",2020-12-21,39,39,38,38,37,31,2020-11-01,8,0,1,2,0,"-",41146,0,2.43036990229913,4.86073980459826
"Landsmeer","GM0415",2020-12-21,7,7,7,7,6,5,2020-11-01,2,0,0,1,-100,"&#x2798;",11578,0,0,8.63707030575229
"Langedijk","GM0416",2020-12-21,23,23,22,22,22,21,2020-11-01,2,0,1,1,100,"&#x279A;",28327,0,3.53020086842941,3.53020086842941
"Laren","GM0417",2020-12-21,12,12,12,11,11,10,2020-11-01,2,0,0,1,-100,"&#x2798;",11406,0,0,8.76731544800982
"Medemblik","GM0420",2020-12-21,24,24,23,23,23,20,2020-11-01,4,0,1,1,100,"&#x279A;",45116,0,2.21650855572303,2.21650855572303
"Oostzaan","GM0431",2020-12-21,13,13,13,13,13,12,2020-11-01,1,0,0,0,0,"-",9668,0,0,0
"Opmeer","GM0432",2020-12-21,3,3,3,3,3,1,2020-11-01,2,0,0,0,0,"-",11995,0,0,0
"Ouder-Amstel","GM0437",2020-12-21,8,8,8,8,8,8,2020-11-01,0,0,0,0,0,"-",14146,0,0,0
"Purmerend","GM0439",2020-12-21,103,103,102,101,98,88,2020-11-01,15,0,1,5,-75,"&#x2798;",81735,0,1.22346607940295,6.11733039701474
"Schagen","GM0441",2020-12-21,25,25,24,24,24,21,2020-11-01,4,0,1,1,100,"&#x279A;",46517,0,2.14975170367823,2.14975170367823
"Texel","GM0448",2020-12-21,6,6,6,6,6,6,2020-11-01,0,0,0,0,0,"-",13651,0,0,0
"Uitgeest","GM0450",2020-12-21,8,8,7,7,7,7,2020-11-01,1,0,1,1,100,"&#x279A;",13661,0,7.3201083376034,7.3201083376034
"Uithoorn","GM0451",2020-12-21,27,27,27,27,27,21,2020-11-01,6,0,0,0,0,"-",30051,0,0,0
"Velsen","GM0453",2020-12-21,63,62,61,61,59,50,2020-11-01,13,1,2,4,0,"-",68758,1.45437621804008,2.90875243608017,5.81750487216033
"Weesp","GM0457",2020-12-21,12,12,11,11,11,10,2020-11-01,2,0,1,1,100,"&#x279A;",20466,0,4.88615264340858,4.88615264340858
"Zandvoort","GM0473",2020-12-21,15,15,15,15,15,15,2020-11-01,0,0,0,0,0,"-",17149,0,0,0
"Zaanstad","GM0479",2020-12-21,213,214,205,204,199,161,2020-11-01,52,-1,8,14,33.3333333333333,"&#x279A;",157133,-0.636403556223072,5.09122844978458,8.90964978712301
"Alblasserdam","GM0482",2020-12-21,16,15,15,15,15,11,2020-11-01,5,1,1,1,100,"&#x279A;",20229,4.94339809184834,4.94339809184834,4.94339809184834
"Alphen aan den Rijn","GM0484",2020-12-21,116,114,111,111,111,89,2020-11-01,27,2,5,5,500,"&#x279A;",112520,1.77746178457163,4.44365446142908,4.44365446142908
"Barendrecht","GM0489",2020-12-21,73,73,71,71,70,51,2020-11-01,22,0,2,3,100,"&#x279A;",48597,0,4.11548037944729,6.17322056917094
"Drechterland","GM0498",2020-12-21,7,7,7,7,7,6,2020-11-01,1,0,0,0,0,"-",19832,0,0,0
"Brielle","GM0501",2020-12-21,23,23,23,23,23,17,2020-11-01,6,0,0,0,0,"-",17397,0,0,0
"Capelle aan den IJssel","GM0502",2020-12-21,99,99,99,99,96,73,2020-11-01,26,0,0,3,-100,"&#x2798;",67204,0,0,4.46401999880959
"Delft","GM0503",2020-12-21,71,71,70,69,67,48,2020-11-01,23,0,1,4,-66.6666666666667,"&#x2798;",103973,0,0.96178815654064,3.84715262616256
"Dordrecht","GM0505",2020-12-21,115,114,110,110,107,97,2020-11-01,18,1,5,8,66.6666666666667,"&#x279A;",119203,0.838905061114234,4.19452530557117,6.71124048891387
"Gorinchem","GM0512",2020-12-21,23,23,23,23,20,20,2020-11-01,3,0,0,3,-100,"&#x2798;",37422,0,0,8.01667468334135
"Gouda","GM0513",2020-12-21,113,112,106,105,104,73,2020-11-01,40,1,7,9,250,"&#x279A;",73771,1.35554621734828,9.48882352143796,12.1999159561345
"'s-Gravenhage","GM0518",2020-12-21,846,841,809,806,797,617,2020-11-01,229,5,37,49,208.333333333333,"&#x279A;",547882,0.912605269017781,6.75327899073158,8.94353163637426
"Hardinxveld-Giessendam","GM0523",2020-12-21,2,2,2,2,2,2,2020-11-01,0,0,0,0,0,"-",18393,0,0,0
"Hellevoetsluis","GM0530",2020-12-21,35,35,35,34,33,20,2020-11-04,15,0,0,2,-100,"&#x2798;",40251,0,0,4.96882065041862
"Hendrik-Ido-Ambacht","GM0531",2020-12-21,14,14,14,14,13,13,2020-11-01,1,0,0,1,-100,"&#x2798;",31235,0,0,3.20153673763406
"Stede Broec","GM0532",2020-12-21,20,20,20,20,20,19,2020-11-01,1,0,0,0,0,"-",21775,0,0,0
"Hillegom","GM0534",2020-12-21,11,11,10,10,9,8,2020-11-01,3,0,1,2,0,"-",22216,0,4.50126035289881,9.00252070579762
"Katwijk","GM0537",2020-12-21,66,66,64,63,58,46,2020-11-01,20,0,2,8,-66.6666666666667,"&#x2798;",65965,0,3.03191086182066,12.1276434472826
"Krimpen aan den IJssel","GM0542",2020-12-21,25,25,25,25,26,18,2020-11-01,7,0,0,-1,0,"-",29410,0,0,-3.40020401224073
"Leiden","GM0546",2020-12-21,90,89,88,86,84,64,2020-11-01,26,1,2,6,-50,"&#x2798;",124016,0.806347568055735,1.61269513611147,4.83808540833441
"Leiderdorp","GM0547",2020-12-21,30,30,30,30,30,25,2020-11-01,5,0,0,0,0,"-",27359,0,0,0
"Lisse","GM0553",2020-12-21,20,20,18,18,15,11,2020-11-01,9,0,2,5,-33.3333333333333,"&#x2798;",22989,0,8.69981295402149,21.7495323850537
"Maassluis","GM0556",2020-12-21,45,45,44,44,44,32,2020-11-01,13,0,1,1,100,"&#x279A;",33539,0,2.98160350636572,2.98160350636572
"Nieuwkoop","GM0569",2020-12-21,22,22,22,21,19,14,2020-11-01,8,0,0,3,-100,"&#x2798;",29119,0,0,10.3025515986126
"Noordwijk","GM0575",2020-12-21,43,43,42,42,41,32,2020-11-01,11,0,1,2,0,"-",43982,0,2.27365740530217,4.54731481060434
"Oegstgeest","GM0579",2020-12-21,17,17,17,17,17,11,2020-11-01,6,0,0,0,0,"-",25067,0,0,0
"Oudewater","GM0589",2020-12-21,32,32,32,32,32,30,2020-11-01,2,0,0,0,0,"-",10154,0,0,0
"Papendrecht","GM0590",2020-12-21,11,11,11,11,11,9,2020-11-01,2,0,0,0,0,"-",32119,0,0,0
"Ridderkerk","GM0597",2020-12-21,62,61,57,57,55,47,2020-11-01,15,1,5,7,150,"&#x279A;",46646,2.14380654289757,10.7190327144878,15.006645800283
"Rotterdam","GM0599",2020-12-21,1202,1195,1167,1164,1137,850,2020-11-01,352,7,35,65,16.6666666666667,"&#x279A;",652497,1.07280186728828,5.36400933644139,9.96173162481973
"Rijswijk","GM0603",2020-12-21,83,82,81,80,80,62,2020-11-01,21,1,2,3,100,"&#x279A;",55211,1.81123326873268,3.62246653746536,5.43369980619804
"Schiedam","GM0606",2020-12-21,145,145,142,142,136,79,2020-11-01,66,0,3,9,-50,"&#x2798;",79284,0,3.78386559709399,11.351596791282
"Sliedrecht","GM0610",2020-12-21,12,12,12,12,12,10,2020-11-01,2,0,0,0,0,"-",25509,0,0,0
"Albrandswaard","GM0613",2020-12-21,33,32,32,32,32,18,2020-11-01,15,1,1,1,100,"&#x279A;",25857,3.86742468190432,3.86742468190432,3.86742468190432
"Westvoorne","GM0614",2020-12-21,10,10,9,9,9,6,2020-11-01,4,0,1,1,100,"&#x279A;",14896,0,6.71321160042964,6.71321160042964
"Vlaardingen","GM0622",2020-12-21,103,103,97,97,90,62,2020-11-01,41,0,6,13,-14.2857142857143,"&#x2798;",73863,0,8.12314690711182,17.6001516320756
"Voorschoten","GM0626",2020-12-21,13,13,13,13,12,11,2020-11-01,2,0,0,1,-100,"&#x2798;",25613,0,0,3.9042673642291
"Waddinxveen","GM0627",2020-12-21,46,45,44,44,42,27,2020-11-01,19,1,2,4,0,"-",30123,3.31972247120141,6.63944494240281,13.2788898848056
"Wassenaar","GM0629",2020-12-21,21,21,20,20,19,11,2020-11-01,10,0,1,2,0,"-",26782,0,3.73385109401837,7.46770218803674
"Woerden","GM0632",2020-12-21,79,79,76,76,74,64,2020-11-01,15,0,3,5,50,"&#x279A;",52659,0,5.69703184640802,9.4950530773467
"Zoetermeer","GM0637",2020-12-21,93,92,87,86,85,70,2020-11-01,23,1,6,8,200,"&#x279A;",125297,0.798103705595505,4.78862223357303,6.38482964476404
"Zoeterwoude","GM0638",2020-12-21,5,5,4,4,4,4,2020-11-01,1,0,1,1,100,"&#x279A;",8794,0,11.3713895838071,11.3713895838071
"Zwijndrecht","GM0642",2020-12-21,36,36,35,35,32,30,2020-11-01,6,0,1,4,-66.6666666666667,"&#x2798;",44778,0,2.23323953727277,8.93295814909107
"Borsele","GM0654",2020-12-21,7,7,7,7,7,5,2020-11-01,2,0,0,0,0,"-",22758,0,0,0
"Goes","GM0664",2020-12-21,31,31,26,26,26,15,2020-11-01,16,0,5,5,500,"&#x279A;",38556,0,12.9681502230522,12.9681502230522
"West Maas en Waal","GM0668",2020-12-21,24,24,24,24,24,24,2020-11-01,0,0,0,0,0,"-",19537,0,0,0
"Hulst","GM0677",2020-12-21,22,22,21,21,21,13,2020-11-01,9,0,1,1,100,"&#x279A;",27593,0,3.62410756351249,3.62410756351249
"Kapelle","GM0678",2020-12-21,5,5,4,4,4,3,2020-11-01,2,0,1,1,100,"&#x279A;",12874,0,7.76759359950287,7.76759359950287
"Middelburg","GM0687",2020-12-21,29,29,29,29,28,21,2020-11-01,8,0,0,1,-100,"&#x2798;",49009,0,0,2.04044155155176
"Reimerswaal","GM0703",2020-12-21,10,10,9,9,9,6,2020-11-01,4,0,1,1,100,"&#x279A;",22916,0,4.36376330947809,4.36376330947809
"Terneuzen","GM0715",2020-12-21,41,41,40,40,39,25,2020-11-01,16,0,1,2,0,"-",54435,0,1.83705336640029,3.67410673280059
"Tholen","GM0716",2020-12-21,51,51,51,51,50,45,2020-11-01,6,0,0,1,-100,"&#x2798;",25993,0,0,3.84718962797676
"Veere","GM0717",2020-12-21,10,10,10,10,10,8,2020-11-01,2,0,0,0,0,"-",21994,0,0,0
"Vlissingen","GM0718",2020-12-21,21,21,20,20,17,12,2020-11-01,9,0,1,4,-66.6666666666667,"&#x2798;",44296,0,2.25754018421528,9.03016073686112
"De Ronde Venen","GM0736",2020-12-21,75,74,71,71,70,53,2020-11-01,22,1,4,5,300,"&#x279A;",44642,2.24004300882577,8.96017203530308,11.2002150441288
"Tytsjerksteradiel","GM0737",2020-12-21,9,9,9,9,9,7,2020-11-01,2,0,0,0,0,"-",32049,0,0,0
"Asten","GM0743",2020-12-21,22,22,22,22,21,18,2020-11-01,4,0,0,1,-100,"&#x2798;",16768,0,0,5.96374045801527
"Baarle-Nassau","GM0744",2020-12-21,12,12,12,12,12,9,2020-11-01,3,0,0,0,0,"-",6917,0,0,0
"Bergen op Zoom","GM0748",2020-12-21,67,67,66,66,63,47,2020-11-01,20,0,1,4,-66.6666666666667,"&#x2798;",67609,0,1.47909302016004,5.91637208064015
"Best","GM0753",2020-12-21,40,40,39,39,39,35,2020-11-01,5,0,1,1,100,"&#x279A;",30162,0,3.31543001127246,3.31543001127246
"Boekel","GM0755",2020-12-21,37,37,37,36,36,36,2020-11-01,1,0,0,1,-100,"&#x2798;",10906,0,0,9.16926462497708
"Boxmeer","GM0756",2020-12-21,28,28,25,25,25,23,2020-11-01,5,0,3,3,300,"&#x279A;",29580,0,10.1419878296146,10.1419878296146
"Boxtel","GM0757",2020-12-21,34,34,34,34,32,24,2020-11-01,10,0,0,2,-100,"&#x2798;",30888,0,0,6.47500647500648
"Breda","GM0758",2020-12-21,212,212,207,207,202,184,2020-11-01,28,0,5,10,0,"-",184190,0,2.71458819697052,5.42917639394104
"Deurne","GM0762",2020-12-21,65,65,64,64,64,58,2020-11-01,7,0,1,1,100,"&#x279A;",32455,0,3.08118933908489,3.08118933908489
"Pekela","GM0765",2020-12-21,10,10,8,8,7,6,2020-11-01,4,0,2,3,100,"&#x279A;",12173,0,16.4298036638462,24.6447054957693
"Dongen","GM0766",2020-12-21,39,39,38,38,38,30,2020-11-01,9,0,1,1,100,"&#x279A;",26351,0,3.79492239383705,3.79492239383705
"Eersel","GM0770",2020-12-21,38,38,38,38,36,32,2020-11-01,6,0,0,2,-100,"&#x2798;",19491,0,0,10.2611461700272
"Eindhoven","GM0772",2020-12-21,277,277,262,262,249,210,2020-11-01,67,0,15,28,15.3846153846154,"&#x279A;",235514,0,6.36904812452763,11.8888898324516
"Etten-Leur","GM0777",2020-12-21,60,60,59,59,58,51,2020-11-01,9,0,1,2,0,"-",43928,0,2.27645237661628,4.55290475323256
"Geertruidenberg","GM0779",2020-12-21,21,21,21,20,19,17,2020-11-01,4,0,0,2,-100,"&#x2798;",21768,0,0,9.18779860345461
"Gilze en Rijen","GM0784",2020-12-21,30,30,30,29,29,24,2020-11-01,6,0,0,1,-100,"&#x2798;",26761,0,0,3.73678113672882
"Goirle","GM0785",2020-12-21,36,36,36,36,36,35,2020-11-01,1,0,0,0,0,"-",23915,0,0,0
"Grave","GM0786",2020-12-21,28,28,28,28,28,24,2020-11-01,4,0,0,0,0,"-",12433,0,0,0
"Haaren","GM0788",2020-12-21,25,25,24,23,23,20,2020-11-01,5,0,1,2,0,"-",14351,0,6.96815552923141,13.9363110584628
"Helmond","GM0794",2020-12-21,150,150,145,145,139,124,2020-11-01,26,0,5,11,-16.6666666666667,"&#x2798;",92574,0,5.40108453777519,11.8823859831054
"'s-Hertogenbosch","GM0796",2020-12-21,182,181,178,176,170,153,2020-11-01,29,1,4,12,-50,"&#x2798;",155541,0.642917301547502,2.57166920619001,7.71500761857002
"Heusden","GM0797",2020-12-21,68,68,64,64,61,50,2020-11-01,18,0,4,7,33.3333333333333,"&#x279A;",44977,0,8.89343442203793,15.5635102385664
"Hilvarenbeek","GM0798",2020-12-21,18,18,17,17,17,15,2020-11-01,3,0,1,1,100,"&#x279A;",15661,0,6.38528829576655,6.38528829576655
"Loon op Zand","GM0809",2020-12-21,39,38,38,38,36,30,2020-11-01,9,1,1,3,-50,"&#x2798;",23467,4.26130310648997,4.26130310648997,12.7839093194699
"Mill en Sint Hubert","GM0815",2020-12-21,14,14,14,14,14,9,2020-11-01,5,0,0,0,0,"-",11003,0,0,0
"Nuenen, Gerwen en Nederwetten","GM0820",2020-12-21,23,22,22,22,22,20,2020-11-01,3,1,1,1,100,"&#x279A;",23640,4.23011844331641,4.23011844331641,4.23011844331641
"Oirschot","GM0823",2020-12-21,21,21,21,21,20,17,2020-11-01,4,0,0,1,-100,"&#x2798;",18826,0,0,5.3118028258791
"Oisterwijk","GM0824",2020-12-21,32,32,32,32,31,27,2020-11-01,5,0,0,1,-100,"&#x2798;",26436,0,0,3.78272053260705
"Oosterhout","GM0826",2020-12-21,62,62,59,59,58,52,2020-11-01,10,0,3,4,200,"&#x279A;",56225,0,5.33570475767008,7.11427301022677
"Oss","GM0828",2020-12-21,200,200,197,197,194,177,2020-11-01,23,0,3,6,0,"-",92390,0,3.24710466500704,6.49420933001407
"Rucphen","GM0840",2020-12-21,25,25,25,24,23,16,2020-11-01,9,0,0,2,-100,"&#x2798;",23077,0,0,8.66663777787407
"Sint-Michielsgestel","GM0845",2020-12-21,41,41,40,39,39,37,2020-11-01,4,0,1,2,0,"-",29476,0,3.39259058216854,6.78518116433709
"Someren","GM0847",2020-12-21,37,37,36,36,36,34,2020-11-01,3,0,1,1,100,"&#x279A;",19364,0,5.16422226812642,5.16422226812642
"Son en Breugel","GM0848",2020-12-21,35,35,33,33,32,31,2020-11-01,4,0,2,3,100,"&#x279A;",17539,0,11.403158674953,17.1047380124294
"Steenbergen","GM0851",2020-12-21,20,20,20,20,20,18,2020-11-01,2,0,0,0,0,"-",24326,0,0,0
"Waterland","GM0852",2020-12-21,25,25,25,25,24,21,2020-11-01,4,0,0,1,-100,"&#x2798;",17324,0,0,5.77233895174325
"Tilburg","GM0855",2020-12-21,331,330,323,322,317,278,2020-11-01,53,1,8,14,33.3333333333333,"&#x279A;",220536,0.45344070809301,3.62752566474408,6.34816991330214
"Uden","GM0856",2020-12-21,120,120,120,120,120,116,2020-11-01,4,0,0,0,0,"-",42207,0,0,0
"Valkenswaard","GM0858",2020-12-21,28,28,27,27,25,23,2020-11-01,5,0,1,3,-50,"&#x2798;",31241,0,3.20092186549726,9.60276559649179
"Veldhoven","GM0861",2020-12-21,48,48,43,43,43,38,2020-11-01,10,0,5,5,500,"&#x279A;",45636,0,10.956262599702,10.956262599702
"Vught","GM0865",2020-12-21,50,50,49,49,46,43,2020-11-01,7,0,1,4,-66.6666666666667,"&#x2798;",26772,0,3.73524577917227,14.9409831166891
"Waalre","GM0866",2020-12-21,9,9,9,9,9,8,2020-11-01,1,0,0,0,0,"-",17528,0,0,0
"Waalwijk","GM0867",2020-12-21,59,59,57,57,57,45,2020-11-01,14,0,2,2,200,"&#x279A;",48886,0,4.0911508407315,4.0911508407315
"Woensdrecht","GM0873",2020-12-21,12,12,11,11,11,10,2020-11-01,2,0,1,1,100,"&#x279A;",21970,0,4.55166135639508,4.55166135639508
"Zundert","GM0879",2020-12-21,30,30,30,30,30,27,2020-11-01,3,0,0,0,0,"-",22026,0,0,0
"Wormerland","GM0880",2020-12-21,25,25,25,25,25,21,2020-11-01,4,0,0,0,0,"-",16256,0,0,0
"Landgraaf","GM0882",2020-12-21,57,57,57,56,56,55,2020-11-01,2,0,0,1,-100,"&#x2798;",37302,0,0,2.68082140367809
"Beek","GM0888",2020-12-21,18,18,18,18,18,18,2020-11-01,0,0,0,0,0,"-",15897,0,0,0
"Beesel","GM0889",2020-12-21,24,24,24,24,23,20,2020-11-01,4,0,0,1,-100,"&#x2798;",13452,0,0,7.43383883437407
"Bergen (L.)","GM0893",2020-12-21,12,12,12,12,12,10,2020-11-01,2,0,0,0,0,"-",13117,0,0,0
"Brunssum","GM0899",2020-12-21,58,58,58,58,54,50,2020-11-01,8,0,0,4,-100,"&#x2798;",27661,0,0,14.4607931745056
"Gennep","GM0907",2020-12-21,21,21,19,19,18,17,2020-11-01,4,0,2,3,100,"&#x279A;",17002,0,11.7633219621221,17.6449829431832
"Heerlen","GM0917",2020-12-21,146,145,143,143,138,131,2020-11-01,15,1,3,8,-40,"&#x2798;",86805,1.15200737284719,3.45602211854156,9.21605898277749
"Kerkrade","GM0928",2020-12-21,83,84,81,80,79,70,2020-11-01,13,-1,2,4,0,"-",45517,-2.19698134762836,4.39396269525672,8.78792539051343
"Maastricht","GM0935",2020-12-21,222,222,219,215,213,200,2020-11-01,22,0,3,9,-50,"&#x2798;",120484,0,2.48995717273663,7.46987151820989
"Meerssen","GM0938",2020-12-21,26,26,26,26,25,23,2020-11-01,3,0,0,1,-100,"&#x2798;",18707,0,0,5.34559255893516
"Mook en Middelaar","GM0944",2020-12-21,10,10,10,9,9,8,2020-11-01,2,0,0,1,-100,"&#x2798;",7897,0,0,12.6630365961758
"Nederweert","GM0946",2020-12-21,37,37,37,37,37,34,2020-11-01,3,0,0,0,0,"-",17161,0,0,0
"Roermond","GM0957",2020-12-21,68,68,68,68,66,65,2020-11-01,3,0,0,2,-100,"&#x2798;",58769,0,0,3.40315472442955
"Simpelveld","GM0965",2020-12-21,22,22,22,22,21,19,2020-11-01,3,0,0,1,-100,"&#x2798;",10508,0,0,9.51655881233346
"Stein","GM0971",2020-12-21,55,55,54,54,51,49,2020-11-01,6,0,1,4,-66.6666666666667,"&#x2798;",24872,0,4.02058539723384,16.0823415889353
"Vaals","GM0981",2020-12-21,13,12,11,11,11,10,2020-11-01,3,1,2,2,200,"&#x279A;",10084,9.91669972233241,19.8333994446648,19.8333994446648
"Venlo","GM0983",2020-12-21,162,162,156,156,153,144,2020-11-01,18,0,6,9,100,"&#x279A;",101934,0,5.88616163399847,8.8292424509977
"Venray","GM0984",2020-12-21,47,47,47,47,46,42,2020-11-01,5,0,0,1,-100,"&#x2798;",43676,0,0,2.28958695851268
"Voerendaal","GM0986",2020-12-21,18,18,18,18,18,17,2020-11-01,1,0,0,0,0,"-",12483,0,0,0
"Weert","GM0988",2020-12-21,87,87,86,86,84,72,2020-11-01,15,0,1,3,-50,"&#x2798;",50044,0,1.99824154743825,5.99472464231476
"Valkenburg aan de Geul","GM0994",2020-12-21,26,26,25,25,23,20,2020-11-01,6,0,1,3,-50,"&#x2798;",16405,0,6.09570252971655,18.2871075891496
"Lelystad","GM0995",2020-12-21,100,100,98,97,96,85,2020-11-01,15,0,2,4,0,"-",79759,0,2.50755400644441,5.01510801288883
"Horst aan de Maas","GM1507",2020-12-21,51,51,50,50,50,44,2020-11-01,7,0,1,1,100,"&#x279A;",42484,0,2.35382732322757,2.35382732322757
"Oude IJsselstreek","GM1509",2020-12-21,28,28,28,28,27,25,2020-11-01,3,0,0,1,-100,"&#x2798;",39333,0,0,2.54239442707142
"Teylingen","GM1525",2020-12-21,27,27,25,25,25,19,2020-11-01,8,0,2,2,200,"&#x279A;",37737,0,5.29983835493017,5.29983835493017
"Utrechtse Heuvelrug","GM1581",2020-12-21,47,46,44,43,39,33,2020-11-01,14,1,3,8,-40,"&#x2798;",49965,2.00140098068648,6.00420294205944,16.0112078454918
"Oost Gelre","GM1586",2020-12-21,24,24,23,23,23,21,2020-11-01,3,0,1,1,100,"&#x279A;",29617,0,3.37643920721207,3.37643920721207
"Koggenland","GM1598",2020-12-21,13,13,13,13,13,9,2020-11-01,4,0,0,0,0,"-",22954,0,0,0
"Lansingerland","GM1621",2020-12-21,64,63,61,61,59,51,2020-11-01,13,1,3,5,50,"&#x279A;",63267,1.58060284192391,4.74180852577173,7.90301420961955
"Leudal","GM1640",2020-12-21,59,58,58,58,58,54,2020-11-01,5,1,1,1,100,"&#x279A;",36010,2.77700638711469,2.77700638711469,2.77700638711469
"Maasgouw","GM1641",2020-12-21,29,29,29,29,28,28,2020-11-01,1,0,0,1,-100,"&#x2798;",23955,0,0,4.17449384262158
"Gemert-Bakel","GM1652",2020-12-21,82,82,82,82,80,79,2020-11-01,3,0,0,2,-100,"&#x2798;",30751,0,0,6.50385353321843
"Halderberge","GM1655",2020-12-21,36,36,35,34,33,26,2020-11-01,10,0,1,3,-50,"&#x2798;",30428,0,3.28644669383463,9.85934008150388
"Heeze-Leende","GM1658",2020-12-21,20,20,20,20,19,18,2020-11-01,2,0,0,1,-100,"&#x2798;",16207,0,0,6.17017338187203
"Laarbeek","GM1659",2020-12-21,44,43,42,42,42,42,2020-11-01,2,1,2,2,200,"&#x279A;",22741,4.39734400422145,8.7946880084429,8.7946880084429
"Reusel-De Mierden","GM1667",2020-12-21,19,19,18,18,18,15,2020-11-01,4,0,1,1,100,"&#x279A;",13138,0,7.61150860100472,7.61150860100472
"Roerdalen","GM1669",2020-12-21,29,29,29,29,28,27,2020-11-01,2,0,0,1,-100,"&#x2798;",20572,0,0,4.86097608399767
"Roosendaal","GM1674",2020-12-21,64,64,63,63,63,46,2020-11-01,18,0,1,1,100,"&#x279A;",77268,0,1.29419682145261,1.29419682145261
"Schouwen-Duiveland","GM1676",2020-12-21,18,18,16,16,16,13,2020-11-01,5,0,2,2,200,"&#x279A;",33960,0,5.88928150765607,5.88928150765607
"Aa en Hunze","GM1680",2020-12-21,2,2,2,2,1,1,2020-11-01,1,0,0,1,-100,"&#x2798;",25394,0,0,3.93793809561314
"Borger-Odoorn","GM1681",2020-12-21,11,11,10,10,9,8,2020-11-01,3,0,1,2,0,"-",25584,0,3.90869293308318,7.81738586616635
"Cuijk","GM1684",2020-12-21,22,22,20,20,20,18,2020-11-01,4,0,2,2,200,"&#x279A;",25368,0,7.88394828129927,7.88394828129927
"Landerd","GM1685",2020-12-21,44,44,44,44,44,42,2020-11-01,2,0,0,0,0,"-",15831,0,0,0
"De Wolden","GM1690",2020-12-21,18,18,17,17,17,16,2020-11-01,2,0,1,1,100,"&#x279A;",24374,0,4.10273241979158,4.10273241979158
"Noord-Beveland","GM1695",2020-12-21,3,3,3,3,3,1,2020-11-01,2,0,0,0,0,"-",7571,0,0,0
"Wijdemeren","GM1696",2020-12-21,17,17,16,16,14,11,2020-11-01,6,0,1,3,-50,"&#x2798;",24426,0,4.09399819864079,12.2819945959224
"Noordenveld","GM1699",2020-12-21,10,10,9,9,8,6,2020-11-01,4,0,1,2,0,"-",31211,0,3.20399859024062,6.40799718048124
"Twenterand","GM1700",2020-12-21,21,21,18,18,17,12,2020-11-01,9,0,3,4,200,"&#x279A;",33711,0,8.89917237696894,11.8655631692919
"Westerveld","GM1701",2020-12-21,10,10,10,10,10,9,2020-11-01,1,0,0,0,0,"-",19620,0,0,0
"Sint Anthonis","GM1702",2020-12-21,21,21,21,21,21,21,2020-11-01,0,0,0,0,0,"-",11682,0,0,0
"Lingewaard","GM1705",2020-12-21,47,47,47,47,46,38,2020-11-01,9,0,0,1,-100,"&#x2798;",46760,0,0,2.13857998289136
"Cranendonck","GM1706",2020-12-21,68,67,66,66,65,63,2020-11-01,5,1,2,3,100,"&#x279A;",20971,4.76848981927424,9.53697963854847,14.3054694578227
"Steenwijkerland","GM1708",2020-12-21,19,19,18,18,18,15,2020-11-01,4,0,1,1,100,"&#x279A;",44323,0,2.25616497078266,2.25616497078266
"Moerdijk","GM1709",2020-12-21,29,28,27,27,26,20,2020-11-01,9,1,2,3,100,"&#x279A;",37188,2.68903947509949,5.37807895019899,8.06711842529848
"Echt-Susteren","GM1711",2020-12-21,44,44,44,44,44,43,2020-11-01,1,0,0,0,0,"-",31774,0,0,0
"Sluis","GM1714",2020-12-21,20,19,18,18,18,10,2020-11-01,10,1,2,2,200,"&#x279A;",23176,4.31480842250604,8.62961684501208,8.62961684501208
"Drimmelen","GM1719",2020-12-21,32,32,31,31,30,21,2020-11-01,11,0,1,2,0,"-",27332,0,3.65871505927118,7.31743011854237
"Bernheze","GM1721",2020-12-21,102,102,102,102,101,98,2020-11-01,4,0,0,1,-100,"&#x2798;",31412,0,0,3.18349675283331
"Alphen-Chaam","GM1723",2020-12-21,21,21,20,20,20,18,2020-11-01,3,0,1,1,100,"&#x279A;",10355,0,9.65717044905842,9.65717044905842
"Bergeijk","GM1724",2020-12-21,22,22,22,22,22,20,2020-11-01,2,0,0,0,0,"-",18728,0,0,0
"Bladel","GM1728",2020-12-21,27,26,25,25,25,23,2020-11-01,4,1,2,2,200,"&#x279A;",20536,4.86949746786132,9.73899493572263,9.73899493572263
"Gulpen-Wittem","GM1729",2020-12-21,27,27,27,27,27,24,2020-11-01,3,0,0,0,0,"-",14195,0,0,0
"Tynaarlo","GM1730",2020-12-21,13,13,13,13,13,11,2020-11-01,2,0,0,0,0,"-",33914,0,0,0
"Midden-Drenthe","GM1731",2020-12-21,12,12,12,12,10,6,2020-11-01,6,0,0,2,-100,"&#x2798;",33362,0,0,5.99484443378694
"Overbetuwe","GM1734",2020-12-21,63,63,63,63,63,62,2020-11-01,1,0,0,0,0,"-",48125,0,0,0
"Hof van Twente","GM1735",2020-12-21,26,26,25,25,25,20,2020-11-01,6,0,1,1,100,"&#x279A;",35053,0,2.85282286822811,2.85282286822811
"Neder-Betuwe","GM1740",2020-12-21,51,51,48,47,47,44,2020-11-01,7,0,3,4,200,"&#x279A;",24591,0,12.1995852141027,16.2661136188036
"Rijssen-Holten","GM1742",2020-12-21,34,34,34,34,33,30,2020-11-01,4,0,0,1,-100,"&#x2798;",38205,0,0,2.61745844784714
"Geldrop-Mierlo","GM1771",2020-12-21,50,50,47,47,44,37,2020-11-01,13,0,3,6,0,"-",40073,0,7.48633743418262,14.9726748683652
"Olst-Wijhe","GM1773",2020-12-21,12,12,12,12,12,12,2020-11-01,0,0,0,0,0,"-",18353,0,0,0
"Dinkelland","GM1774",2020-12-21,24,24,24,24,24,21,2020-11-01,3,0,0,0,0,"-",26588,0,0,0
"Westland","GM1783",2020-12-21,112,111,108,108,105,75,2020-11-01,37,1,4,7,33.3333333333333,"&#x279A;",111356,0.898020762240023,3.59208304896009,6.28614533568016
"Midden-Delfland","GM1842",2020-12-21,13,13,13,13,13,8,2020-11-01,5,0,0,0,0,"-",19374,0,0,0
"Berkelland","GM1859",2020-12-21,30,30,29,29,27,19,2020-11-01,11,0,1,3,-50,"&#x2798;",43831,0,2.281490269444,6.844470808332
"Bronckhorst","GM1876",2020-12-21,22,22,21,21,21,18,2020-11-01,4,0,1,1,100,"&#x279A;",36111,0,2.76923928996705,2.76923928996705
"Sittard-Geleen","GM1883",2020-12-21,146,145,141,141,138,128,2020-11-01,18,1,5,8,66.6666666666667,"&#x279A;",91822,1.08906362309686,5.44531811548431,8.71250898477489
"Kaag en Braassem","GM1884",2020-12-21,15,15,15,15,13,9,2020-11-01,6,0,0,2,-100,"&#x2798;",27557,0,0,7.2576840730123
"Dantumadiel","GM1891",2020-12-21,3,3,2,2,2,2,2020-11-01,1,0,1,1,100,"&#x279A;",18942,0,5.2792735719565,5.2792735719565
"Zuidplas","GM1892",2020-12-21,50,50,49,49,47,32,2020-11-01,18,0,1,3,-50,"&#x2798;",45014,0,2.2215310792198,6.6645932376594
"Peel en Maas","GM1894",2020-12-21,149,149,148,148,148,146,2020-11-01,3,0,1,1,100,"&#x279A;",43630,0,2.29200091680037,2.29200091680037
"Oldambt","GM1895",2020-12-21,13,11,11,11,11,10,2020-11-01,3,2,2,2,200,"&#x279A;",38288,5.22356874216465,5.22356874216465,5.22356874216465
"Zwartewaterland","GM1896",2020-12-21,39,39,38,38,38,35,2020-11-01,4,0,1,1,100,"&#x279A;",22794,0,4.38711941739054,4.38711941739054
"Súdwest-Fryslân","GM1900",2020-12-21,29,29,27,27,26,22,2020-11-01,7,0,2,3,100,"&#x279A;",89958,0,2.22325974343583,3.33488961515374
"Bodegraven-Reeuwijk","GM1901",2020-12-21,32,31,29,29,29,15,2020-11-01,17,1,3,3,300,"&#x279A;",35260,2.83607487237663,8.50822461712989,8.50822461712989
"Eijsden-Margraten","GM1903",2020-12-21,62,62,62,62,62,59,2020-11-01,3,0,0,0,0,"-",25888,0,0,0
"Stichtse Vecht","GM1904",2020-12-21,72,72,69,69,68,51,2020-11-02,21,0,3,4,200,"&#x279A;",65167,0,4.60355701505363,6.13807602007151
"Hollands Kroon","GM1911",2020-12-21,34,34,33,33,32,26,2020-11-01,8,0,1,2,0,"-",48618,0,2.05685137191987,4.11370274383973
"Leidschendam-Voorburg","GM1916",2020-12-21,78,76,73,73,67,41,2020-11-01,37,2,5,11,-16.6666666666667,"&#x2798;",76431,2.61673928118172,6.5418482029543,14.3920660464995
"Goeree-Overflakkee","GM1924",2020-12-21,78,78,77,77,74,61,2020-11-01,17,0,1,4,-66.6666666666667,"&#x2798;",50488,0,1.98066867374426,7.92267469497702
"Pijnacker-Nootdorp","GM1926",2020-12-21,41,41,40,40,40,32,2020-11-01,9,0,1,1,100,"&#x279A;",55552,0,1.80011520737327,1.80011520737327
"Nissewaard","GM1930",2020-12-21,104,103,99,98,94,74,2020-11-01,30,1,5,10,0,"-",85300,1.17233294255569,5.86166471277843,11.7233294255569
"Krimpenerwaard","GM1931",2020-12-21,79,79,73,73,70,58,2020-11-01,21,0,6,9,100,"&#x279A;",56491,0,10.6211608928856,15.9317413393284
"De Fryske Marren","GM1940",2020-12-21,30,30,27,27,26,24,2020-11-01,6,0,3,4,200,"&#x279A;",51651,0,5.80821281291747,7.74428375055662
"Gooise Meren","GM1942",2020-12-21,37,37,37,37,36,29,2020-11-01,8,0,0,1,-100,"&#x2798;",58439,0,0,1.71118602303256
"Berg en Dal","GM1945",2020-12-21,45,45,44,44,43,41,2020-11-01,4,0,1,2,0,"-",35017,0,2.85575577576606,5.71151155153211
"Meierijstad","GM1948",2020-12-21,227,227,225,225,224,217,2020-11-01,10,0,2,3,100,"&#x279A;",81607,0,2.45077015452106,3.67615523178159
"Waadhoeke","GM1949",2020-12-21,19,19,18,18,18,15,2020-11-01,4,0,1,1,100,"&#x279A;",46085,0,2.16990343929695,2.16990343929695
"Westerwolde","GM1950",2020-12-21,14,14,14,14,14,12,2020-11-01,2,0,0,0,0,"-",25976,0,0,0
"Midden-Groningen","GM1952",2020-12-21,19,19,18,18,17,10,2020-11-01,9,0,1,2,0,"-",60761,0,1.64579253139349,3.29158506278698
"Beekdaelen","GM1954",2020-12-21,59,58,57,56,55,52,2020-11-01,7,1,2,4,0,"-",36073,2.77215646051063,5.54431292102126,11.0886258420425
"Montferland","GM1955",2020-12-21,30,30,28,28,28,25,2020-11-01,5,0,2,2,200,"&#x279A;",36068,0,5.54508151269824,5.54508151269824
"Altena","GM1959",2020-12-21,56,56,55,53,50,40,2020-11-01,16,0,1,6,-80,"&#x2798;",56333,0,1.77515843289014,10.6509505973408
"West Betuwe","GM1960",2020-12-21,72,72,69,69,67,54,2020-11-01,18,0,3,5,50,"&#x279A;",51405,0,5.83600817041144,9.72668028401906
"Vijfheerenlanden","GM1961",2020-12-21,62,62,60,60,59,48,2020-11-01,14,0,2,3,100,"&#x279A;",57751,0,3.46314349535073,5.19471524302609
"Hoeksche Waard","GM1963",2020-12-21,90,90,88,88,88,84,2020-11-15,6,0,2,2,200,"&#x279A;",87822,0,2.27733369770672,2.27733369770672
"Het Hogeland","GM1966",2020-12-21,13,13,13,13,11,7,2020-11-01,6,0,0,2,-100,"&#x2798;",47888,0,0,4.17641162712997
"Westerkwartier","GM1969",2020-12-21,21,21,21,21,21,19,2020-11-01,2,0,0,0,0,"-",63568,0,0,0
"Noardeast-Fryslân","GM1970",2020-12-21,16,16,14,14,13,7,2020-11-01,9,0,2,3,100,"&#x279A;",45445,0,4.40092419408076,6.60138629112113
"Molenlanden","GM1978",2020-12-21,22,22,21,21,21,19,2020-11-23,3,0,1,1,100,"&#x279A;",44072,0,2.26901434017063,2.26901434017063
