"municipality","Municipality_code","date","d0","d1","d7","d8","d14","lowest_since_nov1","lowest_since_nov1_date","current","increase_1d","increase_7d","increase_14d","increase_growth","growth","population","rel_increase_1d","rel_increase_7d","rel_increase_14d"
"Netherlands","",2020-12-30,19940,19845,19320,19226,18684,15242,2020-11-01,4698,95,620,1256,-2.51572327044025,"-",17443797,0.544606200129479,3.55427204295028,7.20026723539605
"Unknown","",2020-12-30,113,112,111,111,110,91,2020-11-01,22,1,2,3,100,"&#x279A;",NA,NA,NA,NA
"Appingedam","GM0003",2020-12-30,9,9,9,9,9,8,2020-11-01,1,0,0,0,0,"-",11524,0,0,0
"Delfzijl","GM0010",2020-12-30,12,12,9,9,9,8,2020-11-01,4,0,3,3,300,"&#x279A;",24590,0,12.2000813338756,12.2000813338756
"Groningen","GM0014",2020-12-30,51,51,49,47,41,32,2020-11-01,19,0,2,10,-75,"&#x2798;",233441,0,0.856747529354312,4.28373764677156
"Loppersum","GM0024",2020-12-30,2,2,2,2,2,0,2020-11-01,2,0,0,0,0,"-",9476,0,0,0
"Almere","GM0034",2020-12-30,214,214,206,203,195,170,2020-11-01,44,0,8,19,-27.2727272727273,"&#x2798;",214339,0,3.73240520857147,8.86446237035724
"Stadskanaal","GM0037",2020-12-30,14,14,12,12,12,8,2020-11-01,6,0,2,2,200,"&#x279A;",31679,0,6.31333059755674,6.31333059755674
"Veendam","GM0047",2020-12-30,4,4,4,4,4,4,2020-11-01,0,0,0,0,0,"-",27395,0,0,0
"Zeewolde","GM0050",2020-12-30,17,17,16,16,16,13,2020-11-01,4,0,1,1,100,"&#x279A;",22767,0,4.39232222075811,4.39232222075811
"Achtkarspelen","GM0059",2020-12-30,2,2,1,1,1,0,2020-11-01,2,0,1,1,100,"&#x279A;",27880,0,3.58680057388809,3.58680057388809
"Ameland","GM0060",2020-12-30,0,0,0,0,0,0,2020-11-01,0,0,0,0,0,"-",3759,0,0,0
"Harlingen","GM0072",2020-12-30,5,5,5,5,5,4,2020-11-01,1,0,0,0,0,"-",15830,0,0,0
"Heerenveen","GM0074",2020-12-30,18,17,17,17,17,16,2020-11-01,2,1,1,1,100,"&#x279A;",50603,1.9761674209039,1.9761674209039,1.9761674209039
"Leeuwarden","GM0080",2020-12-30,57,56,54,54,54,47,2020-11-01,10,1,3,3,300,"&#x279A;",124427,0.803684087858745,2.41105226357623,2.41105226357623
"Ooststellingwerf","GM0085",2020-12-30,10,10,10,10,9,5,2020-11-01,5,0,0,1,-100,"&#x2798;",25398,0,0,3.93731789904717
"Opsterland","GM0086",2020-12-30,15,15,14,14,14,8,2020-11-01,7,0,1,1,100,"&#x279A;",29815,0,3.35401643468053,3.35401643468053
"Schiermonnikoog","GM0088",2020-12-30,1,1,1,1,1,1,2020-11-01,0,0,0,0,0,"-",938,0,0,0
"Smallingerland","GM0090",2020-12-30,16,16,16,16,15,12,2020-11-01,4,0,0,1,-100,"&#x2798;",56069,0,0,1.78351673830459
"Terschelling","GM0093",2020-12-30,1,1,1,1,1,1,2020-11-01,0,0,0,0,0,"-",4887,0,0,0
"Vlieland","GM0096",2020-12-30,0,0,0,0,0,0,2020-11-01,0,0,0,0,0,"-",1199,0,0,0
"Weststellingwerf","GM0098",2020-12-30,6,6,6,6,5,3,2020-11-01,3,0,0,1,-100,"&#x2798;",26094,0,0,3.8322986127079
"Assen","GM0106",2020-12-30,30,30,30,30,28,14,2020-11-01,16,0,0,2,-100,"&#x2798;",68808,0,0,2.90663876293454
"Coevorden","GM0109",2020-12-30,27,27,26,26,26,19,2020-11-01,8,0,1,1,100,"&#x279A;",35306,0,2.83237976547896,2.83237976547896
"Emmen","GM0114",2020-12-30,65,64,62,62,62,49,2020-11-01,16,1,3,3,300,"&#x279A;",107019,0.934413515357086,2.80324054607126,2.80324054607126
"Hoogeveen","GM0118",2020-12-30,41,40,37,37,35,29,2020-11-01,12,1,4,6,100,"&#x279A;",55562,1.79979122421799,7.19916489687196,10.7987473453079
"Meppel","GM0119",2020-12-30,15,14,14,14,13,11,2020-11-01,4,1,1,2,0,"-",34291,2.91621708319967,2.91621708319967,5.83243416639935
"Almelo","GM0141",2020-12-30,54,54,52,50,47,32,2020-11-01,22,0,2,7,-60,"&#x2798;",73184,0,2.73283777874945,9.56493222562309
"Borne","GM0147",2020-12-30,22,21,20,20,18,16,2020-11-01,6,1,2,4,0,"-",23592,4.23872499152255,8.4774499830451,16.9548999660902
"Dalfsen","GM0148",2020-12-30,19,19,18,18,18,17,2020-11-01,2,0,1,1,100,"&#x279A;",28925,0,3.45721694036301,3.45721694036301
"Deventer","GM0150",2020-12-30,68,68,64,64,62,50,2020-11-01,18,0,4,6,100,"&#x279A;",101081,0,3.95722242557949,5.93583363836923
"Enschede","GM0153",2020-12-30,131,129,123,120,115,70,2020-11-01,61,2,8,16,0,"-",159916,1.25065659471222,5.0026263788489,10.0052527576978
"Haaksbergen","GM0158",2020-12-30,24,24,23,22,22,18,2020-11-01,6,0,1,2,0,"-",24265,0,4.1211621677313,8.2423243354626
"Hardenberg","GM0160",2020-12-30,37,37,34,33,33,24,2020-11-01,13,0,3,4,200,"&#x279A;",61249,0,4.89803915165962,6.53071886887949
"Hellendoorn","GM0163",2020-12-30,17,17,17,17,16,13,2020-11-01,4,0,0,1,-100,"&#x2798;",35930,0,0,2.78318953520735
"Hengelo","GM0164",2020-12-30,55,54,52,52,49,39,2020-11-01,16,1,3,6,0,"-",81138,1.23246814069856,3.69740442209569,7.39480884419138
"Kampen","GM0166",2020-12-30,68,68,68,68,66,61,2020-11-01,7,0,0,2,-100,"&#x2798;",54423,0,0,3.67491685500616
"Losser","GM0168",2020-12-30,24,24,22,21,19,11,2020-11-01,13,0,2,5,-33.3333333333333,"&#x2798;",22852,0,8.75196919306844,21.8799229826711
"Noordoostpolder","GM0171",2020-12-30,26,26,26,26,26,20,2020-11-01,6,0,0,0,0,"-",47537,0,0,0
"Oldenzaal","GM0173",2020-12-30,34,34,33,31,28,16,2020-11-01,18,0,1,6,-80,"&#x2798;",31728,0,3.15179021684317,18.910741301059
"Ommen","GM0175",2020-12-30,11,11,10,10,10,9,2020-11-01,2,0,1,1,100,"&#x279A;",18264,0,5.47525186158563,5.47525186158563
"Raalte","GM0177",2020-12-30,27,27,27,27,27,25,2020-11-01,2,0,0,0,0,"-",37859,0,0,0
"Staphorst","GM0180",2020-12-30,12,11,11,11,11,8,2020-11-01,4,1,1,1,100,"&#x279A;",17259,5.79407845182224,5.79407845182224,5.79407845182224
"Tubbergen","GM0183",2020-12-30,16,16,15,15,14,12,2020-11-01,4,0,1,2,0,"-",21323,0,4.68977160812268,9.37954321624537
"Urk","GM0184",2020-12-30,40,40,38,38,38,24,2020-11-01,16,0,2,2,200,"&#x279A;",21184,0,9.44108761329305,9.44108761329305
"Wierden","GM0189",2020-12-30,11,11,11,11,11,7,2020-11-01,4,0,0,0,0,"-",24540,0,0,0
"Zwolle","GM0193",2020-12-30,66,66,64,64,63,54,2020-11-01,12,0,2,3,100,"&#x279A;",129561,0,1.54367440819382,2.31551161229074
"Aalten","GM0197",2020-12-30,17,17,16,16,14,13,2020-11-01,4,0,1,3,-50,"&#x2798;",27128,0,3.68622825125332,11.05868475376
"Apeldoorn","GM0200",2020-12-30,148,145,142,142,138,117,2020-11-01,31,3,6,10,50,"&#x279A;",164609,1.82250059231269,3.64500118462538,6.07500197437564
"Arnhem","GM0202",2020-12-30,132,130,124,123,120,99,2020-11-01,33,2,8,12,100,"&#x279A;",162299,1.23229348301592,4.92917393206366,7.39376089809549
"Barneveld","GM0203",2020-12-30,32,32,32,32,32,25,2020-11-01,7,0,0,0,0,"-",59846,0,0,0
"Beuningen","GM0209",2020-12-30,25,25,24,24,24,20,2020-11-01,5,0,1,1,100,"&#x279A;",26156,0,3.82321455880104,3.82321455880104
"Brummen","GM0213",2020-12-30,25,25,23,23,22,19,2020-11-01,6,0,2,3,100,"&#x279A;",20854,0,9.59048623765225,14.3857293564784
"Buren","GM0214",2020-12-30,29,29,29,28,27,23,2020-11-01,6,0,0,2,-100,"&#x2798;",26992,0,0,7.40960284528749
"Culemborg","GM0216",2020-12-30,35,35,35,35,34,28,2020-11-01,7,0,0,1,-100,"&#x2798;",29103,0,0,3.43607188262378
"Doesburg","GM0221",2020-12-30,15,14,14,14,13,11,2020-11-01,4,1,1,2,0,"-",11028,9.06782734856728,9.06782734856728,18.1356546971346
"Doetinchem","GM0222",2020-12-30,45,45,43,43,41,34,2020-11-01,11,0,2,4,0,"-",58220,0,3.43524562006183,6.87049124012367
"Druten","GM0225",2020-12-30,32,32,31,31,31,28,2020-11-01,4,0,1,1,100,"&#x279A;",18972,0,5.27092557453089,5.27092557453089
"Duiven","GM0226",2020-12-30,22,22,20,19,18,17,2020-11-01,5,0,2,4,0,"-",25079,0,7.97479963315922,15.9495992663184
"Ede","GM0228",2020-12-30,101,101,101,101,95,75,2020-11-01,26,0,0,6,-100,"&#x2798;",118461,0,0,5.06495808747183
"Elburg","GM0230",2020-12-30,32,32,31,31,31,29,2020-11-01,3,0,1,1,100,"&#x279A;",23394,0,4.27460032486962,4.27460032486962
"Epe","GM0232",2020-12-30,61,60,58,58,57,53,2020-11-01,8,1,3,4,200,"&#x279A;",33179,3.01395460984358,9.04186382953073,12.0558184393743
"Ermelo","GM0233",2020-12-30,34,34,33,33,33,33,2020-11-01,1,0,1,1,100,"&#x279A;",27028,0,3.69986680479503,3.69986680479503
"Harderwijk","GM0243",2020-12-30,60,60,58,58,56,47,2020-11-01,13,0,2,4,0,"-",48637,0,4.11209572958859,8.22419145917717
"Hattem","GM0244",2020-12-30,19,19,19,19,19,18,2020-11-01,1,0,0,0,0,"-",12227,0,0,0
"Heerde","GM0246",2020-12-30,55,55,55,55,55,55,2020-11-01,0,0,0,0,0,"-",18749,0,0,0
"Heumen","GM0252",2020-12-30,24,24,23,23,21,19,2020-11-01,5,0,1,3,-50,"&#x2798;",16584,0,6.02990834539315,18.0897250361794
"Lochem","GM0262",2020-12-30,26,26,23,23,23,18,2020-11-01,8,0,3,3,300,"&#x279A;",33869,0,8.85765744486108,8.85765744486108
"Maasdriel","GM0263",2020-12-30,28,28,28,27,26,20,2020-11-01,8,0,0,2,-100,"&#x2798;",25442,0,0,7.8610172156277
"Nijkerk","GM0267",2020-12-30,37,37,35,35,33,27,2020-11-01,10,0,2,4,0,"-",43527,0,4.59484917407586,9.18969834815172
"Nijmegen","GM0268",2020-12-30,211,211,205,205,200,180,2020-11-01,31,0,6,11,20,"&#x279A;",177489,0,3.38049118536923,6.19756717317693
"Oldebroek","GM0269",2020-12-30,43,43,43,43,41,40,2020-11-01,3,0,0,2,-100,"&#x2798;",23715,0,0,8.43348091924942
"Putten","GM0273",2020-12-30,14,14,13,13,13,12,2020-11-01,2,0,1,1,100,"&#x279A;",24387,0,4.10054537253455,4.10054537253455
"Renkum","GM0274",2020-12-30,23,22,22,22,21,17,2020-11-01,6,1,1,2,0,"-",31398,3.18491623670297,3.18491623670297,6.36983247340595
"Rheden","GM0275",2020-12-30,43,43,43,43,41,35,2020-11-01,8,0,0,2,-100,"&#x2798;",43649,0,0,4.58200646062911
"Rozendaal","GM0277",2020-12-30,1,1,1,1,1,1,2020-11-01,0,0,0,0,0,"-",1719,0,0,0
"Scherpenzeel","GM0279",2020-12-30,5,5,5,5,5,5,2020-11-01,0,0,0,0,0,"-",10095,0,0,0
"Tiel","GM0281",2020-12-30,66,66,65,65,65,48,2020-11-01,18,0,1,1,100,"&#x279A;",41907,0,2.38623618965805,2.38623618965805
"Voorst","GM0285",2020-12-30,23,23,20,20,19,18,2020-11-01,5,0,3,4,200,"&#x279A;",24720,0,12.1359223300971,16.1812297734628
"Wageningen","GM0289",2020-12-30,30,30,30,30,30,26,2020-11-01,4,0,0,0,0,"-",39770,0,0,0
"Westervoort","GM0293",2020-12-30,17,17,16,16,15,12,2020-11-01,5,0,1,2,0,"-",15008,0,6.66311300639659,13.3262260127932
"Winterswijk","GM0294",2020-12-30,13,13,13,13,13,9,2020-11-01,4,0,0,0,0,"-",28937,0,0,0
"Wijchen","GM0296",2020-12-30,62,62,61,61,61,54,2020-11-01,8,0,1,1,100,"&#x279A;",41239,0,2.42488906132544,2.42488906132544
"Zaltbommel","GM0297",2020-12-30,28,28,26,26,26,23,2020-11-01,5,0,2,2,200,"&#x279A;",29418,0,6.79855870555442,6.79855870555442
"Zevenaar","GM0299",2020-12-30,65,65,62,62,61,58,2020-11-01,7,0,3,4,200,"&#x279A;",44098,0,6.80302961585559,9.07070615447413
"Zutphen","GM0301",2020-12-30,44,43,42,42,40,34,2020-11-01,10,1,2,4,0,"-",48130,2.07770621234158,4.15541242468315,8.3108248493663
"Nunspeet","GM0302",2020-12-30,69,69,69,68,67,61,2020-11-05,8,0,0,2,-100,"&#x2798;",28011,0,0,7.14005212238049
"Dronten","GM0303",2020-12-30,50,50,50,50,46,40,2020-11-01,10,0,0,4,-100,"&#x2798;",41907,0,0,9.54494475863221
"Amersfoort","GM0307",2020-12-30,154,153,149,148,140,99,2020-11-01,55,1,5,14,-44.4444444444444,"&#x2798;",157613,0.634465431150984,3.17232715575492,8.88251603611377
"Baarn","GM0308",2020-12-30,27,27,25,25,25,17,2020-11-01,10,0,2,2,200,"&#x279A;",24841,0,8.05120566804879,8.05120566804879
"De Bilt","GM0310",2020-12-30,42,42,41,40,38,35,2020-11-01,7,0,1,4,-66.6666666666667,"&#x2798;",43372,0,2.30563497187125,9.22253988748501
"Bunnik","GM0312",2020-12-30,16,16,16,16,16,12,2020-11-01,4,0,0,0,0,"-",15352,0,0,0
"Bunschoten","GM0313",2020-12-30,39,38,38,38,36,17,2020-11-01,22,1,1,3,-50,"&#x2798;",22030,4.53926463912846,4.53926463912846,13.6177939173854
"Eemnes","GM0317",2020-12-30,7,7,7,7,7,3,2020-11-01,4,0,0,0,0,"-",9370,0,0,0
"Houten","GM0321",2020-12-30,45,44,44,44,43,34,2020-11-01,11,1,1,2,0,"-",50236,1.99060434747989,1.99060434747989,3.98120869495979
"Leusden","GM0327",2020-12-30,20,20,18,18,17,11,2020-11-01,9,0,2,3,100,"&#x279A;",30509,0,6.55544265626536,9.83316398439805
"Lopik","GM0331",2020-12-30,25,25,25,25,25,25,2020-11-01,0,0,0,0,0,"-",14434,0,0,0
"Montfoort","GM0335",2020-12-30,17,17,16,16,16,16,2020-11-01,1,0,1,1,100,"&#x279A;",13901,0,7.19372706999496,7.19372706999496
"Renswoude","GM0339",2020-12-30,5,5,5,5,5,5,2020-11-01,0,0,0,0,0,"-",5533,0,0,0
"Rhenen","GM0340",2020-12-30,20,20,17,17,15,13,2020-11-01,7,0,3,5,50,"&#x279A;",20170,0,14.873574615766,24.7892910262766
"Soest","GM0342",2020-12-30,50,50,48,48,46,37,2020-11-01,13,0,2,4,0,"-",46905,0,4.2639377465089,8.5278754930178
"Utrecht","GM0344",2020-12-30,486,484,477,475,470,368,2020-11-01,118,2,9,16,28.5714285714286,"&#x279A;",359481,0.556357637816741,2.50360937017534,4.45086110253393
"Veenendaal","GM0345",2020-12-30,85,85,84,82,78,59,2020-11-01,26,0,1,7,-83.3333333333333,"&#x2798;",66905,0,1.49465660264554,10.4625962185188
"Woudenberg","GM0351",2020-12-30,12,12,12,12,11,9,2020-11-01,3,0,0,1,-100,"&#x2798;",13602,0,0,7.35186002058521
"Wijk bij Duurstede","GM0352",2020-12-30,15,15,15,15,14,12,2020-11-01,3,0,0,1,-100,"&#x2798;",23932,0,0,4.17850576633796
"IJsselstein","GM0353",2020-12-30,56,56,53,53,52,44,2020-11-01,12,0,3,4,200,"&#x279A;",33901,0,8.84929648092977,11.799061974573
"Zeist","GM0355",2020-12-30,56,56,55,55,53,45,2020-11-02,11,0,1,3,-50,"&#x2798;",64980,0,1.5389350569406,4.61680517082179
"Nieuwegein","GM0356",2020-12-30,75,75,73,73,69,54,2020-11-01,21,0,2,6,-50,"&#x2798;",63821,0,3.13376474828035,9.40129424484104
"Aalsmeer","GM0358",2020-12-30,19,19,19,19,19,12,2020-11-01,7,0,0,0,0,"-",31958,0,0,0
"Alkmaar","GM0361",2020-12-30,88,88,87,85,83,68,2020-11-01,20,0,1,5,-75,"&#x2798;",109809,0,0.910672167126556,4.55336083563278
"Amstelveen","GM0362",2020-12-30,94,94,92,92,90,76,2020-11-01,18,0,2,4,0,"-",90965,0,2.19864783158358,4.39729566316715
"Amsterdam","GM0363",2020-12-30,1331,1326,1295,1287,1245,1049,2020-11-01,282,5,36,86,-28,"&#x2798;",872939,0.572777708408033,4.12399950053784,9.85177658461817
"Beemster","GM0370",2020-12-30,5,5,5,5,4,4,2020-11-01,1,0,0,1,-100,"&#x2798;",10062,0,0,9.93838203140529
"Bergen (NH.)","GM0373",2020-12-30,27,27,27,27,27,22,2020-11-01,5,0,0,0,0,"-",29674,0,0,0
"Beverwijk","GM0375",2020-12-30,25,25,25,25,24,20,2020-11-01,5,0,0,1,-100,"&#x2798;",41803,0,0,2.39217281056384
"Blaricum","GM0376",2020-12-30,8,8,8,8,8,8,2020-11-01,0,0,0,0,0,"-",11885,0,0,0
"Bloemendaal","GM0377",2020-12-30,11,11,10,10,10,10,2020-11-01,1,0,1,1,100,"&#x279A;",23526,0,4.25061633936921,4.25061633936921
"Castricum","GM0383",2020-12-30,18,18,18,18,18,18,2020-11-01,0,0,0,0,0,"-",36198,0,0,0
"Diemen","GM0384",2020-12-30,33,33,30,30,30,24,2020-11-01,9,0,3,3,300,"&#x279A;",31263,0,9.59600806064677,9.59600806064677
"Edam-Volendam","GM0385",2020-12-30,62,62,57,57,57,42,2020-11-01,20,0,5,5,500,"&#x279A;",36239,0,13.7972902122023,13.7972902122023
"Enkhuizen","GM0388",2020-12-30,24,24,22,22,20,20,2020-11-01,4,0,2,4,0,"-",18640,0,10.7296137339056,21.4592274678112
"Haarlem","GM0392",2020-12-30,147,147,143,142,137,107,2020-11-01,40,0,4,10,-33.3333333333333,"&#x2798;",162773,0,2.4574100127171,6.14352503179274
"Haarlemmermeer","GM0394",2020-12-30,127,127,123,123,118,100,2020-11-01,27,0,4,9,-20,"&#x2798;",157715,0,2.53622039755255,5.70649589449323
"Heemskerk","GM0396",2020-12-30,45,45,42,42,42,35,2020-11-01,10,0,3,3,300,"&#x279A;",39207,0,7.65169485040937,7.65169485040937
"Heemstede","GM0397",2020-12-30,21,21,21,21,21,17,2020-11-01,4,0,0,0,0,"-",27474,0,0,0
"Heerhugowaard","GM0398",2020-12-30,37,37,36,36,34,30,2020-11-01,7,0,1,3,-50,"&#x2798;",58156,0,1.7195130339088,5.15853910172639
"Heiloo","GM0399",2020-12-30,15,15,15,15,15,12,2020-11-01,3,0,0,0,0,"-",24095,0,0,0
"Den Helder","GM0400",2020-12-30,26,26,23,23,20,17,2020-11-01,9,0,3,6,0,"-",56506,0,5.30917070753548,10.618341415071
"Hilversum","GM0402",2020-12-30,52,52,51,50,49,42,2020-11-01,10,0,1,3,-50,"&#x2798;",91233,0,1.09609461488716,3.28828384466147
"Hoorn","GM0405",2020-12-30,54,54,52,52,50,40,2020-11-01,14,0,2,4,0,"-",73552,0,2.71916467261257,5.43832934522515
"Huizen","GM0406",2020-12-30,41,41,40,40,38,31,2020-11-01,10,0,1,3,-50,"&#x2798;",41146,0,2.43036990229913,7.29110970689739
"Landsmeer","GM0415",2020-12-30,8,7,7,7,7,5,2020-11-01,3,1,1,1,100,"&#x279A;",11578,8.63707030575229,8.63707030575229,8.63707030575229
"Langedijk","GM0416",2020-12-30,23,23,23,23,23,21,2020-11-01,2,0,0,0,0,"-",28327,0,0,0
"Laren","GM0417",2020-12-30,12,12,12,12,12,10,2020-11-01,2,0,0,0,0,"-",11406,0,0,0
"Medemblik","GM0420",2020-12-30,27,26,24,24,23,20,2020-11-01,7,1,3,4,200,"&#x279A;",45116,2.21650855572303,6.64952566716908,8.8660342228921
"Oostzaan","GM0431",2020-12-30,13,13,13,13,13,12,2020-11-01,1,0,0,0,0,"-",9668,0,0,0
"Opmeer","GM0432",2020-12-30,3,3,3,3,3,1,2020-11-01,2,0,0,0,0,"-",11995,0,0,0
"Ouder-Amstel","GM0437",2020-12-30,8,8,8,8,8,8,2020-11-01,0,0,0,0,0,"-",14146,0,0,0
"Purmerend","GM0439",2020-12-30,107,107,103,103,102,88,2020-11-01,19,0,4,5,300,"&#x279A;",81735,0,4.89386431761179,6.11733039701474
"Schagen","GM0441",2020-12-30,27,27,26,25,25,21,2020-11-01,6,0,1,2,0,"-",46517,0,2.14975170367823,4.29950340735645
"Texel","GM0448",2020-12-30,6,6,6,6,6,6,2020-11-01,0,0,0,0,0,"-",13651,0,0,0
"Uitgeest","GM0450",2020-12-30,8,8,8,8,7,7,2020-11-01,1,0,0,1,-100,"&#x2798;",13661,0,0,7.3201083376034
"Uithoorn","GM0451",2020-12-30,27,27,27,27,27,21,2020-11-01,6,0,0,0,0,"-",30051,0,0,0
"Velsen","GM0453",2020-12-30,67,67,64,64,62,50,2020-11-01,17,0,3,5,50,"&#x279A;",68758,0,4.36312865412025,7.27188109020041
"Weesp","GM0457",2020-12-30,12,12,12,12,11,10,2020-11-01,2,0,0,1,-100,"&#x2798;",20466,0,0,4.88615264340858
"Zandvoort","GM0473",2020-12-30,15,15,15,15,15,15,2020-11-01,0,0,0,0,0,"-",17149,0,0,0
"Zaanstad","GM0479",2020-12-30,223,223,216,214,208,161,2020-11-01,62,0,7,15,-12.5,"&#x2798;",157133,0,4.45482489356151,9.54605334334608
"Alblasserdam","GM0482",2020-12-30,17,17,16,16,15,11,2020-11-01,6,0,1,2,0,"-",20229,0,4.94339809184834,9.88679618369667
"Alphen aan den Rijn","GM0484",2020-12-30,127,124,120,118,111,89,2020-11-01,38,3,7,16,-22.2222222222222,"&#x2798;",112520,2.66619267685745,6.22111624600071,14.2196942765731
"Barendrecht","GM0489",2020-12-30,75,73,73,73,71,51,2020-11-01,24,2,2,4,0,"-",48597,4.11548037944729,4.11548037944729,8.23096075889458
"Drechterland","GM0498",2020-12-30,8,8,7,7,7,6,2020-11-01,2,0,1,1,100,"&#x279A;",19832,0,5.04235578862445,5.04235578862445
"Brielle","GM0501",2020-12-30,23,23,23,23,23,17,2020-11-01,6,0,0,0,0,"-",17397,0,0,0
"Capelle aan den IJssel","GM0502",2020-12-30,106,105,99,99,99,73,2020-11-01,33,1,7,7,700,"&#x279A;",67204,1.48800666626986,10.4160466638891,10.4160466638891
"Delft","GM0503",2020-12-30,72,72,71,71,70,48,2020-11-01,24,0,1,2,0,"-",103973,0,0.96178815654064,1.92357631308128
"Dordrecht","GM0505",2020-12-30,122,121,119,115,111,97,2020-11-01,25,1,3,11,-62.5,"&#x2798;",119203,0.838905061114234,2.5167151833427,9.22795567225657
"Gorinchem","GM0512",2020-12-30,23,23,23,23,23,20,2020-11-01,3,0,0,0,0,"-",37422,0,0,0
"Gouda","GM0513",2020-12-30,119,119,113,113,106,73,2020-11-01,46,0,6,13,-14.2857142857143,"&#x2798;",73771,0,8.13327730408968,17.6221008255276
"'s-Gravenhage","GM0518",2020-12-30,903,894,860,853,816,617,2020-11-01,286,9,43,87,-2.27272727272727,"-",547882,1.64268948423201,7.84840531355292,15.8793316809094
"Hardinxveld-Giessendam","GM0523",2020-12-30,2,2,2,2,2,2,2020-11-01,0,0,0,0,0,"-",18393,0,0,0
"Hellevoetsluis","GM0530",2020-12-30,35,35,35,35,35,20,2020-11-04,15,0,0,0,0,"-",40251,0,0,0
"Hendrik-Ido-Ambacht","GM0531",2020-12-30,15,15,15,14,14,13,2020-11-01,2,0,0,1,-100,"&#x2798;",31235,0,0,3.20153673763406
"Stede Broec","GM0532",2020-12-30,20,20,20,20,20,19,2020-11-01,1,0,0,0,0,"-",21775,0,0,0
"Hillegom","GM0534",2020-12-30,12,11,11,11,10,8,2020-11-01,4,1,1,2,0,"-",22216,4.50126035289881,4.50126035289881,9.00252070579762
"Katwijk","GM0537",2020-12-30,69,69,67,66,64,46,2020-11-01,23,0,2,5,-33.3333333333333,"&#x2798;",65965,0,3.03191086182066,7.57977715455166
"Krimpen aan den IJssel","GM0542",2020-12-30,27,26,25,25,25,18,2020-11-01,9,1,2,2,200,"&#x279A;",29410,3.40020401224073,6.80040802448147,6.80040802448147
"Leiden","GM0546",2020-12-30,91,90,90,90,88,64,2020-11-01,27,1,1,3,-50,"&#x2798;",124016,0.806347568055735,0.806347568055735,2.4190427041672
"Leiderdorp","GM0547",2020-12-30,30,30,30,30,30,25,2020-11-01,5,0,0,0,0,"-",27359,0,0,0
"Lisse","GM0553",2020-12-30,20,20,20,20,18,11,2020-11-01,9,0,0,2,-100,"&#x2798;",22989,0,0,8.69981295402149
"Maassluis","GM0556",2020-12-30,47,47,45,45,44,32,2020-11-01,15,0,2,3,100,"&#x279A;",33539,0,5.96320701273145,8.94481051909717
"Nieuwkoop","GM0569",2020-12-30,23,22,22,22,22,14,2020-11-01,9,1,1,1,100,"&#x279A;",29119,3.4341838662042,3.4341838662042,3.4341838662042
"Noordwijk","GM0575",2020-12-30,49,49,43,43,42,32,2020-11-01,17,0,6,7,500,"&#x279A;",43982,0,13.641944431813,15.9156018371152
"Oegstgeest","GM0579",2020-12-30,17,17,17,17,17,11,2020-11-01,6,0,0,0,0,"-",25067,0,0,0
"Oudewater","GM0589",2020-12-30,32,32,32,32,32,30,2020-11-01,2,0,0,0,0,"-",10154,0,0,0
"Papendrecht","GM0590",2020-12-30,13,13,11,11,11,9,2020-11-01,4,0,2,2,200,"&#x279A;",32119,0,6.22684392415704,6.22684392415704
"Ridderkerk","GM0597",2020-12-30,62,62,62,62,59,47,2020-11-01,15,0,0,3,-100,"&#x2798;",46646,0,0,6.43141962869271
"Rotterdam","GM0599",2020-12-30,1247,1244,1217,1210,1178,850,2020-11-01,397,3,30,69,-23.0769230769231,"&#x2798;",652497,0.459772228837834,4.59772228837834,10.5747612632702
"Rijswijk","GM0603",2020-12-30,87,86,83,83,81,62,2020-11-01,25,1,4,6,100,"&#x279A;",55211,1.81123326873268,7.24493307493072,10.8673996123961
"Schiedam","GM0606",2020-12-30,151,151,147,145,143,79,2020-11-01,72,0,4,8,0,"-",79284,0,5.04515412945865,10.0903082589173
"Sliedrecht","GM0610",2020-12-30,12,12,12,12,12,10,2020-11-01,2,0,0,0,0,"-",25509,0,0,0
"Albrandswaard","GM0613",2020-12-30,33,33,33,33,32,18,2020-11-01,15,0,0,1,-100,"&#x2798;",25857,0,0,3.86742468190432
"Westvoorne","GM0614",2020-12-30,10,10,10,10,10,6,2020-11-01,4,0,0,0,0,"-",14896,0,0,0
"Vlaardingen","GM0622",2020-12-30,104,104,104,103,99,62,2020-11-01,42,0,0,5,-100,"&#x2798;",73863,0,0,6.76928908925985
"Voorschoten","GM0626",2020-12-30,14,14,13,13,13,11,2020-11-01,3,0,1,1,100,"&#x279A;",25613,0,3.9042673642291,3.9042673642291
"Waddinxveen","GM0627",2020-12-30,50,47,45,45,44,27,2020-11-01,23,3,5,6,400,"&#x279A;",30123,9.95916741360422,16.598612356007,19.9183348272084
"Wassenaar","GM0629",2020-12-30,21,21,21,21,20,11,2020-11-01,10,0,0,1,-100,"&#x2798;",26782,0,0,3.73385109401837
"Woerden","GM0632",2020-12-30,79,79,79,79,76,64,2020-11-01,15,0,0,3,-100,"&#x2798;",52659,0,0,5.69703184640802
"Zoetermeer","GM0637",2020-12-30,98,97,94,94,87,70,2020-11-01,28,1,4,11,-42.8571428571429,"&#x2798;",125297,0.798103705595505,3.19241482238202,8.77914076155056
"Zoeterwoude","GM0638",2020-12-30,6,6,5,5,4,4,2020-11-01,2,0,1,2,0,"-",8794,0,11.3713895838071,22.7427791676143
"Zwijndrecht","GM0642",2020-12-30,40,40,40,36,35,30,2020-11-01,10,0,0,5,-100,"&#x2798;",44778,0,0,11.1661976863638
"Borsele","GM0654",2020-12-30,9,9,7,7,7,5,2020-11-01,4,0,2,2,200,"&#x279A;",22758,0,8.78811846383689,8.78811846383689
"Goes","GM0664",2020-12-30,33,33,31,31,30,15,2020-11-01,18,0,2,3,100,"&#x279A;",38556,0,5.18726008922087,7.78089013383131
"West Maas en Waal","GM0668",2020-12-30,24,24,24,24,24,24,2020-11-01,0,0,0,0,0,"-",19537,0,0,0
"Hulst","GM0677",2020-12-30,22,22,22,22,21,13,2020-11-01,9,0,0,1,-100,"&#x2798;",27593,0,0,3.62410756351249
"Kapelle","GM0678",2020-12-30,6,6,5,5,5,3,2020-11-01,3,0,1,1,100,"&#x279A;",12874,0,7.76759359950287,7.76759359950287
"Middelburg","GM0687",2020-12-30,31,31,29,29,29,21,2020-11-01,10,0,2,2,200,"&#x279A;",49009,0,4.08088310310351,4.08088310310351
"Reimerswaal","GM0703",2020-12-30,10,10,10,10,10,6,2020-11-01,4,0,0,0,0,"-",22916,0,0,0
"Terneuzen","GM0715",2020-12-30,48,48,41,41,40,25,2020-11-01,23,0,7,8,600,"&#x279A;",54435,0,12.8593735648021,14.6964269312024
"Tholen","GM0716",2020-12-30,51,51,51,51,51,45,2020-11-01,6,0,0,0,0,"-",25993,0,0,0
"Veere","GM0717",2020-12-30,10,10,10,10,10,8,2020-11-01,2,0,0,0,0,"-",21994,0,0,0
"Vlissingen","GM0718",2020-12-30,23,23,21,21,20,12,2020-11-01,11,0,2,3,100,"&#x279A;",44296,0,4.51508036843056,6.77262055264584
"De Ronde Venen","GM0736",2020-12-30,75,75,75,75,73,53,2020-11-01,22,0,0,2,-100,"&#x2798;",44642,0,0,4.48008601765154
"Tytsjerksteradiel","GM0737",2020-12-30,9,9,9,9,9,7,2020-11-01,2,0,0,0,0,"-",32049,0,0,0
"Asten","GM0743",2020-12-30,23,23,22,22,22,18,2020-11-01,5,0,1,1,100,"&#x279A;",16768,0,5.96374045801527,5.96374045801527
"Baarle-Nassau","GM0744",2020-12-30,12,12,12,12,12,9,2020-11-01,3,0,0,0,0,"-",6917,0,0,0
"Bergen op Zoom","GM0748",2020-12-30,69,69,68,67,66,47,2020-11-01,22,0,1,3,-50,"&#x2798;",67609,0,1.47909302016004,4.43727906048011
"Best","GM0753",2020-12-30,41,41,40,40,39,35,2020-11-01,6,0,1,2,0,"-",30162,0,3.31543001127246,6.63086002254492
"Boekel","GM0755",2020-12-30,39,38,37,37,37,36,2020-11-01,3,1,2,2,200,"&#x279A;",10906,9.16926462497708,18.3385292499542,18.3385292499542
"Boxmeer","GM0756",2020-12-30,30,30,28,28,26,23,2020-11-01,7,0,2,4,0,"-",29580,0,6.76132521974307,13.5226504394861
"Boxtel","GM0757",2020-12-30,37,36,35,34,34,24,2020-11-01,13,1,2,3,100,"&#x279A;",30888,3.23750323750324,6.47500647500648,9.71250971250971
"Breda","GM0758",2020-12-30,217,217,212,212,210,184,2020-11-01,33,0,5,7,150,"&#x279A;",184190,0,2.71458819697052,3.80042347575873
"Deurne","GM0762",2020-12-30,69,68,65,65,64,58,2020-11-01,11,1,4,5,300,"&#x279A;",32455,3.08118933908489,12.3247573563395,15.4059466954244
"Pekela","GM0765",2020-12-30,11,11,10,10,8,6,2020-11-01,5,0,1,3,-50,"&#x2798;",12173,0,8.21490183192311,24.6447054957693
"Dongen","GM0766",2020-12-30,39,39,39,39,38,30,2020-11-01,9,0,0,1,-100,"&#x2798;",26351,0,0,3.79492239383705
"Eersel","GM0770",2020-12-30,40,40,38,38,38,32,2020-11-01,8,0,2,2,200,"&#x279A;",19491,0,10.2611461700272,10.2611461700272
"Eindhoven","GM0772",2020-12-30,286,285,278,277,263,210,2020-11-01,76,1,8,23,-46.6666666666667,"&#x2798;",235514,0.424603208301842,3.39682566641474,9.76587379094236
"Etten-Leur","GM0777",2020-12-30,61,61,61,61,60,51,2020-11-01,10,0,0,1,-100,"&#x2798;",43928,0,0,2.27645237661628
"Geertruidenberg","GM0779",2020-12-30,22,22,21,21,21,17,2020-11-01,5,0,1,1,100,"&#x279A;",21768,0,4.59389930172731,4.59389930172731
"Gilze en Rijen","GM0784",2020-12-30,30,30,30,30,30,24,2020-11-01,6,0,0,0,0,"-",26761,0,0,0
"Goirle","GM0785",2020-12-30,37,37,36,36,36,35,2020-11-01,2,0,1,1,100,"&#x279A;",23915,0,4.18147606104955,4.18147606104955
"Grave","GM0786",2020-12-30,28,28,28,28,28,24,2020-11-01,4,0,0,0,0,"-",12433,0,0,0
"Haaren","GM0788",2020-12-30,25,25,25,25,24,20,2020-11-01,5,0,0,1,-100,"&#x2798;",14351,0,0,6.96815552923141
"Helmond","GM0794",2020-12-30,152,152,150,150,147,124,2020-11-01,28,0,2,5,-33.3333333333333,"&#x2798;",92574,0,2.16043381511007,5.40108453777519
"'s-Hertogenbosch","GM0796",2020-12-30,182,182,183,182,180,153,2020-11-01,29,0,-1,2,-133.333333333333,"&#x2798;",155541,0,-0.642917301547502,1.285834603095
"Heusden","GM0797",2020-12-30,68,68,68,68,64,50,2020-11-01,18,0,0,4,-100,"&#x2798;",44977,0,0,8.89343442203793
"Hilvarenbeek","GM0798",2020-12-30,18,18,18,18,18,15,2020-11-01,3,0,0,0,0,"-",15661,0,0,0
"Loon op Zand","GM0809",2020-12-30,39,39,39,39,38,30,2020-11-01,9,0,0,1,-100,"&#x2798;",23467,0,0,4.26130310648997
"Mill en Sint Hubert","GM0815",2020-12-30,14,14,14,14,14,9,2020-11-01,5,0,0,0,0,"-",11003,0,0,0
"Nuenen, Gerwen en Nederwetten","GM0820",2020-12-30,24,24,23,23,22,20,2020-11-01,4,0,1,2,0,"-",23640,0,4.23011844331641,8.46023688663283
"Oirschot","GM0823",2020-12-30,21,21,21,21,21,17,2020-11-01,4,0,0,0,0,"-",18826,0,0,0
"Oisterwijk","GM0824",2020-12-30,32,32,32,32,32,27,2020-11-01,5,0,0,0,0,"-",26436,0,0,0
"Oosterhout","GM0826",2020-12-30,66,65,62,62,60,52,2020-11-01,14,1,4,6,100,"&#x279A;",56225,1.77856825255669,7.11427301022677,10.6714095153402
"Oss","GM0828",2020-12-30,202,201,200,200,198,177,2020-11-01,25,1,2,4,0,"-",92390,1.08236822166901,2.16473644333802,4.32947288667605
"Rucphen","GM0840",2020-12-30,25,25,25,25,25,16,2020-11-01,9,0,0,0,0,"-",23077,0,0,0
"Sint-Michielsgestel","GM0845",2020-12-30,42,42,42,42,40,37,2020-11-01,5,0,0,2,-100,"&#x2798;",29476,0,0,6.78518116433709
"Someren","GM0847",2020-12-30,37,37,37,37,36,34,2020-11-01,3,0,0,1,-100,"&#x2798;",19364,0,0,5.16422226812642
"Son en Breugel","GM0848",2020-12-30,35,35,35,35,33,31,2020-11-01,4,0,0,2,-100,"&#x2798;",17539,0,0,11.403158674953
"Steenbergen","GM0851",2020-12-30,24,24,20,20,20,18,2020-11-01,6,0,4,4,400,"&#x279A;",24326,0,16.443311682973,16.443311682973
"Waterland","GM0852",2020-12-30,27,27,27,27,25,21,2020-11-01,6,0,0,2,-100,"&#x2798;",17324,0,0,11.5446779034865
"Tilburg","GM0855",2020-12-30,338,337,332,332,326,278,2020-11-01,60,1,6,12,0,"-",220536,0.45344070809301,2.72064424855806,5.44128849711612
"Uden","GM0856",2020-12-30,121,121,121,121,120,116,2020-11-01,5,0,0,1,-100,"&#x2798;",42207,0,0,2.36927523870448
"Valkenswaard","GM0858",2020-12-30,31,31,29,29,27,23,2020-11-01,8,0,2,4,0,"-",31241,0,6.40184373099453,12.8036874619891
"Veldhoven","GM0861",2020-12-30,51,51,49,49,43,38,2020-11-01,13,0,2,8,-66.6666666666667,"&#x2798;",45636,0,4.3825050398808,17.5300201595232
"Vught","GM0865",2020-12-30,51,51,51,51,50,43,2020-11-01,8,0,0,1,-100,"&#x2798;",26772,0,0,3.73524577917227
"Waalre","GM0866",2020-12-30,9,9,9,9,9,8,2020-11-01,1,0,0,0,0,"-",17528,0,0,0
"Waalwijk","GM0867",2020-12-30,61,61,59,59,58,45,2020-11-01,16,0,2,3,100,"&#x279A;",48886,0,4.0911508407315,6.13672626109725
"Woensdrecht","GM0873",2020-12-30,12,12,12,12,11,10,2020-11-01,2,0,0,1,-100,"&#x2798;",21970,0,0,4.55166135639508
"Zundert","GM0879",2020-12-30,32,32,31,31,30,27,2020-11-01,5,0,1,2,0,"-",22026,0,4.54008898574412,9.08017797148824
"Wormerland","GM0880",2020-12-30,25,25,25,25,25,21,2020-11-01,4,0,0,0,0,"-",16256,0,0,0
"Landgraaf","GM0882",2020-12-30,61,60,58,57,57,55,2020-11-01,6,1,3,4,200,"&#x279A;",37302,2.68082140367809,8.04246421103426,10.7232856147123
"Beek","GM0888",2020-12-30,19,19,18,18,18,18,2020-11-01,1,0,1,1,100,"&#x279A;",15897,0,6.29049506196138,6.29049506196138
"Beesel","GM0889",2020-12-30,24,24,24,24,24,20,2020-11-01,4,0,0,0,0,"-",13452,0,0,0
"Bergen (L.)","GM0893",2020-12-30,12,12,12,12,12,10,2020-11-01,2,0,0,0,0,"-",13117,0,0,0
"Brunssum","GM0899",2020-12-30,59,59,59,58,58,50,2020-11-01,9,0,0,1,-100,"&#x2798;",27661,0,0,3.61519829362641
"Gennep","GM0907",2020-12-30,23,23,22,22,19,17,2020-11-01,6,0,1,4,-66.6666666666667,"&#x2798;",17002,0,5.88166098106105,23.5266439242442
"Heerlen","GM0917",2020-12-30,148,147,147,146,143,131,2020-11-01,17,1,1,5,-75,"&#x2798;",86805,1.15200737284719,1.15200737284719,5.76003686423593
"Kerkrade","GM0928",2020-12-30,92,92,86,84,82,70,2020-11-01,22,0,6,10,50,"&#x279A;",45517,0,13.1818880857702,21.9698134762836
"Maastricht","GM0935",2020-12-30,227,226,224,223,219,200,2020-11-01,27,1,3,8,-40,"&#x2798;",120484,0.829985724245543,2.48995717273663,6.63988579396434
"Meerssen","GM0938",2020-12-30,26,26,26,26,26,23,2020-11-01,3,0,0,0,0,"-",18707,0,0,0
"Mook en Middelaar","GM0944",2020-12-30,10,10,10,10,10,8,2020-11-01,2,0,0,0,0,"-",7897,0,0,0
"Nederweert","GM0946",2020-12-30,38,38,38,37,37,34,2020-11-01,4,0,0,1,-100,"&#x2798;",17161,0,0,5.82716624905309
"Roermond","GM0957",2020-12-30,70,70,68,68,68,65,2020-11-01,5,0,2,2,200,"&#x279A;",58769,0,3.40315472442955,3.40315472442955
"Simpelveld","GM0965",2020-12-30,22,22,22,22,22,19,2020-11-01,3,0,0,0,0,"-",10508,0,0,0
"Stein","GM0971",2020-12-30,55,55,55,55,55,49,2020-11-01,6,0,0,0,0,"-",24872,0,0,0
"Vaals","GM0981",2020-12-30,14,14,13,13,11,10,2020-11-01,4,0,1,3,-50,"&#x2798;",10084,0,9.91669972233241,29.7500991669972
"Venlo","GM0983",2020-12-30,171,171,164,164,156,144,2020-11-01,27,0,7,15,-12.5,"&#x2798;",101934,0,6.86718857299821,14.7154040849962
"Venray","GM0984",2020-12-30,49,49,47,47,47,42,2020-11-01,7,0,2,2,200,"&#x279A;",43676,0,4.57917391702537,4.57917391702537
"Voerendaal","GM0986",2020-12-30,18,18,18,18,18,17,2020-11-01,1,0,0,0,0,"-",12483,0,0,0
"Weert","GM0988",2020-12-30,91,91,87,87,86,72,2020-11-01,19,0,4,5,300,"&#x279A;",50044,0,7.99296618975302,9.99120773719127
"Valkenburg aan de Geul","GM0994",2020-12-30,27,26,26,26,25,20,2020-11-01,7,1,1,2,0,"-",16405,6.09570252971655,6.09570252971655,12.1914050594331
"Lelystad","GM0995",2020-12-30,104,103,100,100,99,85,2020-11-01,19,1,4,5,300,"&#x279A;",79759,1.25377700322221,5.01510801288883,6.26888501611103
"Horst aan de Maas","GM1507",2020-12-30,53,52,51,51,50,44,2020-11-01,9,1,2,3,100,"&#x279A;",42484,2.35382732322757,4.70765464645514,7.0614819696827
"Oude IJsselstreek","GM1509",2020-12-30,29,29,29,29,28,25,2020-11-01,4,0,0,1,-100,"&#x2798;",39333,0,0,2.54239442707142
"Teylingen","GM1525",2020-12-30,27,27,27,27,25,19,2020-11-01,8,0,0,2,-100,"&#x2798;",37737,0,0,5.29983835493017
"Utrechtse Heuvelrug","GM1581",2020-12-30,51,50,48,48,45,33,2020-11-01,18,1,3,6,0,"-",49965,2.00140098068648,6.00420294205944,12.0084058841189
"Oost Gelre","GM1586",2020-12-30,25,25,24,24,23,21,2020-11-01,4,0,1,2,0,"-",29617,0,3.37643920721207,6.75287841442415
"Koggenland","GM1598",2020-12-30,13,13,13,13,13,9,2020-11-01,4,0,0,0,0,"-",22954,0,0,0
"Lansingerland","GM1621",2020-12-30,68,68,66,64,61,51,2020-11-01,17,0,2,7,-60,"&#x2798;",63267,0,3.16120568384782,11.0642198934674
"Leudal","GM1640",2020-12-30,61,61,60,60,58,54,2020-11-01,7,0,1,3,-50,"&#x2798;",36010,0,2.77700638711469,8.33101916134407
"Maasgouw","GM1641",2020-12-30,31,31,29,29,29,28,2020-11-01,3,0,2,2,200,"&#x279A;",23955,0,8.34898768524316,8.34898768524316
"Gemert-Bakel","GM1652",2020-12-30,84,84,84,83,82,79,2020-11-01,5,0,0,2,-100,"&#x2798;",30751,0,0,6.50385353321843
"Halderberge","GM1655",2020-12-30,38,37,37,37,35,26,2020-11-01,12,1,1,3,-50,"&#x2798;",30428,3.28644669383463,3.28644669383463,9.85934008150388
"Heeze-Leende","GM1658",2020-12-30,20,20,20,20,20,18,2020-11-01,2,0,0,0,0,"-",16207,0,0,0
"Laarbeek","GM1659",2020-12-30,45,45,44,44,42,42,2020-11-01,3,0,1,3,-50,"&#x2798;",22741,0,4.39734400422145,13.1920320126644
"Reusel-De Mierden","GM1667",2020-12-30,19,19,19,19,18,15,2020-11-01,4,0,0,1,-100,"&#x2798;",13138,0,0,7.61150860100472
"Roerdalen","GM1669",2020-12-30,30,29,29,29,29,27,2020-11-01,3,1,1,1,100,"&#x279A;",20572,4.86097608399767,4.86097608399767,4.86097608399767
"Roosendaal","GM1674",2020-12-30,65,65,64,64,63,46,2020-11-01,19,0,1,2,0,"-",77268,0,1.29419682145261,2.58839364290521
"Schouwen-Duiveland","GM1676",2020-12-30,19,19,18,18,18,13,2020-11-01,6,0,1,1,100,"&#x279A;",33960,0,2.94464075382803,2.94464075382803
"Aa en Hunze","GM1680",2020-12-30,3,3,2,2,2,1,2020-11-01,2,0,1,1,100,"&#x279A;",25394,0,3.93793809561314,3.93793809561314
"Borger-Odoorn","GM1681",2020-12-30,13,13,11,11,10,8,2020-11-01,5,0,2,3,100,"&#x279A;",25584,0,7.81738586616635,11.7260787992495
"Cuijk","GM1684",2020-12-30,22,22,22,22,20,18,2020-11-01,4,0,0,2,-100,"&#x2798;",25368,0,0,7.88394828129927
"Landerd","GM1685",2020-12-30,45,45,45,45,44,42,2020-11-01,3,0,0,1,-100,"&#x2798;",15831,0,0,6.31672035878972
"De Wolden","GM1690",2020-12-30,18,18,18,18,18,16,2020-11-01,2,0,0,0,0,"-",24374,0,0,0
"Noord-Beveland","GM1695",2020-12-30,3,3,3,3,3,1,2020-11-01,2,0,0,0,0,"-",7571,0,0,0
"Wijdemeren","GM1696",2020-12-30,17,17,17,17,16,11,2020-11-01,6,0,0,1,-100,"&#x2798;",24426,0,0,4.09399819864079
"Noordenveld","GM1699",2020-12-30,11,11,11,11,9,6,2020-11-01,5,0,0,2,-100,"&#x2798;",31211,0,0,6.40799718048124
"Twenterand","GM1700",2020-12-30,25,25,22,21,19,12,2020-11-01,13,0,3,6,0,"-",33711,0,8.89917237696894,17.7983447539379
"Westerveld","GM1701",2020-12-30,11,11,10,10,10,9,2020-11-01,2,0,1,1,100,"&#x279A;",19620,0,5.09683995922528,5.09683995922528
"Sint Anthonis","GM1702",2020-12-30,21,21,21,21,21,21,2020-11-01,0,0,0,0,0,"-",11682,0,0,0
"Lingewaard","GM1705",2020-12-30,52,51,47,47,47,38,2020-11-01,14,1,5,5,500,"&#x279A;",46760,2.13857998289136,10.6928999144568,10.6928999144568
"Cranendonck","GM1706",2020-12-30,68,68,68,68,67,63,2020-11-01,5,0,0,1,-100,"&#x2798;",20971,0,0,4.76848981927424
"Steenwijkerland","GM1708",2020-12-30,21,19,19,19,19,15,2020-11-01,6,2,2,2,200,"&#x279A;",44323,4.51232994156533,4.51232994156533,4.51232994156533
"Moerdijk","GM1709",2020-12-30,32,32,30,29,27,20,2020-11-01,12,0,2,5,-33.3333333333333,"&#x2798;",37188,0,5.37807895019899,13.4451973754975
"Echt-Susteren","GM1711",2020-12-30,46,46,45,44,44,43,2020-11-01,3,0,1,2,0,"-",31774,0,3.14722729275508,6.29445458551016
"Sluis","GM1714",2020-12-30,25,25,20,20,19,10,2020-11-01,15,0,5,6,400,"&#x279A;",23176,0,21.5740421125302,25.8888505350362
"Drimmelen","GM1719",2020-12-30,35,35,32,32,31,21,2020-11-01,14,0,3,4,200,"&#x279A;",27332,0,10.9761451778136,14.6348602370847
"Bernheze","GM1721",2020-12-30,102,102,102,102,102,98,2020-11-01,4,0,0,0,0,"-",31412,0,0,0
"Alphen-Chaam","GM1723",2020-12-30,21,21,21,21,20,18,2020-11-01,3,0,0,1,-100,"&#x2798;",10355,0,0,9.65717044905842
"Bergeijk","GM1724",2020-12-30,24,24,22,22,22,20,2020-11-01,4,0,2,2,200,"&#x279A;",18728,0,10.6791969243913,10.6791969243913
"Bladel","GM1728",2020-12-30,27,27,27,27,25,23,2020-11-01,4,0,0,2,-100,"&#x2798;",20536,0,0,9.73899493572263
"Gulpen-Wittem","GM1729",2020-12-30,28,28,27,27,27,24,2020-11-01,4,0,1,1,100,"&#x279A;",14195,0,7.04473406128919,7.04473406128919
"Tynaarlo","GM1730",2020-12-30,13,13,13,13,13,11,2020-11-01,2,0,0,0,0,"-",33914,0,0,0
"Midden-Drenthe","GM1731",2020-12-30,13,13,13,12,12,6,2020-11-01,7,0,0,1,-100,"&#x2798;",33362,0,0,2.99742221689347
"Overbetuwe","GM1734",2020-12-30,64,63,63,63,63,62,2020-11-01,2,1,1,1,100,"&#x279A;",48125,2.07792207792208,2.07792207792208,2.07792207792208
"Hof van Twente","GM1735",2020-12-30,28,28,26,26,25,20,2020-11-01,8,0,2,3,100,"&#x279A;",35053,0,5.70564573645622,8.55846860468434
"Neder-Betuwe","GM1740",2020-12-30,52,51,51,51,48,44,2020-11-01,8,1,1,4,-66.6666666666667,"&#x2798;",24591,4.06652840470091,4.06652840470091,16.2661136188036
"Rijssen-Holten","GM1742",2020-12-30,36,36,35,35,34,30,2020-11-01,6,0,1,2,0,"-",38205,0,2.61745844784714,5.23491689569428
"Geldrop-Mierlo","GM1771",2020-12-30,53,51,50,50,47,37,2020-11-01,16,2,3,6,0,"-",40073,4.99089162278841,7.48633743418262,14.9726748683652
"Olst-Wijhe","GM1773",2020-12-30,12,12,12,12,12,12,2020-11-01,0,0,0,0,0,"-",18353,0,0,0
"Dinkelland","GM1774",2020-12-30,24,24,24,24,24,21,2020-11-01,3,0,0,0,0,"-",26588,0,0,0
"Westland","GM1783",2020-12-30,122,122,113,113,110,75,2020-11-01,47,0,9,12,200,"&#x279A;",111356,0,8.08218686016021,10.7762491468803
"Midden-Delfland","GM1842",2020-12-30,13,13,13,13,13,8,2020-11-01,5,0,0,0,0,"-",19374,0,0,0
"Berkelland","GM1859",2020-12-30,30,30,30,30,29,19,2020-11-01,11,0,0,1,-100,"&#x2798;",43831,0,0,2.281490269444
"Bronckhorst","GM1876",2020-12-30,22,22,22,22,21,18,2020-11-01,4,0,0,1,-100,"&#x2798;",36111,0,0,2.76923928996705
"Sittard-Geleen","GM1883",2020-12-30,153,151,146,146,141,128,2020-11-01,25,2,7,12,40,"&#x279A;",91822,2.17812724619372,7.62344536167803,13.0687634771623
"Kaag en Braassem","GM1884",2020-12-30,16,16,16,15,15,9,2020-11-01,7,0,0,1,-100,"&#x2798;",27557,0,0,3.62884203650615
"Dantumadiel","GM1891",2020-12-30,3,3,3,3,3,2,2020-11-01,1,0,0,0,0,"-",18942,0,0,0
"Zuidplas","GM1892",2020-12-30,54,52,51,51,49,32,2020-11-01,22,2,3,5,50,"&#x279A;",45014,4.4430621584396,6.6645932376594,11.107655396099
"Peel en Maas","GM1894",2020-12-30,150,150,149,149,148,146,2020-11-01,4,0,1,2,0,"-",43630,0,2.29200091680037,4.58400183360073
"Oldambt","GM1895",2020-12-30,15,15,14,14,11,10,2020-11-01,5,0,1,4,-66.6666666666667,"&#x2798;",38288,0,2.61178437108232,10.4471374843293
"Zwartewaterland","GM1896",2020-12-30,40,39,39,39,39,35,2020-11-01,5,1,1,1,100,"&#x279A;",22794,4.38711941739054,4.38711941739054,4.38711941739054
"Súdwest-Fryslân","GM1900",2020-12-30,30,30,29,29,27,22,2020-11-01,8,0,1,3,-50,"&#x2798;",89958,0,1.11162987171791,3.33488961515374
"Bodegraven-Reeuwijk","GM1901",2020-12-30,36,36,32,32,29,15,2020-11-01,21,0,4,7,33.3333333333333,"&#x279A;",35260,0,11.3442994895065,19.8525241066364
"Eijsden-Margraten","GM1903",2020-12-30,62,62,62,62,62,59,2020-11-01,3,0,0,0,0,"-",25888,0,0,0
"Stichtse Vecht","GM1904",2020-12-30,74,74,72,72,71,51,2020-11-02,23,0,2,3,100,"&#x279A;",65167,0,3.06903801003575,4.60355701505363
"Hollands Kroon","GM1911",2020-12-30,35,34,34,34,34,26,2020-11-01,9,1,1,1,100,"&#x279A;",48618,2.05685137191987,2.05685137191987,2.05685137191987
"Leidschendam-Voorburg","GM1916",2020-12-30,84,84,78,78,74,41,2020-11-01,43,0,6,10,50,"&#x279A;",76431,0,7.85021784354516,13.0836964059086
"Goeree-Overflakkee","GM1924",2020-12-30,80,80,78,78,78,61,2020-11-01,19,0,2,2,200,"&#x279A;",50488,0,3.96133734748851,3.96133734748851
"Pijnacker-Nootdorp","GM1926",2020-12-30,41,41,41,41,41,32,2020-11-01,9,0,0,0,0,"-",55552,0,0,0
"Nissewaard","GM1930",2020-12-30,105,105,105,104,99,74,2020-11-01,31,0,0,6,-100,"&#x2798;",85300,0,0,7.03399765533412
"Krimpenerwaard","GM1931",2020-12-30,86,83,78,78,73,58,2020-11-01,28,3,8,13,60,"&#x279A;",56491,5.3105804464428,14.1615478571808,23.0125152679188
"De Fryske Marren","GM1940",2020-12-30,31,31,31,31,28,24,2020-11-01,7,0,0,3,-100,"&#x2798;",51651,0,0,5.80821281291747
"Gooise Meren","GM1942",2020-12-30,41,41,38,38,37,29,2020-11-01,12,0,3,4,200,"&#x279A;",58439,0,5.13355806909769,6.84474409213025
"Berg en Dal","GM1945",2020-12-30,45,45,45,45,44,41,2020-11-01,4,0,0,1,-100,"&#x2798;",35017,0,0,2.85575577576606
"Meierijstad","GM1948",2020-12-30,229,229,228,228,226,217,2020-11-01,12,0,1,3,-50,"&#x2798;",81607,0,1.22538507726053,3.67615523178159
"Waadhoeke","GM1949",2020-12-30,20,20,19,19,18,15,2020-11-01,5,0,1,2,0,"-",46085,0,2.16990343929695,4.3398068785939
"Westerwolde","GM1950",2020-12-30,14,14,14,14,14,12,2020-11-01,2,0,0,0,0,"-",25976,0,0,0
"Midden-Groningen","GM1952",2020-12-30,23,23,19,19,19,10,2020-11-01,13,0,4,4,400,"&#x279A;",60761,0,6.58317012557397,6.58317012557397
"Beekdaelen","GM1954",2020-12-30,65,65,59,59,57,52,2020-11-01,13,0,6,8,200,"&#x279A;",36073,0,16.6329387630638,22.177251684085
"Montferland","GM1955",2020-12-30,31,31,30,30,29,25,2020-11-01,6,0,1,2,0,"-",36068,0,2.77254075634912,5.54508151269824
"Altena","GM1959",2020-12-30,60,60,57,56,56,40,2020-11-01,20,0,3,4,200,"&#x279A;",56333,0,5.32547529867041,7.10063373156054
"West Betuwe","GM1960",2020-12-30,74,73,73,73,71,54,2020-11-01,20,1,1,3,-50,"&#x2798;",51405,1.94533605680381,1.94533605680381,5.83600817041144
"Vijfheerenlanden","GM1961",2020-12-30,65,65,63,62,61,48,2020-11-01,17,0,2,4,0,"-",57751,0,3.46314349535073,6.92628699070146
"Hoeksche Waard","GM1963",2020-12-30,94,93,92,91,88,84,2020-11-15,10,1,2,6,-50,"&#x2798;",87822,1.13866684885336,2.27733369770672,6.83200109312018
"Het Hogeland","GM1966",2020-12-30,15,15,14,14,13,7,2020-11-01,8,0,1,2,0,"-",47888,0,2.08820581356499,4.17641162712997
"Westerkwartier","GM1969",2020-12-30,22,21,21,21,21,19,2020-11-01,3,1,1,1,100,"&#x279A;",63568,1.57311855021394,1.57311855021394,1.57311855021394
"Noardeast-Fryslân","GM1970",2020-12-30,18,18,16,16,14,7,2020-11-01,11,0,2,4,0,"-",45445,0,4.40092419408076,8.80184838816151
"Molenlanden","GM1978",2020-12-30,26,26,24,23,22,19,2020-11-23,7,0,2,4,0,"-",44072,0,4.53802868034126,9.07605736068252
