"municipality","Municipality_code","date","d0","d1","d7","d8","d14","lowest_since_okt1","lowest_since_okt1_date","current","increase_1d","increase_7d","increase_14d","increase_growth","growth","population","rel_increase_1d","rel_increase_7d","rel_increase_14d"
"Netherlands","",2020-11-13,16315,16228,15721,15632,15016,12805,2020-10-01,3510,87,594,1299,-15.7446808510638,"&#x2798;",17443797,0.498744625381733,3.40522192502011,7.44677319966519
"Unknown","",2020-11-13,97,96,92,94,89,74,2020-10-01,23,1,5,8,66.6666666666667,"&#x279A;",NA,NA,NA,NA
"Appingedam","GM0003",2020-11-13,8,8,8,8,7,3,2020-10-01,5,0,0,1,-100,"&#x2798;",11529,0,0,8.67377916558244
"Delfzijl","GM0010",2020-11-13,8,8,8,8,8,6,2020-10-01,2,0,0,0,0,"-",24627,0,0,0
"Groningen","GM0014",2020-11-13,32,32,32,32,32,19,2020-10-01,13,0,0,0,0,"-",233266,0,0,0
"Loppersum","GM0024",2020-11-13,0,0,0,0,0,0,2020-10-01,0,0,0,0,0,"-",9501,0,0,0
"Almere","GM0034",2020-11-13,174,173,171,171,170,138,2020-10-01,36,1,3,4,200,"&#x279A;",214133,0.466999481630575,1.40099844489173,1.8679979265223
"Stadskanaal","GM0037",2020-11-13,9,9,8,8,8,2,2020-10-01,7,0,1,1,100,"&#x279A;",31564,0,3.16816626536561,3.16816626536561
"Veendam","GM0047",2020-11-13,4,4,4,4,4,2,2020-10-01,2,0,0,0,0,"-",27440,0,0,0
"Zeewolde","GM0050",2020-11-13,13,13,13,13,13,12,2020-10-01,1,0,0,0,0,"-",22750,0,0,0
"Achtkarspelen","GM0059",2020-11-13,0,0,0,0,0,0,2020-10-01,0,0,0,0,0,"-",27890,0,0,0
"Ameland","GM0060",2020-11-13,0,0,0,0,0,0,2020-10-01,0,0,0,0,0,"-",3766,0,0,0
"Harlingen","GM0072",2020-11-13,5,5,5,5,4,4,2020-10-01,1,0,0,1,-100,"&#x2798;",15827,0,0,6.31831680040437
"Heerenveen","GM0074",2020-11-13,17,17,16,16,16,13,2020-10-01,4,0,1,1,100,"&#x279A;",50561,0,1.9778089832084,1.9778089832084
"Leeuwarden","GM0080",2020-11-13,47,47,47,47,45,37,2020-10-01,10,0,0,2,-100,"&#x2798;",124338,0,0,1.60851871511525
"Ooststellingwerf","GM0085",2020-11-13,6,6,5,5,5,3,2020-10-01,3,0,1,1,100,"&#x279A;",25398,0,3.93731789904717,3.93731789904717
"Opsterland","GM0086",2020-11-13,9,9,9,8,8,7,2020-10-01,2,0,0,1,-100,"&#x2798;",29777,0,0,3.358296671928
"Schiermonnikoog","GM0088",2020-11-13,1,1,1,1,1,0,2020-10-01,1,0,0,0,0,"-",940,0,0,0
"Smallingerland","GM0090",2020-11-13,12,12,12,12,12,9,2020-10-01,3,0,0,0,0,"-",56109,0,0,0
"Terschelling","GM0093",2020-11-13,1,1,1,1,1,0,2020-10-01,1,0,0,0,0,"-",4893,0,0,0
"Vlieland","GM0096",2020-11-13,0,0,0,0,0,0,2020-10-01,0,0,0,0,0,"-",1208,0,0,0
"Weststellingwerf","GM0098",2020-11-13,3,3,3,3,3,3,2020-10-01,0,0,0,0,0,"-",26044,0,0,0
"Assen","GM0106",2020-11-13,16,16,14,14,14,12,2020-10-01,4,0,2,2,200,"&#x279A;",68890,0,2.90317898098418,2.90317898098418
"Coevorden","GM0109",2020-11-13,20,20,19,19,18,13,2020-10-01,7,0,1,2,0,"-",35274,0,2.83494925440835,5.66989850881669
"Emmen","GM0114",2020-11-13,53,53,51,51,49,23,2020-10-01,30,0,2,4,0,"-",107083,0,1.8677100940392,3.73542018807841
"Hoogeveen","GM0118",2020-11-13,32,32,31,31,29,20,2020-10-01,12,0,1,3,-50,"&#x2798;",55612,0,1.79817305617493,5.39451916852478
"Meppel","GM0119",2020-11-13,12,12,11,11,11,11,2020-10-01,1,0,1,1,100,"&#x279A;",34211,0,2.92303645026453,2.92303645026453
"Almelo","GM0141",2020-11-13,39,39,35,35,32,26,2020-10-01,13,0,4,7,33.3333333333333,"&#x279A;",73183,0,5.46575024254267,9.56506292444967
"Borne","GM0147",2020-11-13,16,16,16,16,16,14,2020-10-01,2,0,0,0,0,"-",23582,0,0,0
"Dalfsen","GM0148",2020-11-13,18,18,18,18,17,16,2020-10-01,2,0,0,1,-100,"&#x2798;",28921,0,0,3.45769510044604
"Deventer","GM0150",2020-11-13,53,53,50,50,50,48,2020-10-01,5,0,3,3,300,"&#x279A;",101021,0,2.96967957157423,2.96967957157423
"Enschede","GM0153",2020-11-13,87,81,76,76,68,59,2020-10-01,28,6,11,19,37.5,"&#x279A;",159857,3.75335456063857,6.88115002783738,11.8856227753555
"Haaksbergen","GM0158",2020-11-13,19,19,18,18,18,15,2020-10-01,4,0,1,1,100,"&#x279A;",24271,0,4.12014338098966,4.12014338098966
"Hardenberg","GM0160",2020-11-13,26,26,25,25,24,23,2020-10-01,3,0,1,2,0,"-",61240,0,1.63291966035271,3.26583932070542
"Hellendoorn","GM0163",2020-11-13,15,14,13,13,13,8,2020-10-01,7,1,2,2,200,"&#x279A;",35938,2.78256998163504,5.56513996327008,5.56513996327008
"Hengelo","GM0164",2020-11-13,42,42,41,41,39,26,2020-10-01,16,0,1,3,-50,"&#x2798;",81149,0,1.23230107579884,3.69690322739652
"Kampen","GM0166",2020-11-13,63,63,61,61,61,59,2020-10-01,4,0,2,2,200,"&#x279A;",54429,0,3.67451174925132,3.67451174925132
"Losser","GM0168",2020-11-13,13,13,13,13,11,10,2020-10-01,3,0,0,2,-100,"&#x2798;",22850,0,0,8.7527352297593
"Noordoostpolder","GM0171",2020-11-13,21,21,20,20,19,17,2020-10-01,4,0,1,2,0,"-",47514,0,2.10464284210969,4.20928568421939
"Oldenzaal","GM0173",2020-11-13,20,19,16,16,16,15,2020-10-01,5,1,4,4,400,"&#x279A;",31771,3.14752447200277,12.5900978880111,12.5900978880111
"Ommen","GM0175",2020-11-13,9,9,9,9,9,9,2020-10-01,0,0,0,0,0,"-",18204,0,0,0
"Raalte","GM0177",2020-11-13,26,26,26,26,25,24,2020-10-01,2,0,0,1,-100,"&#x2798;",37817,0,0,2.64431340402464
"Staphorst","GM0180",2020-11-13,11,11,9,9,8,8,2020-10-01,3,0,2,3,100,"&#x279A;",17235,0,11.6042935886278,17.4064403829417
"Tubbergen","GM0183",2020-11-13,13,13,12,12,12,12,2020-10-01,1,0,1,1,100,"&#x279A;",21282,0,4.6988065031482,4.6988065031482
"Urk","GM0184",2020-11-13,26,26,26,26,24,23,2020-10-01,3,0,0,2,-100,"&#x2798;",21161,0,0,9.45134918009546
"Wierden","GM0189",2020-11-13,8,8,8,8,7,7,2020-10-01,1,0,0,1,-100,"&#x2798;",24517,0,0,4.07880246359669
"Zwolle","GM0193",2020-11-13,56,56,55,55,54,53,2020-10-01,3,0,1,2,0,"-",129465,0,0.772409531533619,1.54481906306724
"Aalten","GM0197",2020-11-13,14,14,13,13,13,9,2020-10-01,5,0,1,1,100,"&#x279A;",27110,0,3.68867576540022,3.68867576540022
"Apeldoorn","GM0200",2020-11-13,123,123,122,122,116,101,2020-10-01,22,0,1,7,-83.3333333333333,"&#x2798;",164513,0,0.607854698412891,4.25498288889024
"Arnhem","GM0202",2020-11-13,109,108,102,102,94,73,2020-10-01,36,1,7,15,-12.5,"&#x2798;",162219,0.61645060073111,4.31515420511777,9.24675901096666
"Barneveld","GM0203",2020-11-13,29,28,25,25,25,18,2020-10-01,11,1,4,4,400,"&#x279A;",59777,1.67288421968316,6.69153687873262,6.69153687873262
"Beuningen","GM0209",2020-11-13,22,22,21,20,20,19,2020-10-01,3,0,1,2,0,"-",26169,0,3.82131529672513,7.64263059345027
"Brummen","GM0213",2020-11-13,21,21,19,19,19,18,2020-10-01,3,0,2,2,200,"&#x279A;",20870,0,9.5831336847149,9.5831336847149
"Buren","GM0214",2020-11-13,23,23,23,23,23,17,2020-10-01,6,0,0,0,0,"-",27020,0,0,0
"Culemborg","GM0216",2020-11-13,29,29,29,29,28,24,2020-10-01,5,0,0,1,-100,"&#x2798;",29044,0,0,3.44305192122297
"Doesburg","GM0221",2020-11-13,11,11,11,11,11,9,2020-10-01,2,0,0,0,0,"-",11010,0,0,0
"Doetinchem","GM0222",2020-11-13,37,37,36,35,33,27,2020-10-01,10,0,1,4,-66.6666666666667,"&#x2798;",58150,0,1.71969045571797,6.87876182287188
"Druten","GM0225",2020-11-13,29,29,29,28,28,25,2020-10-01,4,0,0,1,-100,"&#x2798;",18964,0,0,5.27314912465725
"Duiven","GM0226",2020-11-13,18,18,18,17,17,14,2020-10-01,4,0,0,1,-100,"&#x2798;",25102,0,0,3.98374631503466
"Ede","GM0228",2020-11-13,80,78,77,78,74,58,2020-10-01,22,2,3,6,0,"-",118380,1.68947457340767,2.53421186011151,5.06842372022301
"Elburg","GM0230",2020-11-13,30,30,29,29,29,28,2020-10-01,2,0,1,1,100,"&#x279A;",23370,0,4.27899015832264,4.27899015832264
"Epe","GM0232",2020-11-13,54,54,53,53,53,49,2020-10-01,5,0,1,1,100,"&#x279A;",33168,0,3.01495417269658,3.01495417269658
"Ermelo","GM0233",2020-11-13,33,33,33,33,33,33,2020-10-01,0,0,0,0,0,"-",27010,0,0,0
"Harderwijk","GM0243",2020-11-13,50,50,48,48,47,44,2020-10-01,6,0,2,3,100,"&#x279A;",48701,0,4.10669185437671,6.16003778156506
"Hattem","GM0244",2020-11-13,18,18,18,18,18,18,2020-10-01,0,0,0,0,0,"-",12214,0,0,0
"Heerde","GM0246",2020-11-13,55,55,55,55,55,55,2020-10-01,0,0,0,0,0,"-",18715,0,0,0
"Heumen","GM0252",2020-11-13,19,19,19,19,19,18,2020-10-01,1,0,0,0,0,"-",16562,0,0,0
"Lochem","GM0262",2020-11-13,19,19,19,19,17,16,2020-10-01,3,0,0,2,-100,"&#x2798;",33847,0,0,5.90894318551127
"Maasdriel","GM0263",2020-11-13,26,26,24,24,19,15,2020-10-01,11,0,2,7,-60,"&#x2798;",25444,0,7.86039930828486,27.511397578997
"Nijkerk","GM0267",2020-11-13,31,31,30,29,27,22,2020-10-01,9,0,1,4,-66.6666666666667,"&#x2798;",43507,0,2.29848070425449,9.19392281701795
"Nijmegen","GM0268",2020-11-13,190,188,186,184,178,142,2020-10-01,48,2,4,12,-50,"&#x2798;",177525,1.12660188705816,2.25320377411632,6.75961132234896
"Oldebroek","GM0269",2020-11-13,40,40,40,40,40,40,2020-10-01,0,0,0,0,0,"-",23713,0,0,0
"Putten","GM0273",2020-11-13,12,12,12,12,12,10,2020-10-01,2,0,0,0,0,"-",24337,0,0,0
"Renkum","GM0274",2020-11-13,20,20,19,17,17,14,2020-10-01,6,0,1,3,-50,"&#x2798;",31432,0,3.1814711122423,9.5444133367269
"Rheden","GM0275",2020-11-13,38,38,36,35,35,34,2020-10-01,4,0,2,3,100,"&#x279A;",43655,0,4.58137670369946,6.87206505554919
"Rozendaal","GM0277",2020-11-13,1,1,1,1,1,1,2020-10-01,0,0,0,0,0,"-",1709,0,0,0
"Scherpenzeel","GM0279",2020-11-13,5,5,5,5,5,4,2020-10-01,1,0,0,0,0,"-",10054,0,0,0
"Tiel","GM0281",2020-11-13,53,53,50,49,48,43,2020-10-01,10,0,3,5,50,"&#x279A;",41984,0,7.14557926829268,11.9092987804878
"Voorst","GM0285",2020-11-13,18,18,18,18,18,17,2020-10-01,1,0,0,0,0,"-",24717,0,0,0
"Wageningen","GM0289",2020-11-13,27,26,27,27,26,21,2020-10-01,6,1,0,1,-100,"&#x2798;",39600,2.52525252525253,0,2.52525252525253
"Westervoort","GM0293",2020-11-13,13,12,12,12,12,12,2020-10-01,1,1,1,1,100,"&#x279A;",15023,6.65646009452173,6.65646009452173,6.65646009452173
"Winterswijk","GM0294",2020-11-13,9,9,9,9,9,7,2020-10-01,2,0,0,0,0,"-",28912,0,0,0
"Wijchen","GM0296",2020-11-13,56,55,55,55,52,44,2020-10-01,12,1,1,4,-66.6666666666667,"&#x2798;",41213,2.42641884842161,2.42641884842161,9.70567539368646
"Zaltbommel","GM0297",2020-11-13,25,25,23,23,23,21,2020-10-01,4,0,2,2,200,"&#x279A;",29355,0,6.81314937830012,6.81314937830012
"Zevenaar","GM0299",2020-11-13,60,60,58,58,57,48,2020-10-01,12,0,2,3,100,"&#x279A;",44058,0,4.53947069771665,6.80920604657497
"Zutphen","GM0301",2020-11-13,35,35,35,35,34,31,2020-10-01,4,0,0,1,-100,"&#x2798;",48159,0,0,2.07645507589443
"Nunspeet","GM0302",2020-11-13,61,61,61,61,62,55,2020-10-01,6,0,0,-1,0,"-",27972,0,0,-3.57500357500358
"Dronten","GM0303",2020-11-13,40,40,40,40,40,31,2020-10-01,9,0,0,0,0,"-",41837,0,0,0
"Amersfoort","GM0307",2020-11-13,109,109,103,102,99,78,2020-10-01,31,0,6,10,50,"&#x279A;",157691,0,3.80490960168938,6.34151600281563
"Baarn","GM0308",2020-11-13,19,19,18,18,16,12,2020-10-01,7,0,1,3,-50,"&#x2798;",24864,0,4.02187902187902,12.0656370656371
"De Bilt","GM0310",2020-11-13,36,36,35,35,33,29,2020-10-01,7,0,1,3,-50,"&#x2798;",43328,0,2.30797636632201,6.92392909896603
"Bunnik","GM0312",2020-11-13,12,12,12,12,12,10,2020-10-01,2,0,0,0,0,"-",15344,0,0,0
"Bunschoten","GM0313",2020-11-13,21,21,19,19,16,12,2020-10-01,9,0,2,5,-33.3333333333333,"&#x2798;",22001,0,9.09049588655061,22.7262397163765
"Eemnes","GM0317",2020-11-13,4,4,3,3,3,2,2020-10-01,2,0,1,1,100,"&#x279A;",9350,0,10.6951871657754,10.6951871657754
"Houten","GM0321",2020-11-13,39,38,36,35,34,27,2020-10-01,12,1,3,5,50,"&#x279A;",50268,1.98933715286067,5.968011458582,9.94668576430333
"Leusden","GM0327",2020-11-13,13,13,12,12,11,9,2020-10-01,4,0,1,2,0,"-",30486,0,3.2801941874959,6.5603883749918
"Lopik","GM0331",2020-11-13,25,25,25,25,24,20,2020-10-01,5,0,0,1,-100,"&#x2798;",14441,0,0,6.92472820441798
"Montfoort","GM0335",2020-11-13,16,16,16,16,16,15,2020-10-01,1,0,0,0,0,"-",13887,0,0,0
"Renswoude","GM0339",2020-11-13,5,5,5,5,5,5,2020-10-01,0,0,0,0,0,"-",5530,0,0,0
"Rhenen","GM0340",2020-11-13,14,14,13,13,13,11,2020-10-01,3,0,1,1,100,"&#x279A;",20129,0,4.96795667941775,4.96795667941775
"Soest","GM0342",2020-11-13,40,40,38,38,36,24,2020-10-01,16,0,2,4,0,"-",46883,0,4.26593861314336,8.53187722628671
"Utrecht","GM0344",2020-11-13,403,400,384,382,360,301,2020-10-01,102,3,19,43,-20.8333333333333,"&#x2798;",359374,0.834784931575462,5.28697123331126,11.965250685915
"Veenendaal","GM0345",2020-11-13,63,63,62,62,57,49,2020-10-06,14,0,1,6,-80,"&#x2798;",66922,0,1.4942769193987,8.96566151639222
"Woudenberg","GM0351",2020-11-13,10,10,10,10,9,9,2020-10-06,1,0,0,1,-100,"&#x2798;",13579,0,0,7.36431254142426
"Wijk bij Duurstede","GM0352",2020-11-13,13,13,12,12,12,10,2020-10-01,3,0,1,1,100,"&#x279A;",23910,0,4.18235048097031,4.18235048097031
"IJsselstein","GM0353",2020-11-13,49,49,47,46,44,36,2020-10-01,13,0,2,5,-33.3333333333333,"&#x2798;",33874,0,5.90423333530141,14.7605833382535
"Zeist","GM0355",2020-11-13,47,47,47,46,45,38,2020-10-01,9,0,0,2,-100,"&#x2798;",64914,0,0,3.08099947623009
"Nieuwegein","GM0356",2020-11-13,61,61,58,58,55,46,2020-10-01,15,0,3,6,0,"-",63748,0,4.70602999309782,9.41205998619565
"Aalsmeer","GM0358",2020-11-13,15,15,13,13,11,10,2020-10-01,5,0,2,4,0,"-",31927,0,6.26429041250352,12.528580825007
"Alkmaar","GM0361",2020-11-13,73,72,70,69,65,57,2020-10-01,16,1,3,8,-40,"&#x2798;",109782,0.91089613962216,2.73268841886648,7.28716911697728
"Amstelveen","GM0362",2020-11-13,83,82,78,78,76,69,2020-10-01,14,1,5,7,150,"&#x279A;",91061,1.09816496634124,5.49082483170622,7.68715476438871
"Amsterdam","GM0363",2020-11-13,1105,1098,1081,1076,1019,766,2020-10-01,339,7,24,86,-61.2903225806452,"&#x2798;",872445,0.802342841096,2.75088974090057,9.85735490489372
"Beemster","GM0370",2020-11-13,4,4,4,4,4,4,2020-10-01,0,0,0,0,0,"-",10038,0,0,0
"Bergen (NH.)","GM0373",2020-11-13,23,23,22,22,22,20,2020-10-06,3,0,1,1,100,"&#x279A;",29745,0,3.36190956463271,3.36190956463271
"Beverwijk","GM0375",2020-11-13,22,22,22,22,20,15,2020-10-01,7,0,0,2,-100,"&#x2798;",41773,0,0,4.78778158140426
"Blaricum","GM0376",2020-11-13,8,8,8,8,8,8,2020-10-01,0,0,0,0,0,"-",11863,0,0,0
"Bloemendaal","GM0377",2020-11-13,10,10,10,10,10,7,2020-10-01,3,0,0,0,0,"-",23568,0,0,0
"Castricum","GM0383",2020-11-13,18,18,18,18,18,15,2020-10-01,3,0,0,0,0,"-",36155,0,0,0
"Diemen","GM0384",2020-11-13,25,25,25,25,24,20,2020-10-01,5,0,0,1,-100,"&#x2798;",31312,0,0,3.19366377107818
"Edam-Volendam","GM0385",2020-11-13,49,49,43,43,41,26,2020-10-01,23,0,6,8,200,"&#x279A;",36220,0,16.5654334621756,22.0872446162341
"Enkhuizen","GM0388",2020-11-13,20,20,20,20,20,18,2020-10-01,2,0,0,0,0,"-",18639,0,0,0
"Haarlem","GM0392",2020-11-13,116,116,115,114,107,75,2020-10-01,41,0,1,9,-87.5,"&#x2798;",162807,0,0.614224204118987,5.52801783707089
"Haarlemmermeer","GM0394",2020-11-13,107,107,104,102,100,76,2020-10-01,31,0,3,7,-25,"&#x2798;",157440,0,1.90548780487805,4.44613821138211
"Heemskerk","GM0396",2020-11-13,36,36,35,35,35,31,2020-10-01,5,0,1,1,100,"&#x279A;",39266,0,2.54673254214842,2.54673254214842
"Heemstede","GM0397",2020-11-13,17,17,17,17,17,13,2020-10-01,4,0,0,0,0,"-",27459,0,0,0
"Heerhugowaard","GM0398",2020-11-13,33,33,31,31,29,27,2020-10-01,6,0,2,4,0,"-",58139,0,3.44003164829116,6.88006329658233
"Heiloo","GM0399",2020-11-13,13,13,13,13,12,11,2020-10-01,2,0,0,1,-100,"&#x2798;",24121,0,0,4.14576510094938
"Den Helder","GM0400",2020-11-13,19,19,17,17,16,13,2020-10-01,6,0,2,3,100,"&#x279A;",56432,0,3.54408846044797,5.31613269067196
"Hilversum","GM0402",2020-11-13,47,47,43,43,40,37,2020-10-01,10,0,4,7,33.3333333333333,"&#x279A;",91290,0,4.38164092452624,7.66787161792091
"Hoorn","GM0405",2020-11-13,43,43,41,41,40,36,2020-10-01,7,0,2,3,100,"&#x279A;",73507,0,2.72082930877331,4.08124396315997
"Huizen","GM0406",2020-11-13,34,34,31,31,30,23,2020-10-01,11,0,3,4,200,"&#x279A;",41139,0,7.29235032450959,9.72313376601279
"Landsmeer","GM0415",2020-11-13,6,6,6,6,5,3,2020-10-01,3,0,0,1,-100,"&#x2798;",11582,0,0,8.63408737696425
"Langedijk","GM0416",2020-11-13,21,21,21,21,21,17,2020-10-01,4,0,0,0,0,"-",28288,0,0,0
"Laren","GM0417",2020-11-13,10,10,10,10,10,8,2020-10-01,2,0,0,0,0,"-",11379,0,0,0
"Medemblik","GM0420",2020-11-13,22,22,22,21,20,19,2020-10-01,3,0,0,2,-100,"&#x2798;",45105,0,0,4.43409821527547
"Oostzaan","GM0431",2020-11-13,13,13,12,12,12,12,2020-10-01,1,0,1,1,100,"&#x279A;",9667,0,10.3444708803145,10.3444708803145
"Opmeer","GM0432",2020-11-13,3,2,1,1,1,1,2020-10-01,2,1,2,2,200,"&#x279A;",11987,8.34237090181029,16.6847418036206,16.6847418036206
"Ouder-Amstel","GM0437",2020-11-13,8,8,8,8,8,6,2020-10-01,2,0,0,0,0,"-",14116,0,0,0
"Purmerend","GM0439",2020-11-13,91,90,90,90,85,73,2020-10-01,18,1,1,6,-80,"&#x2798;",81768,1.22297231190686,1.22297231190686,7.33783387144115
"Schagen","GM0441",2020-11-13,23,23,21,21,20,19,2020-10-01,4,0,2,3,100,"&#x279A;",46474,0,4.30348151654689,6.45522227482033
"Texel","GM0448",2020-11-13,6,6,6,6,6,5,2020-10-01,1,0,0,0,0,"-",13637,0,0,0
"Uitgeest","GM0450",2020-11-13,7,7,7,7,7,5,2020-10-01,2,0,0,0,0,"-",13647,0,0,0
"Uithoorn","GM0451",2020-11-13,23,22,21,21,21,18,2020-10-01,5,1,2,2,200,"&#x279A;",30003,3.33300003333,6.66600006666,6.66600006666
"Velsen","GM0453",2020-11-13,52,51,50,50,48,34,2020-10-01,18,1,2,4,0,"-",68757,1.45439737044955,2.90879474089911,5.81758948179822
"Weesp","GM0457",2020-11-13,11,11,11,11,10,9,2020-10-01,2,0,0,1,-100,"&#x2798;",20425,0,0,4.89596083231334
"Zandvoort","GM0473",2020-11-13,15,15,15,15,14,11,2020-10-01,4,0,0,1,-100,"&#x2798;",17105,0,0,5.84624378836597
"Zaanstad","GM0479",2020-11-13,179,179,171,171,160,133,2020-10-01,46,0,8,19,-27.2727272727273,"&#x2798;",157073,0,5.09317323792122,12.0962864400629
"Alblasserdam","GM0482",2020-11-13,11,11,11,11,11,11,2020-10-01,0,0,0,0,0,"-",20262,0,0,0
"Alphen aan den Rijn","GM0484",2020-11-13,98,97,91,91,88,68,2020-10-01,30,1,7,10,133.333333333333,"&#x279A;",112473,0.889102273434513,6.22371591404159,8.89102273434513
"Barendrecht","GM0489",2020-11-13,56,56,53,52,50,40,2020-10-01,16,0,3,6,0,"-",48657,0,6.1656082372526,12.3312164745052
"Drechterland","GM0498",2020-11-13,7,7,7,7,6,5,2020-10-01,2,0,0,1,-100,"&#x2798;",19801,0,0,5.05024998737438
"Brielle","GM0501",2020-11-13,18,18,18,18,16,12,2020-10-01,6,0,0,2,-100,"&#x2798;",17379,0,0,11.5081420104724
"Capelle aan den IJssel","GM0502",2020-11-13,83,83,76,73,72,58,2020-10-01,25,0,7,11,75,"&#x279A;",67182,0,10.4194575928076,16.3734333601262
"Delft","GM0503",2020-11-13,55,55,53,51,48,41,2020-10-01,14,0,2,7,-60,"&#x2798;",103688,0,1.92886351361778,6.75102229766222
"Dordrecht","GM0505",2020-11-13,98,98,98,98,97,96,2020-10-01,2,0,0,1,-100,"&#x2798;",119246,0,0,0.83860255270617
"Gorinchem","GM0512",2020-11-13,20,20,20,20,19,19,2020-10-01,1,0,0,1,-100,"&#x2798;",37461,0,0,2.66944288726943
"Gouda","GM0513",2020-11-13,80,79,77,76,67,48,2020-10-01,32,1,3,13,-70,"&#x2798;",73623,1.35827119242628,4.07481357727884,17.6575255015416
"'s-Gravenhage","GM0518",2020-11-13,684,681,649,638,598,441,2020-10-01,243,3,35,86,-31.3725490196078,"&#x2798;",548165,0.547280472120621,6.38493884140724,15.6887068674578
"Hardinxveld-Giessendam","GM0523",2020-11-13,2,2,2,2,2,2,2020-10-01,0,0,0,0,0,"-",18404,0,0,0
"Hellevoetsluis","GM0530",2020-11-13,23,23,20,20,21,16,2020-10-01,7,0,3,2,300,"&#x279A;",40229,0,7.45730691789505,4.97153794526337
"Hendrik-Ido-Ambacht","GM0531",2020-11-13,13,13,13,13,13,12,2020-10-01,1,0,0,0,0,"-",31274,0,0,0
"Stede Broec","GM0532",2020-11-13,20,20,20,20,19,18,2020-10-01,2,0,0,1,-100,"&#x2798;",21745,0,0,4.59875833524948
"Hillegom","GM0534",2020-11-13,9,9,9,9,8,8,2020-10-01,1,0,0,1,-100,"&#x2798;",22230,0,0,4.49842555105713
"Katwijk","GM0537",2020-11-13,53,53,52,50,46,33,2020-10-01,20,0,1,7,-83.3333333333333,"&#x2798;",65988,0,1.51542704734194,10.6079893313936
"Krimpen aan den IJssel","GM0542",2020-11-13,24,23,18,18,18,12,2020-10-01,12,1,6,6,600,"&#x279A;",29453,3.39523987369708,20.3714392421825,20.3714392421825
"Leiden","GM0546",2020-11-13,71,70,65,65,62,46,2020-10-01,25,1,6,9,100,"&#x279A;",123823,0.807604403059205,4.84562641835523,7.26843962753285
"Leiderdorp","GM0547",2020-11-13,28,28,27,27,24,15,2020-10-01,13,0,1,4,-66.6666666666667,"&#x2798;",27339,0,3.65777826548155,14.6311130619262
"Lisse","GM0553",2020-11-13,13,13,11,11,11,8,2020-10-01,5,0,2,2,200,"&#x279A;",23000,0,8.69565217391304,8.69565217391304
"Maassluis","GM0556",2020-11-13,35,35,34,34,31,23,2020-10-01,12,0,1,4,-66.6666666666667,"&#x2798;",33476,0,2.98721472099415,11.9488588839766
"Nieuwkoop","GM0569",2020-11-13,16,16,14,14,13,9,2020-10-01,7,0,2,3,100,"&#x279A;",29080,0,6.87757909215956,10.3163686382393
"Noordwijk","GM0575",2020-11-13,37,37,35,33,31,20,2020-10-01,17,0,2,6,-50,"&#x2798;",43864,0,4.55954769286887,13.6786430786066
"Oegstgeest","GM0579",2020-11-13,15,15,14,14,11,8,2020-10-01,7,0,1,4,-66.6666666666667,"&#x2798;",25027,0,3.99568466056659,15.9827386422664
"Oudewater","GM0589",2020-11-13,31,31,31,30,30,26,2020-10-01,5,0,0,1,-100,"&#x2798;",10169,0,0,9.83380863408398
"Papendrecht","GM0590",2020-11-13,9,9,9,9,9,9,2020-10-01,0,0,0,0,0,"-",32119,0,0,0
"Ridderkerk","GM0597",2020-11-13,50,50,48,48,47,40,2020-10-01,10,0,2,3,100,"&#x279A;",46638,0,4.28834855697071,6.43252283545607
"Rotterdam","GM0599",2020-11-13,973,968,894,886,826,649,2020-10-01,324,5,79,147,16.1764705882353,"&#x279A;",651524,0.767431437675358,12.1254167152707,22.5624842676555
"Rijswijk","GM0603",2020-11-13,63,62,62,62,61,43,2020-10-01,20,1,1,2,0,"-",55096,1.81501379410484,1.81501379410484,3.63002758820967
"Schiedam","GM0606",2020-11-13,100,100,83,81,79,63,2020-10-01,37,0,17,21,325,"&#x279A;",79244,0,21.4527282822674,26.5004290545656
"Sliedrecht","GM0610",2020-11-13,10,10,10,10,10,9,2020-10-01,1,0,0,0,0,"-",25472,0,0,0
"Albrandswaard","GM0613",2020-11-13,22,21,19,19,18,15,2020-10-01,7,1,3,4,200,"&#x279A;",25853,3.8680230534174,11.6040691602522,15.4720922136696
"Westvoorne","GM0614",2020-11-13,8,8,7,7,6,6,2020-10-01,2,0,1,2,0,"-",14898,0,6.71231037723184,13.4246207544637
"Vlaardingen","GM0622",2020-11-13,75,74,66,66,61,47,2020-10-01,28,1,9,14,80,"&#x279A;",73823,1.35459138750796,12.1913224875716,18.9642794251114
"Voorschoten","GM0626",2020-11-13,12,12,12,12,11,9,2020-10-01,3,0,0,1,-100,"&#x2798;",25603,0,0,3.90579228996602
"Waddinxveen","GM0627",2020-11-13,31,31,31,31,27,19,2020-10-01,12,0,0,4,-100,"&#x2798;",30050,0,0,13.3111480865225
"Wassenaar","GM0629",2020-11-13,11,11,11,11,10,10,2020-10-01,1,0,0,1,-100,"&#x2798;",26681,0,0,3.74798545781642
"Woerden","GM0632",2020-11-13,67,66,65,65,64,53,2020-10-01,14,1,2,3,100,"&#x279A;",52644,1.89955170579743,3.79910341159486,5.6986551173923
"Zoetermeer","GM0637",2020-11-13,74,74,73,72,69,59,2020-10-01,15,0,1,5,-75,"&#x2798;",125395,0,0.797479963315922,3.98739981657961
"Zoeterwoude","GM0638",2020-11-13,4,4,4,4,4,3,2020-10-01,1,0,0,0,0,"-",8790,0,0,0
"Zwijndrecht","GM0642",2020-11-13,30,30,30,30,29,27,2020-10-01,3,0,0,1,-100,"&#x2798;",44683,0,0,2.23798760154869
"Borsele","GM0654",2020-11-13,5,5,5,5,5,5,2020-10-01,0,0,0,0,0,"-",22773,0,0,0
"Goes","GM0664",2020-11-13,16,15,15,15,15,12,2020-10-01,4,1,1,1,100,"&#x279A;",38539,2.59477412491243,2.59477412491243,2.59477412491243
"West Maas en Waal","GM0668",2020-11-13,24,24,24,24,23,21,2020-10-01,3,0,0,1,-100,"&#x2798;",19490,0,0,5.13083632632119
"Hulst","GM0677",2020-11-13,15,14,13,13,13,9,2020-10-01,6,1,2,2,200,"&#x279A;",27596,3.6237135816785,7.24742716335701,7.24742716335701
"Kapelle","GM0678",2020-11-13,4,3,3,3,3,3,2020-10-01,1,1,1,1,100,"&#x279A;",12847,7.78391842453491,7.78391842453491,7.78391842453491
"Middelburg","GM0687",2020-11-13,22,22,22,22,21,19,2020-10-01,3,0,0,1,-100,"&#x2798;",48919,0,0,2.04419550685828
"Reimerswaal","GM0703",2020-11-13,6,6,6,6,6,5,2020-10-01,1,0,0,0,0,"-",22915,0,0,0
"Terneuzen","GM0715",2020-11-13,28,28,27,27,25,25,2020-10-01,3,0,1,3,-50,"&#x2798;",54421,0,1.83752595505411,5.51257786516235
"Tholen","GM0716",2020-11-13,48,48,46,46,45,40,2020-10-01,8,0,2,3,100,"&#x279A;",25962,0,7.7035667514059,11.5553501271089
"Veere","GM0717",2020-11-13,9,8,8,8,8,6,2020-10-01,3,1,1,1,100,"&#x279A;",22002,4.54504135987638,4.54504135987638,4.54504135987638
"Vlissingen","GM0718",2020-11-13,13,13,13,12,12,9,2020-10-01,4,0,0,1,-100,"&#x2798;",44245,0,0,2.26014238897051
"De Ronde Venen","GM0736",2020-11-13,60,60,57,57,51,40,2020-10-01,20,0,3,9,-50,"&#x2798;",44619,0,6.7235930881463,20.1707792644389
"Tytsjerksteradiel","GM0737",2020-11-13,7,7,7,7,7,5,2020-10-01,2,0,0,0,0,"-",32059,0,0,0
"Asten","GM0743",2020-11-13,20,19,19,19,18,18,2020-10-01,2,1,1,2,0,"-",16746,5.97157530156455,5.97157530156455,11.9431506031291
"Baarle-Nassau","GM0744",2020-11-13,10,10,9,9,9,9,2020-10-01,1,0,1,1,100,"&#x279A;",6917,0,14.4571345959231,14.4571345959231
"Bergen op Zoom","GM0748",2020-11-13,53,53,51,49,46,30,2020-10-01,23,0,2,7,-60,"&#x2798;",67670,0,2.95551943254027,10.3443180138909
"Best","GM0753",2020-11-13,36,35,35,35,35,31,2020-10-01,5,1,1,1,100,"&#x279A;",30106,3.32159702384907,3.32159702384907,3.32159702384907
"Boekel","GM0755",2020-11-13,36,36,36,36,36,34,2020-10-01,2,0,0,0,0,"-",10912,0,0,0
"Boxmeer","GM0756",2020-11-13,24,24,23,23,22,20,2020-10-01,4,0,1,2,0,"-",29549,0,3.38420927950184,6.76841855900369
"Boxtel","GM0757",2020-11-13,25,25,25,25,24,24,2020-10-01,1,0,0,1,-100,"&#x2798;",30851,0,0,3.24138601666072
"Breda","GM0758",2020-11-13,194,191,189,188,183,151,2020-10-01,43,3,5,11,-16.6666666666667,"&#x2798;",184306,1.62772780050568,2.71287966750947,5.96833526852083
"Deurne","GM0762",2020-11-13,60,60,59,59,58,56,2020-10-01,4,0,1,2,0,"-",32459,0,3.08080963677254,6.16161927354509
"Pekela","GM0765",2020-11-13,7,7,7,6,6,4,2020-10-01,3,0,0,1,-100,"&#x2798;",12155,0,0,8.22706705059646
"Dongen","GM0766",2020-11-13,32,31,30,30,29,20,2020-10-01,12,1,2,3,100,"&#x279A;",26332,3.79766064104512,7.59532128209023,11.3929819231353
"Eersel","GM0770",2020-11-13,34,33,33,32,32,27,2020-10-01,7,1,1,2,0,"-",19469,5.13637064050542,5.13637064050542,10.2727412810108
"Eindhoven","GM0772",2020-11-13,222,221,213,213,210,185,2020-10-01,37,1,9,12,200,"&#x279A;",235465,0.424691567748922,3.8222241097403,5.09629881298707
"Etten-Leur","GM0777",2020-11-13,53,53,53,52,49,43,2020-10-01,10,0,0,4,-100,"&#x2798;",43936,0,0,9.10415149308085
"Geertruidenberg","GM0779",2020-11-13,17,17,17,17,15,12,2020-10-01,5,0,0,2,-100,"&#x2798;",21749,0,0,9.19582509540669
"Gilze en Rijen","GM0784",2020-11-13,26,25,25,25,22,20,2020-10-01,6,1,1,4,-66.6666666666667,"&#x2798;",26800,3.73134328358209,3.73134328358209,14.9253731343284
"Goirle","GM0785",2020-11-13,36,36,35,35,33,32,2020-10-01,4,0,1,3,-50,"&#x2798;",23839,0,4.19480682914552,12.5844204874366
"Grave","GM0786",2020-11-13,27,27,27,27,24,21,2020-10-01,6,0,0,3,-100,"&#x2798;",12456,0,0,24.0847784200385
"Haaren","GM0788",2020-11-13,20,20,20,20,20,19,2020-10-01,1,0,0,0,0,"-",14333,0,0,0
"Helmond","GM0794",2020-11-13,134,134,128,128,124,118,2020-10-01,16,0,6,10,50,"&#x279A;",92475,0,6.4882400648824,10.8137334414707
"'s-Hertogenbosch","GM0796",2020-11-13,156,156,154,154,151,134,2020-10-01,22,0,2,5,-33.3333333333333,"&#x2798;",155586,0,1.28546270229969,3.21365675574923
"Heusden","GM0797",2020-11-13,54,53,52,52,49,45,2020-10-01,9,1,2,5,-33.3333333333333,"&#x2798;",44956,2.22439718836195,4.44879437672391,11.1219859418098
"Hilvarenbeek","GM0798",2020-11-13,16,16,16,16,14,10,2020-10-01,6,0,0,2,-100,"&#x2798;",15644,0,0,12.7844541038098
"Loon op Zand","GM0809",2020-11-13,32,32,31,30,30,27,2020-10-01,5,0,1,2,0,"-",23447,0,4.2649379451529,8.5298758903058
"Mill en Sint Hubert","GM0815",2020-11-13,13,13,12,12,9,9,2020-10-01,4,0,1,4,-66.6666666666667,"&#x2798;",10990,0,9.09918107370337,36.3967242948135
"Nuenen, Gerwen en Nederwetten","GM0820",2020-11-13,21,20,20,20,20,18,2020-10-01,3,1,1,1,100,"&#x279A;",23629,4.23208768885691,4.23208768885691,4.23208768885691
"Oirschot","GM0823",2020-11-13,17,17,17,17,17,13,2020-10-01,4,0,0,0,0,"-",18836,0,0,0
"Oisterwijk","GM0824",2020-11-13,29,29,29,29,27,24,2020-10-01,5,0,0,2,-100,"&#x2798;",26427,0,0,7.56801755780073
"Oosterhout","GM0826",2020-11-13,53,53,53,53,52,50,2020-10-01,3,0,0,1,-100,"&#x2798;",56191,0,0,1.77964442704348
"Oss","GM0828",2020-11-13,187,185,182,180,175,168,2020-10-01,19,2,5,12,-28.5714285714286,"&#x2798;",92356,2.16553337086925,5.41383342717311,12.9932002252155
"Rucphen","GM0840",2020-11-13,18,18,18,17,14,10,2020-10-01,8,0,0,4,-100,"&#x2798;",23043,0,0,17.3588508440741
"Sint-Michielsgestel","GM0845",2020-11-13,38,38,38,38,37,36,2020-10-01,2,0,0,1,-100,"&#x2798;",29478,0,0,3.39236040436936
"Someren","GM0847",2020-11-13,34,34,34,34,34,33,2020-10-01,1,0,0,0,0,"-",19325,0,0,0
"Son en Breugel","GM0848",2020-11-13,32,32,32,32,31,31,2020-10-01,1,0,0,1,-100,"&#x2798;",17504,0,0,5.71297989031079
"Steenbergen","GM0851",2020-11-13,18,18,18,18,18,13,2020-10-01,5,0,0,0,0,"-",24353,0,0,0
"Waterland","GM0852",2020-11-13,24,24,23,23,20,16,2020-10-01,8,0,1,4,-66.6666666666667,"&#x2798;",17374,0,5.75572694831357,23.0229077932543
"Tilburg","GM0855",2020-11-13,291,288,286,286,272,257,2020-10-01,34,3,5,19,-64.2857142857143,"&#x2798;",220589,1.35999528534968,2.26665880891613,8.61330347388129
"Uden","GM0856",2020-11-13,117,116,116,116,115,115,2020-10-01,2,1,1,2,0,"-",42195,2.36994904609551,2.36994904609551,4.73989809219102
"Valkenswaard","GM0858",2020-11-13,23,23,23,23,23,19,2020-10-01,4,0,0,0,0,"-",31253,0,0,0
"Veldhoven","GM0861",2020-11-13,40,40,40,40,37,31,2020-10-01,9,0,0,3,-100,"&#x2798;",45662,0,0,6.5700144540318
"Vught","GM0865",2020-11-13,44,44,43,43,43,43,2020-10-01,1,0,1,1,100,"&#x279A;",26794,0,3.7321788460103,3.7321788460103
"Waalre","GM0866",2020-11-13,8,8,8,8,8,7,2020-10-01,1,0,0,0,0,"-",17552,0,0,0
"Waalwijk","GM0867",2020-11-13,49,49,47,47,44,39,2020-10-01,10,0,2,5,-33.3333333333333,"&#x2798;",48895,0,4.09039779118519,10.225994477963
"Woensdrecht","GM0873",2020-11-13,10,10,10,10,10,6,2020-10-01,4,0,0,0,0,"-",21936,0,0,0
"Zundert","GM0879",2020-11-13,28,27,27,27,26,24,2020-10-01,4,1,1,2,0,"-",22002,4.54504135987638,4.54504135987638,9.09008271975275
"Wormerland","GM0880",2020-11-13,24,24,22,22,21,20,2020-10-01,4,0,2,3,100,"&#x279A;",16245,0,12.3114804555248,18.4672206832872
"Landgraaf","GM0882",2020-11-13,55,55,55,55,55,52,2020-10-01,3,0,0,0,0,"-",37277,0,0,0
"Beek","GM0888",2020-11-13,18,18,18,18,18,16,2020-10-03,2,0,0,0,0,"-",15929,0,0,0
"Beesel","GM0889",2020-11-13,22,21,21,20,20,20,2020-10-01,2,1,1,2,0,"-",13431,7.44546199091654,7.44546199091654,14.8909239818331
"Bergen (L.)","GM0893",2020-11-13,10,10,10,10,10,7,2020-10-01,3,0,0,0,0,"-",13105,0,0,0
"Brunssum","GM0899",2020-11-13,50,50,50,50,50,46,2020-10-01,4,0,0,0,0,"-",27698,0,0,0
"Gennep","GM0907",2020-11-13,18,18,18,18,17,17,2020-10-01,1,0,0,1,-100,"&#x2798;",16962,0,0,5.89553118735998
"Heerlen","GM0917",2020-11-13,133,133,131,131,131,126,2020-10-01,7,0,2,2,200,"&#x279A;",86825,0,2.30348401957961,2.30348401957961
"Kerkrade","GM0928",2020-11-13,74,74,72,72,69,64,2020-10-01,10,0,2,5,-33.3333333333333,"&#x2798;",45513,0,4.39434886735658,10.9858721683914
"Maastricht","GM0935",2020-11-13,206,205,203,203,200,192,2020-10-01,14,1,3,6,0,"-",120332,0.831034138882425,2.49310241664728,4.98620483329455
"Meerssen","GM0938",2020-11-13,23,23,23,23,23,22,2020-10-01,1,0,0,0,0,"-",18717,0,0,0
"Mook en Middelaar","GM0944",2020-11-13,8,8,8,8,8,7,2020-10-01,1,0,0,0,0,"-",7896,0,0,0
"Nederweert","GM0946",2020-11-13,37,37,34,34,34,31,2020-10-01,6,0,3,3,300,"&#x279A;",17156,0,17.4865936115645,17.4865936115645
"Roermond","GM0957",2020-11-13,65,65,65,65,65,61,2020-10-01,4,0,0,0,0,"-",58748,0,0,0
"Simpelveld","GM0965",2020-11-13,19,19,19,19,19,19,2020-10-01,0,0,0,0,0,"-",10517,0,0,0
"Stein","GM0971",2020-11-13,49,49,49,49,49,44,2020-10-01,5,0,0,0,0,"-",24904,0,0,0
"Vaals","GM0981",2020-11-13,10,10,10,10,10,10,2020-10-01,0,0,0,0,0,"-",10017,0,0,0
"Venlo","GM0983",2020-11-13,148,148,147,147,144,134,2020-10-01,14,0,1,4,-66.6666666666667,"&#x2798;",101928,0,0.981084687230202,3.92433874892081
"Venray","GM0984",2020-11-13,43,43,43,42,42,37,2020-10-01,6,0,0,1,-100,"&#x2798;",43715,0,0,2.28754432117122
"Voerendaal","GM0986",2020-11-13,18,18,18,18,17,17,2020-10-01,1,0,0,1,-100,"&#x2798;",12485,0,0,8.00961153384061
"Weert","GM0988",2020-11-13,78,78,75,73,72,67,2020-10-01,11,0,3,6,0,"-",50053,0,5.99364673446147,11.9872934689229
"Valkenburg aan de Geul","GM0994",2020-11-13,23,23,23,22,20,19,2020-10-01,4,0,0,3,-100,"&#x2798;",16415,0,0,18.2759671032592
"Lelystad","GM0995",2020-11-13,91,91,87,86,84,69,2020-10-01,22,0,4,7,33.3333333333333,"&#x279A;",79573,0,5.0268307089088,8.7969537405904
"Horst aan de Maas","GM1507",2020-11-13,47,47,47,47,43,41,2020-10-01,6,0,0,4,-100,"&#x2798;",42439,0,0,9.42529277315677
"Oude IJsselstreek","GM1509",2020-11-13,25,25,25,25,24,21,2020-10-01,4,0,0,1,-100,"&#x2798;",39336,0,0,2.54220052877771
"Teylingen","GM1525",2020-11-13,21,20,19,19,19,15,2020-10-01,6,1,2,2,200,"&#x279A;",37699,2.65259025438341,5.30518050876681,5.30518050876681
"Utrechtse Heuvelrug","GM1581",2020-11-13,33,33,33,33,33,29,2020-10-01,4,0,0,0,0,"-",49928,0,0,0
"Oost Gelre","GM1586",2020-11-13,21,21,21,21,21,18,2020-10-01,3,0,0,0,0,"-",29638,0,0,0
"Koggenland","GM1598",2020-11-13,11,11,9,9,9,7,2020-10-01,4,0,2,2,200,"&#x279A;",22915,0,8.72790748418067,8.72790748418067
"Lansingerland","GM1621",2020-11-13,56,55,53,53,50,44,2020-10-01,12,1,3,6,0,"-",63143,1.58370682419271,4.75112047257812,9.50224094515623
"Leudal","GM1640",2020-11-13,55,55,54,54,54,54,2020-10-01,1,0,1,1,100,"&#x279A;",35979,0,2.7793990939159,2.7793990939159
"Maasgouw","GM1641",2020-11-13,28,28,28,28,28,28,2020-10-01,0,0,0,0,0,"-",23938,0,0,0
"Gemert-Bakel","GM1652",2020-11-13,80,80,80,80,79,79,2020-10-01,1,0,0,1,-100,"&#x2798;",30724,0,0,3.2547845332639
"Halderberge","GM1655",2020-11-13,30,30,29,28,25,16,2020-10-01,14,0,1,5,-75,"&#x2798;",30419,0,3.28741904730596,16.4370952365298
"Heeze-Leende","GM1658",2020-11-13,18,18,18,18,18,16,2020-10-01,2,0,0,0,0,"-",16191,0,0,0
"Laarbeek","GM1659",2020-11-13,42,42,42,42,42,41,2020-10-01,1,0,0,0,0,"-",22731,0,0,0
"Reusel-De Mierden","GM1667",2020-11-13,15,15,15,15,15,11,2020-10-01,4,0,0,0,0,"-",13114,0,0,0
"Roerdalen","GM1669",2020-11-13,28,28,27,27,27,27,2020-10-01,1,0,1,1,100,"&#x279A;",20557,0,4.86452303351656,4.86452303351656
"Roosendaal","GM1674",2020-11-13,52,50,49,49,45,34,2020-10-01,18,2,3,7,-25,"&#x2798;",77288,2.587723838112,3.88158575716799,9.05703343339199
"Schouwen-Duiveland","GM1676",2020-11-13,14,13,13,13,13,12,2020-10-01,2,1,1,1,100,"&#x279A;",33979,2.94299420230142,2.94299420230142,2.94299420230142
"Aa en Hunze","GM1680",2020-11-13,1,1,1,1,1,1,2020-10-01,0,0,0,0,0,"-",25380,0,0,0
"Borger-Odoorn","GM1681",2020-11-13,8,8,8,8,8,4,2020-10-01,4,0,0,0,0,"-",25572,0,0,0
"Cuijk","GM1684",2020-11-13,19,19,18,18,15,12,2020-10-01,7,0,1,4,-66.6666666666667,"&#x2798;",25325,0,3.94866732477789,15.7946692991116
"Landerd","GM1685",2020-11-13,42,42,42,42,42,41,2020-10-01,1,0,0,0,0,"-",15807,0,0,0
"De Wolden","GM1690",2020-11-13,16,16,16,16,16,11,2020-10-01,5,0,0,0,0,"-",24372,0,0,0
"Noord-Beveland","GM1695",2020-11-13,1,1,1,1,1,1,2020-10-01,0,0,0,0,0,"-",7552,0,0,0
"Wijdemeren","GM1696",2020-11-13,14,14,14,14,11,8,2020-10-01,6,0,0,3,-100,"&#x2798;",24414,0,0,12.2880314573605
"Noordenveld","GM1699",2020-11-13,7,7,6,6,6,4,2020-10-01,3,0,1,1,100,"&#x279A;",31256,0,3.19938571794215,3.19938571794215
"Twenterand","GM1700",2020-11-13,13,13,12,12,12,12,2020-10-01,1,0,1,1,100,"&#x279A;",33710,0,2.96647878967665,2.96647878967665
"Westerveld","GM1701",2020-11-13,9,9,9,9,9,9,2020-10-01,0,0,0,0,0,"-",19585,0,0,0
"Sint Anthonis","GM1702",2020-11-13,21,21,21,21,21,20,2020-10-01,1,0,0,0,0,"-",11683,0,0,0
"Lingewaard","GM1705",2020-11-13,42,42,39,39,38,34,2020-10-01,8,0,3,4,200,"&#x279A;",46726,0,6.42040833797029,8.56054445062706
"Cranendonck","GM1706",2020-11-13,65,65,65,65,63,63,2020-10-01,2,0,0,2,-100,"&#x2798;",20983,0,0,9.53152552065958
"Steenwijkerland","GM1708",2020-11-13,16,16,16,16,15,14,2020-10-01,2,0,0,1,-100,"&#x2798;",44286,0,0,2.25804994806485
"Moerdijk","GM1709",2020-11-13,24,24,23,23,19,16,2020-10-01,8,0,1,5,-75,"&#x2798;",37203,0,2.68795527242427,13.4397763621213
"Echt-Susteren","GM1711",2020-11-13,43,43,43,43,43,40,2020-10-01,3,0,0,0,0,"-",31743,0,0,0
"Sluis","GM1714",2020-11-13,13,13,10,10,10,9,2020-10-01,4,0,3,3,300,"&#x279A;",23166,0,12.950012950013,12.950012950013
"Drimmelen","GM1719",2020-11-13,22,22,22,21,21,19,2020-10-01,3,0,0,1,-100,"&#x2798;",27285,0,0,3.66501740883269
"Bernheze","GM1721",2020-11-13,99,98,98,98,97,95,2020-10-01,4,1,1,2,0,"-",31402,3.18451054072989,3.18451054072989,6.36902108145978
"Alphen-Chaam","GM1723",2020-11-13,18,18,18,18,18,18,2020-10-01,0,0,0,0,0,"-",10322,0,0,0
"Bergeijk","GM1724",2020-11-13,20,20,20,20,20,19,2020-10-01,1,0,0,0,0,"-",18712,0,0,0
"Bladel","GM1728",2020-11-13,24,24,24,24,23,21,2020-10-01,3,0,0,1,-100,"&#x2798;",20558,0,0,4.86428640918377
"Gulpen-Wittem","GM1729",2020-11-13,26,26,26,26,24,22,2020-10-01,4,0,0,2,-100,"&#x2798;",14205,0,0,14.0795494544175
"Tynaarlo","GM1730",2020-11-13,12,12,11,11,11,9,2020-10-01,3,0,1,1,100,"&#x279A;",33858,0,2.95351172544155,2.95351172544155
"Midden-Drenthe","GM1731",2020-11-13,6,6,6,6,6,6,2020-10-01,0,0,0,0,0,"-",33309,0,0,0
"Overbetuwe","GM1734",2020-11-13,63,63,62,62,61,56,2020-10-01,7,0,1,2,0,"-",48085,0,2.07965061869606,4.15930123739212
"Hof van Twente","GM1735",2020-11-13,21,21,20,20,20,15,2020-10-01,6,0,1,1,100,"&#x279A;",35063,0,2.85200924050994,2.85200924050994
"Neder-Betuwe","GM1740",2020-11-13,44,44,44,44,43,37,2020-10-01,7,0,0,1,-100,"&#x2798;",24560,0,0,4.07166123778502
"Rijssen-Holten","GM1742",2020-11-13,31,30,30,30,30,29,2020-10-01,2,1,1,1,100,"&#x279A;",38202,2.61766399664939,2.61766399664939,2.61766399664939
"Geldrop-Mierlo","GM1771",2020-11-13,39,39,37,37,37,33,2020-10-01,6,0,2,2,200,"&#x279A;",40040,0,4.99500499500499,4.99500499500499
"Olst-Wijhe","GM1773",2020-11-13,12,12,12,12,12,12,2020-10-01,0,0,0,0,0,"-",18335,0,0,0
"Dinkelland","GM1774",2020-11-13,23,23,22,22,21,20,2020-10-01,3,0,1,2,0,"-",26565,0,3.76435159043855,7.52870318087709
"Westland","GM1783",2020-11-13,83,83,76,75,74,61,2020-10-01,22,0,7,9,250,"&#x279A;",111307,0,6.28891264700333,8.08574483186143
"Midden-Delfland","GM1842",2020-11-13,10,9,8,8,8,5,2020-10-01,5,1,2,2,200,"&#x279A;",19389,5.15756356697096,10.3151271339419,10.3151271339419
"Berkelland","GM1859",2020-11-13,22,22,21,20,18,14,2020-10-01,8,0,1,4,-66.6666666666667,"&#x2798;",43834,0,2.28133412419583,9.12533649678332
"Bronckhorst","GM1876",2020-11-13,19,19,19,19,18,17,2020-10-01,2,0,0,1,-100,"&#x2798;",36106,0,0,2.76962277737772
"Sittard-Geleen","GM1883",2020-11-13,132,131,129,129,128,119,2020-10-01,13,1,3,4,200,"&#x279A;",91816,1.08913479132177,3.26740437396532,4.3565391652871
"Kaag en Braassem","GM1884",2020-11-13,9,9,9,9,9,8,2020-10-01,1,0,0,0,0,"-",27555,0,0,0
"Dantumadiel","GM1891",2020-11-13,2,2,2,2,2,2,2020-10-01,0,0,0,0,0,"-",18920,0,0,0
"Zuidplas","GM1892",2020-11-13,39,39,35,35,32,26,2020-10-01,13,0,4,7,33.3333333333333,"&#x279A;",44938,0,8.90115269927456,15.5770172237305
"Peel en Maas","GM1894",2020-11-13,146,146,146,146,146,144,2020-10-01,2,0,0,0,0,"-",43644,0,0,0
"Oldambt","GM1895",2020-11-13,11,11,11,10,10,7,2020-10-01,4,0,0,1,-100,"&#x2798;",38258,0,0,2.61383240106644
"Zwartewaterland","GM1896",2020-11-13,36,36,35,35,35,35,2020-10-01,1,0,1,1,100,"&#x279A;",22770,0,4.3917435221783,4.3917435221783
"Súdwest-Fryslân","GM1900",2020-11-13,23,23,23,23,21,19,2020-10-01,4,0,0,2,-100,"&#x2798;",89924,0,0,2.22410035140786
"Bodegraven-Reeuwijk","GM1901",2020-11-13,21,21,17,16,15,8,2020-10-01,13,0,4,6,100,"&#x279A;",35205,0,11.3620224399943,17.0430336599915
"Eijsden-Margraten","GM1903",2020-11-13,60,60,59,59,58,54,2020-10-01,6,0,1,2,0,"-",25869,0,3.86563067764506,7.73126135529012
"Stichtse Vecht","GM1904",2020-11-13,59,59,55,54,47,39,2020-10-01,20,0,4,12,-50,"&#x2798;",65209,0,6.13412259043997,18.4023677713199
"Hollands Kroon","GM1911",2020-11-13,30,30,29,29,26,26,2020-10-01,4,0,1,4,-66.6666666666667,"&#x2798;",48518,0,2.0610907292139,8.2443629168556
"Leidschendam-Voorburg","GM1916",2020-11-13,50,50,43,42,38,31,2020-10-01,19,0,7,12,40,"&#x279A;",76468,0,9.15415598681802,15.6928388345452
"Goeree-Overflakkee","GM1924",2020-11-13,68,68,64,64,59,56,2020-10-01,12,0,4,9,-20,"&#x2798;",50454,0,7.92801363618345,17.8380306814128
"Pijnacker-Nootdorp","GM1926",2020-11-13,35,35,33,33,32,30,2020-10-01,5,0,2,3,100,"&#x279A;",55441,0,3.6074385382659,5.41115780739886
"Nissewaard","GM1930",2020-11-13,83,83,79,79,74,59,2020-10-01,24,0,4,9,-20,"&#x2798;",85315,0,4.68850729648948,10.5491414171013
"Krimpenerwaard","GM1931",2020-11-13,64,64,63,62,55,47,2020-10-01,17,0,1,9,-87.5,"&#x2798;",56427,0,1.77220125117408,15.9498112605667
"De Fryske Marren","GM1940",2020-11-13,24,24,24,24,23,17,2020-10-01,7,0,0,1,-100,"&#x2798;",51662,0,0,1.93565870465719
"Gooise Meren","GM1942",2020-11-13,33,33,31,29,29,25,2020-10-01,8,0,2,4,0,"-",58378,0,3.42594813114529,6.85189626229059
"Berg en Dal","GM1945",2020-11-13,42,42,42,42,40,31,2020-10-01,11,0,0,2,-100,"&#x2798;",34987,0,0,5.71640895189642
"Meierijstad","GM1948",2020-11-13,221,220,219,219,214,211,2020-10-01,10,1,2,7,-60,"&#x2798;",81579,1.22580566077054,2.45161132154108,8.58063962539379
"Waadhoeke","GM1949",2020-11-13,15,15,15,15,15,13,2020-10-01,2,0,0,0,0,"-",46115,0,0,0
"Westerwolde","GM1950",2020-11-13,12,12,12,12,12,5,2020-10-01,7,0,0,0,0,"-",25595,0,0,0
"Midden-Groningen","GM1952",2020-11-13,12,12,10,10,10,7,2020-10-01,5,0,2,2,200,"&#x279A;",60723,0,3.29364491214202,3.29364491214202
"Beekdaelen","GM1954",2020-11-13,53,53,52,52,52,52,2020-10-01,1,0,1,1,100,"&#x279A;",36038,0,2.77484877074199,2.77484877074199
"Montferland","GM1955",2020-11-13,26,26,25,25,25,22,2020-10-01,4,0,1,1,100,"&#x279A;",36043,0,2.77446383486391,2.77446383486391
"Altena","GM1959",2020-11-13,42,42,41,40,39,33,2020-10-01,9,0,1,3,-50,"&#x2798;",56278,0,1.77689327978962,5.33067983936885
"West Betuwe","GM1960",2020-11-13,60,59,57,57,52,44,2020-10-01,16,1,3,8,-40,"&#x2798;",51431,1.94435262779258,5.83305788337773,15.5548210223406
"Vijfheerenlanden","GM1961",2020-11-13,52,52,50,50,48,38,2020-10-01,14,0,2,4,0,"-",57665,0,3.46830833261077,6.93661666522154
"Hoeksche Waard","GM1963",2020-11-13,85,85,86,86,85,80,2020-10-01,5,0,-1,0,-200,"&#x2798;",87781,0,-1.13919868764311,0
"Het Hogeland","GM1966",2020-11-13,9,9,8,7,7,7,2020-10-01,2,0,1,2,0,"-",47821,0,2.09113151126074,4.18226302252149
"Westerkwartier","GM1969",2020-11-13,20,20,19,19,19,14,2020-10-01,6,0,1,1,100,"&#x279A;",63533,0,1.57398517305967,1.57398517305967
"Noardeast-Fryslân","GM1970",2020-11-13,9,9,8,8,7,7,2020-10-01,2,0,1,2,0,"-",45479,0,2.1988170364344,4.3976340728688
"Molenlanden","GM1978",2020-11-13,20,20,20,20,20,20,2020-10-01,0,0,0,0,0,"-",44042,0,0,0
