"municipality","Municipality_code","date","d0","d1","d7","d8","d14","lowest_since_okt1","lowest_since_okt1_date","current","increase_1d","increase_7d","increase_14d","increase_growth","growth","population","rel_increase_1d","rel_increase_7d","rel_increase_14d"
"Netherlands","",2020-11-05,15632,15534,14910,14830,14240,12805,2020-10-01,2827,98,722,1392,7.76119402985074,"&#x279A;",17443797,0.561804290659883,4.13900712098404,7.97991400610773
"Unknown","",2020-11-05,94,91,88,88,84,74,2020-10-01,20,3,6,10,50,"&#x279A;",NA,NA,NA,NA
"Appingedam","GM0003",2020-11-05,8,8,7,7,7,3,2020-10-01,5,0,1,1,100,"&#x279A;",11523,0,8.67829558274755,8.67829558274755
"Delfzijl","GM0010",2020-11-05,8,8,7,7,7,6,2020-10-01,2,0,1,1,100,"&#x279A;",24609,0,4.06355398431468,4.06355398431468
"Groningen","GM0014",2020-11-05,32,32,32,32,30,19,2020-10-01,13,0,0,2,-100,"&#x2798;",231112,0,0,0.86538128699505
"Loppersum","GM0024",2020-11-05,0,0,0,0,0,0,2020-10-01,0,0,0,0,0,"-",9477,0,0,0
"Almere","GM0034",2020-11-05,171,171,169,169,163,138,2020-10-01,33,0,2,8,-66.6666666666667,"&#x2798;",213660,0,0.936066647945334,3.74426659178133
"Stadskanaal","GM0037",2020-11-05,8,8,8,7,5,2,2020-10-01,6,0,0,3,-100,"&#x2798;",31581,0,0,9.49938254013489
"Veendam","GM0047",2020-11-05,4,4,4,4,2,2,2020-10-01,2,0,0,2,-100,"&#x2798;",27430,0,0,7.29128691213999
"Zeewolde","GM0050",2020-11-05,13,13,13,13,13,12,2020-10-01,1,0,0,0,0,"-",22680,0,0,0
"Achtkarspelen","GM0059",2020-11-05,0,0,0,0,0,0,2020-10-01,0,0,0,0,0,"-",27873,0,0,0
"Ameland","GM0060",2020-11-05,0,0,0,0,0,0,2020-10-01,0,0,0,0,0,"-",3752,0,0,0
"Harlingen","GM0072",2020-11-05,5,5,4,4,4,4,2020-10-01,1,0,1,1,100,"&#x279A;",15793,0,6.33191920471095,6.33191920471095
"Heerenveen","GM0074",2020-11-05,16,16,16,16,16,13,2020-10-01,3,0,0,0,0,"-",50456,0,0,0
"Leeuwarden","GM0080",2020-11-05,47,47,45,45,45,37,2020-10-01,10,0,2,2,200,"&#x279A;&#x279A;",123625,0,1.61779575328615,1.61779575328615
"Ooststellingwerf","GM0085",2020-11-05,5,5,5,5,5,3,2020-10-01,2,0,0,0,0,"-",25366,0,0,0
"Opsterland","GM0086",2020-11-05,8,8,8,8,8,7,2020-10-01,1,0,0,0,0,"-",29743,0,0,0
"Schiermonnikoog","GM0088",2020-11-05,1,1,1,1,1,0,2020-10-01,1,0,0,0,0,"-",953,0,0,0
"Smallingerland","GM0090",2020-11-05,12,12,12,12,12,9,2020-10-01,3,0,0,0,0,"-",56181,0,0,0
"Terschelling","GM0093",2020-11-05,1,1,1,1,1,0,2020-10-01,1,0,0,0,0,"-",4807,0,0,0
"Vlieland","GM0096",2020-11-05,0,0,0,0,0,0,2020-10-01,0,0,0,0,0,"-",1190,0,0,0
"Weststellingwerf","GM0098",2020-11-05,3,3,3,3,3,3,2020-10-01,0,0,0,0,0,"-",26018,0,0,0
"Assen","GM0106",2020-11-05,14,14,14,14,13,12,2020-10-01,2,0,0,1,-100,"&#x2798;",68798,0,0,1.45353062589029
"Coevorden","GM0109",2020-11-05,19,19,18,15,14,13,2020-10-01,6,0,1,5,-75,"&#x2798;",35303,0,2.83262045718494,14.1631022859247
"Emmen","GM0114",2020-11-05,51,50,47,47,44,23,2020-10-01,28,1,4,7,33.3333333333333,"&#x279A;",107078,0.933898653318142,3.73559461327257,6.53729057322699
"Hoogeveen","GM0118",2020-11-05,31,30,27,27,26,20,2020-10-01,11,1,4,5,300,"&#x279A;&#x279A;",55566,1.79966166360724,7.19864665442897,8.99830831803621
"Meppel","GM0119",2020-11-05,11,11,11,11,11,11,2020-10-01,0,0,0,0,0,"-",34125,0,0,0
"Almelo","GM0141",2020-11-05,35,35,32,32,31,26,2020-10-01,9,0,3,4,200,"&#x279A;&#x279A;",73175,0,4.09976084728391,5.46634779637855
"Borne","GM0147",2020-11-05,16,16,16,16,15,14,2020-10-01,2,0,0,1,-100,"&#x2798;",23489,0,0,4.25731193324535
"Dalfsen","GM0148",2020-11-05,18,18,17,17,17,16,2020-10-01,2,0,1,1,100,"&#x279A;",28837,0,3.46776710476124,3.46776710476124
"Deventer","GM0150",2020-11-05,50,50,50,50,50,48,2020-10-01,2,0,0,0,0,"-",100913,0,0,0
"Enschede","GM0153",2020-11-05,76,73,68,68,68,59,2020-10-01,17,3,8,8,800,"&#x279A;&#x279A;",158918,1.88776601769466,5.03404271385243,5.03404271385243
"Haaksbergen","GM0158",2020-11-05,18,18,17,17,17,15,2020-10-01,3,0,1,1,100,"&#x279A;",24275,0,4.11946446961895,4.11946446961895
"Hardenberg","GM0160",2020-11-05,25,25,24,24,24,23,2020-10-01,2,0,1,1,100,"&#x279A;",61194,0,1.63414713860836,1.63414713860836
"Hellendoorn","GM0163",2020-11-05,13,13,13,13,13,8,2020-10-01,5,0,0,0,0,"-",35959,0,0,0
"Hengelo","GM0164",2020-11-05,41,41,39,39,38,26,2020-10-01,15,0,2,3,100,"&#x279A;",81047,0,2.46770392488309,3.70155588732464
"Kampen","GM0166",2020-11-05,61,61,61,61,60,59,2020-10-01,2,0,0,1,-100,"&#x2798;",54409,0,0,1.83793122461357
"Losser","GM0168",2020-11-05,13,11,11,11,11,10,2020-10-01,3,2,2,2,200,"&#x279A;&#x279A;",22780,8.77963125548727,8.77963125548727,8.77963125548727
"Noordoostpolder","GM0171",2020-11-05,20,20,19,19,18,17,2020-10-01,3,0,1,2,0,"-",47618,0,2.10004620101642,4.20009240203284
"Oldenzaal","GM0173",2020-11-05,16,16,16,16,16,15,2020-10-01,1,0,0,0,0,"-",31792,0,0,0
"Ommen","GM0175",2020-11-05,9,9,9,9,9,9,2020-10-01,0,0,0,0,0,"-",18179,0,0,0
"Raalte","GM0177",2020-11-05,26,26,25,25,25,24,2020-10-01,2,0,1,1,100,"&#x279A;",37782,0,2.64676300884019,2.64676300884019
"Staphorst","GM0180",2020-11-05,9,9,8,8,8,8,2020-10-01,1,0,1,1,100,"&#x279A;",17217,0,5.80821281291747,5.80821281291747
"Tubbergen","GM0183",2020-11-05,12,12,12,12,12,12,2020-10-01,0,0,0,0,0,"-",21271,0,0,0
"Urk","GM0184",2020-11-05,26,26,24,24,23,23,2020-10-01,3,0,2,3,100,"&#x279A;",21135,0,9.46297610598533,14.194464158978
"Wierden","GM0189",2020-11-05,8,8,7,7,7,7,2020-10-01,1,0,1,1,100,"&#x279A;",24474,0,4.0859687831985,4.0859687831985
"Zwolle","GM0193",2020-11-05,55,55,54,54,54,53,2020-10-01,2,0,1,1,100,"&#x279A;",129213,0,0.773915937250896,0.773915937250896
"Aalten","GM0197",2020-11-05,13,13,13,13,13,9,2020-10-01,4,0,0,0,0,"-",27116,0,0,0
"Apeldoorn","GM0200",2020-11-05,122,121,115,115,109,101,2020-10-01,21,1,7,13,16.6666666666667,"&#x279A;",164140,0.609236018033386,4.2646521262337,7.92006823443402
"Arnhem","GM0202",2020-11-05,102,102,94,93,82,73,2020-10-01,29,0,8,20,-33.3333333333333,"&#x2798;",161961,0,4.93946073437432,12.3486518359358
"Barneveld","GM0203",2020-11-05,25,25,24,24,24,18,2020-10-01,7,0,1,1,100,"&#x279A;",59676,0,1.67571553053154,1.67571553053154
"Beuningen","GM0209",2020-11-05,20,20,20,20,20,19,2020-10-01,1,0,0,0,0,"-",26054,0,0,0
"Brummen","GM0213",2020-11-05,19,19,19,19,19,18,2020-10-01,1,0,0,0,0,"-",20838,0,0,0
"Buren","GM0214",2020-11-05,23,23,23,23,23,17,2020-10-01,6,0,0,0,0,"-",27021,0,0,0
"Culemborg","GM0216",2020-11-05,29,29,28,27,25,24,2020-10-01,5,0,1,4,-66.6666666666667,"&#x2798;",29020,0,3.44589937973811,13.7835975189524
"Doesburg","GM0221",2020-11-05,11,11,11,11,10,9,2020-10-01,2,0,0,1,-100,"&#x2798;",11028,0,0,9.06782734856728
"Doetinchem","GM0222",2020-11-05,35,35,33,33,30,27,2020-10-01,8,0,2,5,-33.3333333333333,"&#x2798;",58104,0,3.44210381385103,8.60525953462756
"Druten","GM0225",2020-11-05,28,28,28,28,28,25,2020-10-01,3,0,0,0,0,"-",18973,0,0,0
"Duiven","GM0226",2020-11-05,17,17,17,16,16,14,2020-10-01,3,0,0,1,-100,"&#x2798;",25062,0,0,3.99010454073897
"Ede","GM0228",2020-11-05,78,78,74,74,70,58,2020-10-01,20,0,4,8,0,"-",117966,0,3.39080752081108,6.78161504162216
"Elburg","GM0230",2020-11-05,29,29,29,29,28,28,2020-10-01,1,0,0,1,-100,"&#x2798;",23343,0,0,4.28393951077411
"Epe","GM0232",2020-11-05,53,53,53,53,52,49,2020-10-01,4,0,0,1,-100,"&#x2798;",33171,0,0,3.01468149889964
"Ermelo","GM0233",2020-11-05,33,33,33,33,33,33,2020-10-01,0,0,0,0,0,"-",26991,0,0,0
"Harderwijk","GM0243",2020-11-05,48,47,47,47,46,44,2020-10-01,4,1,1,2,0,"-",48623,2.0566398617938,2.0566398617938,4.1132797235876
"Hattem","GM0244",2020-11-05,18,18,18,18,18,18,2020-10-01,0,0,0,0,0,"-",12241,0,0,0
"Heerde","GM0246",2020-11-05,55,55,55,55,55,55,2020-10-01,0,0,0,0,0,"-",18645,0,0,0
"Heumen","GM0252",2020-11-05,19,19,19,19,19,18,2020-10-01,1,0,0,0,0,"-",16589,0,0,0
"Lochem","GM0262",2020-11-05,19,19,17,17,16,16,2020-10-01,3,0,2,3,100,"&#x279A;",33847,0,5.90894318551127,8.86341477826691
"Maasdriel","GM0263",2020-11-05,24,24,17,17,17,15,2020-10-01,9,0,7,7,700,"&#x279A;&#x279A;",25434,0,27.5222143587324,27.5222143587324
"Nijkerk","GM0267",2020-11-05,29,29,27,27,26,22,2020-10-01,7,0,2,3,100,"&#x279A;",43417,0,4.60649054517816,6.90973581776723
"Nijmegen","GM0268",2020-11-05,184,181,176,176,169,142,2020-10-01,42,3,8,15,14.2857142857143,"&#x279A;",176669,1.6980907799331,4.52824207982159,8.49045389966548
"Oldebroek","GM0269",2020-11-05,40,40,40,40,40,40,2020-10-01,0,0,0,0,0,"-",23670,0,0,0
"Putten","GM0273",2020-11-05,12,12,11,11,11,10,2020-10-01,2,0,1,1,100,"&#x279A;",24220,0,4.12881915772089,4.12881915772089
"Renkum","GM0274",2020-11-05,17,17,17,17,15,14,2020-10-01,3,0,0,2,-100,"&#x2798;",31401,0,0,6.36922391006656
"Rheden","GM0275",2020-11-05,35,35,35,35,35,34,2020-10-01,1,0,0,0,0,"-",43565,0,0,0
"Rozendaal","GM0277",2020-11-05,1,1,1,1,1,1,2020-10-01,0,0,0,0,0,"-",1697,0,0,0
"Scherpenzeel","GM0279",2020-11-05,5,5,5,5,5,4,2020-10-01,1,0,0,0,0,"-",10000,0,0,0
"Tiel","GM0281",2020-11-05,49,48,48,48,46,43,2020-10-01,6,1,1,3,-50,"&#x2798;",41962,2.38310852676231,2.38310852676231,7.14932558028693
"Voorst","GM0285",2020-11-05,18,18,18,18,17,17,2020-10-01,1,0,0,1,-100,"&#x2798;",24702,0,0,4.04825520200793
"Wageningen","GM0289",2020-11-05,27,27,23,23,22,21,2020-10-01,6,0,4,5,300,"&#x279A;&#x279A;",39134,0,10.2212909490469,12.7766136863086
"Westervoort","GM0293",2020-11-05,12,12,12,12,12,12,2020-10-01,0,0,0,0,0,"-",15013,0,0,0
"Winterswijk","GM0294",2020-11-05,9,9,9,9,8,7,2020-10-01,2,0,0,1,-100,"&#x2798;",28893,0,0,3.46104592807947
"Wijchen","GM0296",2020-11-05,55,55,51,50,50,44,2020-10-01,11,0,4,5,300,"&#x279A;&#x279A;",41179,0,9.71368901624615,12.1421112703077
"Zaltbommel","GM0297",2020-11-05,23,23,23,23,23,21,2020-10-01,2,0,0,0,0,"-",29225,0,0,0
"Zevenaar","GM0299",2020-11-05,58,58,56,56,54,48,2020-10-01,10,0,2,4,0,"-",44011,0,4.54431846583809,9.08863693167617
"Zutphen","GM0301",2020-11-05,35,35,34,34,32,31,2020-10-01,4,0,1,3,-50,"&#x2798;",48077,0,2.07999667200532,6.23999001601597
"Nunspeet","GM0302",2020-11-05,61,62,62,62,61,55,2020-10-01,6,-1,-1,0,-200,"&#x2798;",27862,-3.58911779484603,-3.58911779484603,0
"Dronten","GM0303",2020-11-05,40,40,40,40,39,31,2020-10-01,9,0,0,1,-100,"&#x2798;",41677,0,0,2.399404947573
"Amersfoort","GM0307",2020-11-05,102,102,99,98,89,78,2020-10-01,24,0,3,13,-70,"&#x2798;",157521,0,1.90450797036586,8.25286787158538
"Baarn","GM0308",2020-11-05,18,18,16,16,14,12,2020-10-01,6,0,2,4,0,"-",24823,0,8.05704387060388,16.1140877412078
"De Bilt","GM0310",2020-11-05,35,35,33,33,31,29,2020-10-01,6,0,2,4,0,"-",43190,0,4.63070155128502,9.26140310257004
"Bunnik","GM0312",2020-11-05,12,12,12,12,12,10,2020-10-01,2,0,0,0,0,"-",15262,0,0,0
"Bunschoten","GM0313",2020-11-05,19,19,16,16,13,12,2020-10-01,7,0,3,6,0,"-",21930,0,13.6798905608755,27.359781121751
"Eemnes","GM0317",2020-11-05,3,3,3,3,2,2,2020-10-01,1,0,0,1,-100,"&#x2798;",9323,0,0,10.7261611069398
"Houten","GM0321",2020-11-05,35,35,34,34,33,27,2020-10-01,8,0,1,2,0,"-",50290,0,1.98846689202625,3.9769337840525
"Leusden","GM0327",2020-11-05,12,11,11,11,10,9,2020-10-01,3,1,1,2,0,"-",30486,3.2801941874959,3.2801941874959,6.5603883749918
"Lopik","GM0331",2020-11-05,25,25,24,24,22,20,2020-10-01,5,0,1,3,-50,"&#x2798;",14483,0,6.90464682731478,20.7139404819443
"Montfoort","GM0335",2020-11-05,16,16,15,15,15,15,2020-10-01,1,0,1,1,100,"&#x279A;",13889,0,7.1999424004608,7.1999424004608
"Renswoude","GM0339",2020-11-05,5,5,5,5,5,5,2020-10-01,0,0,0,0,0,"-",5517,0,0,0
"Rhenen","GM0340",2020-11-05,13,13,13,13,12,11,2020-10-01,2,0,0,1,-100,"&#x2798;",20086,0,0,4.97859205416708
"Soest","GM0342",2020-11-05,38,37,36,35,33,24,2020-10-01,14,1,2,5,-33.3333333333333,"&#x2798;",46842,2.13483625805901,4.26967251611801,10.674181290295
"Utrecht","GM0344",2020-11-05,382,378,360,359,343,301,2020-10-01,81,4,22,39,29.4117647058824,"&#x279A;",357667,1.11835869677661,6.15097283227136,10.903997293572
"Veenendaal","GM0345",2020-11-05,62,62,57,57,53,49,2020-10-06,13,0,5,9,25,"&#x279A;",66918,0,7.47183119638961,13.4492961535013
"Woudenberg","GM0351",2020-11-05,10,9,9,9,9,9,2020-10-06,1,1,1,1,100,"&#x279A;",13568,7.37028301886792,7.37028301886792,7.37028301886792
"Wijk bij Duurstede","GM0352",2020-11-05,12,12,12,12,11,10,2020-10-01,2,0,0,1,-100,"&#x2798;",23901,0,0,4.1839253587716
"IJsselstein","GM0353",2020-11-05,46,46,43,43,40,36,2020-10-01,10,0,3,6,0,"-",33851,0,8.8623674337538,17.7247348675076
"Zeist","GM0355",2020-11-05,46,46,45,44,42,38,2020-10-01,8,0,1,4,-66.6666666666667,"&#x2798;",64883,0,1.54123576283464,6.16494305133856
"Nieuwegein","GM0356",2020-11-05,58,58,55,54,54,46,2020-10-01,12,0,3,4,200,"&#x279A;&#x279A;",63690,0,4.71031559114461,6.28042078819281
"Aalsmeer","GM0358",2020-11-05,13,13,11,11,10,10,2020-10-01,3,0,2,3,100,"&#x279A;",31927,0,6.26429041250352,9.39643561875529
"Alkmaar","GM0361",2020-11-05,69,69,65,64,62,57,2020-10-01,12,0,4,7,33.3333333333333,"&#x279A;",109751,0,3.64461371650372,6.37807400388151
"Amstelveen","GM0362",2020-11-05,78,78,76,76,72,69,2020-10-01,9,0,2,6,-50,"&#x2798;",90705,0,2.20495011300369,6.61485033901108
"Amsterdam","GM0363",2020-11-05,1076,1071,1009,1000,939,766,2020-10-01,310,5,67,137,-4.28571428571428,"&#x2798;",869709,0.574904939468259,7.70372618887467,15.7523953414303
"Beemster","GM0370",2020-11-05,4,4,4,4,4,4,2020-10-01,0,0,0,0,0,"-",10019,0,0,0
"Bergen (NH.)","GM0373",2020-11-05,22,22,22,22,22,20,2020-10-06,2,0,0,0,0,"-",29762,0,0,0
"Beverwijk","GM0375",2020-11-05,22,21,20,20,20,15,2020-10-01,7,1,2,2,200,"&#x279A;&#x279A;",41752,2.39509484575589,4.79018969151178,4.79018969151178
"Blaricum","GM0376",2020-11-05,8,8,8,8,8,8,2020-10-01,0,0,0,0,0,"-",11799,0,0,0
"Bloemendaal","GM0377",2020-11-05,10,10,10,10,9,7,2020-10-01,3,0,0,1,-100,"&#x2798;",23566,0,0,4.24340151065094
"Castricum","GM0383",2020-11-05,18,18,18,18,18,15,2020-10-01,3,0,0,0,0,"-",36124,0,0,0
"Diemen","GM0384",2020-11-05,25,25,24,24,23,20,2020-10-01,5,0,1,2,0,"-",31206,0,3.20451195282958,6.40902390565917
"Edam-Volendam","GM0385",2020-11-05,43,43,39,38,35,26,2020-10-01,17,0,4,8,0,"-",36190,0,11.0527770102238,22.1055540204476
"Enkhuizen","GM0388",2020-11-05,20,20,20,20,20,18,2020-10-01,2,0,0,0,0,"-",18658,0,0,0
"Haarlem","GM0392",2020-11-05,114,111,104,104,98,75,2020-10-01,39,3,10,16,66.6666666666667,"&#x279A;",162962,1.84091996907254,6.13639989690848,9.81823983505357
"Haarlemmermeer","GM0394",2020-11-05,102,101,97,95,92,76,2020-10-01,26,1,5,10,0,"-",157115,0.636476466282659,3.1823823314133,6.36476466282659
"Heemskerk","GM0396",2020-11-05,35,35,34,34,34,31,2020-10-01,4,0,1,1,100,"&#x279A;",39230,0,2.5490695895998,2.5490695895998
"Heemstede","GM0397",2020-11-05,17,17,17,17,15,13,2020-10-01,4,0,0,2,-100,"&#x2798;",27341,0,0,7.31502139643758
"Heerhugowaard","GM0398",2020-11-05,31,30,29,29,29,27,2020-10-01,4,1,2,2,200,"&#x279A;&#x279A;",58018,1.72360301975249,3.44720603950498,3.44720603950498
"Heiloo","GM0399",2020-11-05,13,13,12,12,12,11,2020-10-01,2,0,1,1,100,"&#x279A;",24100,0,4.149377593361,4.149377593361
"Den Helder","GM0400",2020-11-05,17,17,15,15,15,13,2020-10-01,4,0,2,2,200,"&#x279A;&#x279A;",56388,0,3.54685394055473,3.54685394055473
"Hilversum","GM0402",2020-11-05,43,43,39,39,38,37,2020-10-01,6,0,4,5,300,"&#x279A;&#x279A;",91110,0,4.39029744265174,5.48787180331467
"Hoorn","GM0405",2020-11-05,41,41,40,39,38,36,2020-10-01,5,0,1,3,-50,"&#x2798;",73360,0,1.36314067611778,4.08942202835333
"Huizen","GM0406",2020-11-05,31,31,30,28,27,23,2020-10-01,8,0,1,4,-66.6666666666667,"&#x2798;",41104,0,2.43285325029194,9.73141300116777
"Landsmeer","GM0415",2020-11-05,6,5,5,5,5,3,2020-10-01,3,1,1,1,100,"&#x279A;",11573,8.6408018664132,8.6408018664132,8.6408018664132
"Langedijk","GM0416",2020-11-05,21,21,21,21,21,17,2020-10-01,4,0,0,0,0,"-",28214,0,0,0
"Laren","GM0417",2020-11-05,10,10,10,10,9,8,2020-10-01,2,0,0,1,-100,"&#x2798;",11355,0,0,8.80669308674593
"Medemblik","GM0420",2020-11-05,21,20,20,19,19,19,2020-10-01,2,1,1,2,0,"-",45138,2.21542824227923,2.21542824227923,4.43085648455846
"Oostzaan","GM0431",2020-11-05,12,12,12,12,12,12,2020-10-01,0,0,0,0,0,"-",9682,0,0,0
"Opmeer","GM0432",2020-11-05,1,1,1,1,1,1,2020-10-01,0,0,0,0,0,"-",11967,0,0,0
"Ouder-Amstel","GM0437",2020-11-05,8,8,8,8,7,6,2020-10-01,2,0,0,1,-100,"&#x2798;",14065,0,0,7.10984713828653
"Purmerend","GM0439",2020-11-05,90,89,85,85,80,73,2020-10-01,17,1,5,10,0,"-",81775,1.22286762457964,6.1143381228982,12.2286762457964
"Schagen","GM0441",2020-11-05,21,21,20,20,20,19,2020-10-01,2,0,1,1,100,"&#x279A;",46459,0,2.15243548074646,2.15243548074646
"Texel","GM0448",2020-11-05,6,6,6,6,6,5,2020-10-01,1,0,0,0,0,"-",13643,0,0,0
"Uitgeest","GM0450",2020-11-05,7,7,7,7,6,5,2020-10-01,2,0,0,1,-100,"&#x2798;",13643,0,0,7.32976618045884
"Uithoorn","GM0451",2020-11-05,21,21,21,21,21,18,2020-10-01,3,0,0,0,0,"-",29817,0,0,0
"Velsen","GM0453",2020-11-05,50,50,48,48,46,34,2020-10-01,16,0,2,4,0,"-",68713,0,2.91065737196746,5.82131474393492
"Weesp","GM0457",2020-11-05,11,10,10,10,10,9,2020-10-01,2,1,1,1,100,"&#x279A;",20219,4.94584301894258,4.94584301894258,4.94584301894258
"Zandvoort","GM0473",2020-11-05,15,15,14,13,12,11,2020-10-01,4,0,1,3,-50,"&#x2798;",17116,0,5.84248656228091,17.5274596868427
"Zaanstad","GM0479",2020-11-05,171,169,159,156,150,133,2020-10-01,38,2,12,21,33.3333333333333,"&#x279A;",156907,1.27464039207938,7.64784235247631,13.3837241168335
"Alblasserdam","GM0482",2020-11-05,11,11,11,11,11,11,2020-10-01,0,0,0,0,0,"-",20221,0,0,0
"Alphen aan den Rijn","GM0484",2020-11-05,91,90,87,85,79,68,2020-10-01,23,1,4,12,-50,"&#x2798;",112343,0.890131116313433,3.56052446525373,10.6815733957612
"Barendrecht","GM0489",2020-11-05,52,52,50,50,45,40,2020-10-01,12,0,2,7,-60,"&#x2798;",48654,0,4.11065893862786,14.3873062851975
"Drechterland","GM0498",2020-11-05,7,6,6,6,5,5,2020-10-01,2,1,1,2,0,"-",19775,5.05689001264223,5.05689001264223,10.1137800252845
"Brielle","GM0501",2020-11-05,18,17,16,16,15,12,2020-10-01,6,1,2,3,100,"&#x279A;",17378,5.75440211761998,11.50880423524,17.2632063528599
"Capelle aan den IJssel","GM0502",2020-11-05,73,73,72,72,67,58,2020-10-01,15,0,1,6,-80,"&#x2798;",67142,0,1.4893807154985,8.93628429299097
"Delft","GM0503",2020-11-05,51,50,48,48,44,41,2020-10-01,10,1,3,7,-25,"&#x2798;",103037,0.970525151159292,2.91157545347788,6.79367605811505
"Dordrecht","GM0505",2020-11-05,98,97,97,97,97,96,2020-10-01,2,1,1,1,100,"&#x279A;",119342,0.837927971711552,0.837927971711552,0.837927971711552
"Gorinchem","GM0512",2020-11-05,20,20,19,19,19,19,2020-10-01,1,0,1,1,100,"&#x279A;",37372,0,2.6758000642192,2.6758000642192
"Gouda","GM0513",2020-11-05,76,76,67,65,56,48,2020-10-01,28,0,9,20,-18.1818181818182,"&#x2798;",73540,0,12.2382376937721,27.196083763938
"'s-Gravenhage","GM0518",2020-11-05,638,635,587,582,533,441,2020-10-01,197,3,51,105,-5.55555555555556,"&#x2798;",545863,0.549588449849138,9.34300364743535,19.2355957447198
"Hardinxveld-Giessendam","GM0523",2020-11-05,2,2,2,2,2,2,2020-10-01,0,0,0,0,0,"-",18460,0,0,0
"Hellevoetsluis","GM0530",2020-11-05,20,20,21,21,21,16,2020-10-01,4,0,-1,-1,-100,"&#x2798;",40198,0,-2.4876859545251,-2.4876859545251
"Hendrik-Ido-Ambacht","GM0531",2020-11-05,13,13,13,13,13,12,2020-10-01,1,0,0,0,0,"-",31311,0,0,0
"Stede Broec","GM0532",2020-11-05,20,20,19,19,19,18,2020-10-01,2,0,1,1,100,"&#x279A;",21773,0,4.59284434850503,4.59284434850503
"Hillegom","GM0534",2020-11-05,9,8,8,8,8,8,2020-10-01,1,1,1,1,100,"&#x279A;",22210,4.5024763619991,4.5024763619991,4.5024763619991
"Katwijk","GM0537",2020-11-05,50,49,45,45,41,33,2020-10-01,17,1,5,9,25,"&#x279A;",65929,1.51678320617634,7.58391603088171,13.6510488555871
"Krimpen aan den IJssel","GM0542",2020-11-05,18,18,18,18,18,12,2020-10-01,6,0,0,0,0,"-",29452,0,0,0
"Leiden","GM0546",2020-11-05,65,65,60,60,57,46,2020-10-01,19,0,5,8,66.6666666666667,"&#x279A;",123655,0,4.04350814766892,6.46961303627027
"Leiderdorp","GM0547",2020-11-05,27,27,24,24,21,15,2020-10-01,12,0,3,6,0,"-",27304,0,10.98740111339,21.97480222678
"Lisse","GM0553",2020-11-05,11,11,11,11,11,8,2020-10-01,3,0,0,0,0,"-",22983,0,0,0
"Maassluis","GM0556",2020-11-05,34,33,30,30,27,23,2020-10-01,11,1,4,7,33.3333333333333,"&#x279A;",33336,2.99976001919846,11.9990400767939,20.9983201343892
"Nieuwkoop","GM0569",2020-11-05,14,14,13,13,12,9,2020-10-01,5,0,1,2,0,"-",29021,0,3.44578064160436,6.89156128320871
"Noordwijk","GM0575",2020-11-05,33,32,31,30,27,20,2020-10-01,13,1,2,6,-50,"&#x2798;",43733,2.28660279422861,4.57320558845723,13.7196167653717
"Oegstgeest","GM0579",2020-11-05,14,14,11,11,11,8,2020-10-01,6,0,3,3,300,"&#x279A;&#x279A;",24972,0,12.013455069678,12.013455069678
"Oudewater","GM0589",2020-11-05,30,30,30,30,28,26,2020-10-01,4,0,0,2,-100,"&#x2798;",10178,0,0,19.6502259775987
"Papendrecht","GM0590",2020-11-05,9,9,9,9,9,9,2020-10-01,0,0,0,0,0,"-",32095,0,0,0
"Ridderkerk","GM0597",2020-11-05,48,47,47,46,43,40,2020-10-01,8,1,1,5,-75,"&#x2798;",46576,2.14702851253865,2.14702851253865,10.7351425626932
"Rotterdam","GM0599",2020-11-05,886,877,820,817,770,649,2020-10-01,237,9,66,116,32,"&#x279A;",650459,1.38363832309185,10.1466810360069,17.8335606087394
"Rijswijk","GM0603",2020-11-05,62,62,61,61,53,43,2020-10-01,19,0,1,9,-87.5,"&#x2798;",54855,0,1.82298787713062,16.4068908941756
"Schiedam","GM0606",2020-11-05,81,81,79,76,72,63,2020-10-01,18,0,2,9,-71.4285714285714,"&#x2798;",79003,0,2.53154943483159,11.3919724567421
"Sliedrecht","GM0610",2020-11-05,10,10,10,10,9,9,2020-10-01,1,0,0,1,-100,"&#x2798;",25350,0,0,3.94477317554241
"Albrandswaard","GM0613",2020-11-05,19,19,18,17,17,15,2020-10-01,4,0,1,2,0,"-",25896,0,3.86160024714242,7.72320049428483
"Westvoorne","GM0614",2020-11-05,7,7,6,6,6,6,2020-10-01,1,0,1,1,100,"&#x279A;",14863,0,6.72811680010765,6.72811680010765
"Vlaardingen","GM0622",2020-11-05,66,65,59,58,55,47,2020-10-01,19,1,7,11,75,"&#x279A;",73758,1.35578513517178,9.49049594620245,14.9136364868896
"Voorschoten","GM0626",2020-11-05,12,12,11,11,11,9,2020-10-01,3,0,1,1,100,"&#x279A;",25602,0,3.90594484805875,3.90594484805875
"Waddinxveen","GM0627",2020-11-05,31,27,27,26,25,19,2020-10-01,12,4,4,6,100,"&#x279A;",29906,13.375242426269,13.375242426269,20.0628636394035
"Wassenaar","GM0629",2020-11-05,11,11,10,10,10,10,2020-10-01,1,0,1,1,100,"&#x279A;",26490,0,3.77500943752359,3.77500943752359
"Woerden","GM0632",2020-11-05,65,65,64,64,61,53,2020-10-01,12,0,1,4,-66.6666666666667,"&#x2798;",52558,0,1.90265991856616,7.61063967426462
"Zoetermeer","GM0637",2020-11-05,72,72,69,68,65,59,2020-10-01,13,0,3,7,-25,"&#x2798;",125247,0,2.39526695250186,5.58895622250433
"Zoeterwoude","GM0638",2020-11-05,4,4,4,4,4,3,2020-10-01,1,0,0,0,0,"-",8759,0,0,0
"Zwijndrecht","GM0642",2020-11-05,30,30,29,29,29,27,2020-10-01,3,0,1,1,100,"&#x279A;",44641,0,2.24009318787662,2.24009318787662
"Borsele","GM0654",2020-11-05,5,5,5,5,5,5,2020-10-01,0,0,0,0,0,"-",22762,0,0,0
"Goes","GM0664",2020-11-05,15,15,15,15,13,12,2020-10-01,3,0,0,2,-100,"&#x2798;",38423,0,0,5.20521562605731
"West Maas en Waal","GM0668",2020-11-05,24,24,23,23,23,21,2020-10-01,3,0,1,1,100,"&#x279A;",19436,0,5.14509158263017,5.14509158263017
"Hulst","GM0677",2020-11-05,13,13,13,12,10,9,2020-10-01,4,0,0,3,-100,"&#x2798;",27631,0,0,10.8573703449025
"Kapelle","GM0678",2020-11-05,3,3,3,3,3,3,2020-10-01,0,0,0,0,0,"-",12808,0,0,0
"Middelburg","GM0687",2020-11-05,22,21,21,21,19,19,2020-10-01,3,1,1,3,-50,"&#x2798;",48766,2.05060903088217,2.05060903088217,6.15182709264652
"Reimerswaal","GM0703",2020-11-05,6,6,6,6,6,5,2020-10-01,1,0,0,0,0,"-",22843,0,0,0
"Terneuzen","GM0715",2020-11-05,27,27,25,25,25,25,2020-10-01,2,0,2,2,200,"&#x279A;&#x279A;",54476,0,3.67134150818709,3.67134150818709
"Tholen","GM0716",2020-11-05,46,45,44,43,43,40,2020-10-01,6,1,2,3,100,"&#x279A;",25894,3.86189850930718,7.72379701861435,11.5856955279215
"Veere","GM0717",2020-11-05,8,8,8,8,8,6,2020-10-01,2,0,0,0,0,"-",21974,0,0,0
"Vlissingen","GM0718",2020-11-05,12,12,11,10,9,9,2020-10-01,3,0,1,3,-50,"&#x2798;",44132,0,2.26592948427445,6.79778845282335
"De Ronde Venen","GM0736",2020-11-05,57,57,50,48,45,40,2020-10-01,17,0,7,12,40,"&#x279A;",44636,0,15.6824088179944,26.8841294022762
"Tytsjerksteradiel","GM0737",2020-11-05,7,7,7,7,7,5,2020-10-01,2,0,0,0,0,"-",32079,0,0,0
"Asten","GM0743",2020-11-05,19,18,18,18,18,18,2020-10-01,1,1,1,1,100,"&#x279A;",16718,5.98157674362962,5.98157674362962,5.98157674362962
"Baarle-Nassau","GM0744",2020-11-05,9,9,9,9,9,9,2020-10-01,0,0,0,0,0,"-",6876,0,0,0
"Bergen op Zoom","GM0748",2020-11-05,49,49,46,45,42,30,2020-10-01,19,0,3,7,-25,"&#x2798;",67667,0,4.43347569716405,10.3447766267161
"Best","GM0753",2020-11-05,35,35,35,35,32,31,2020-10-01,4,0,0,3,-100,"&#x2798;",30073,0,0,9.97572573404715
"Boekel","GM0755",2020-11-05,36,36,36,36,36,34,2020-10-01,2,0,0,0,0,"-",10872,0,0,0
"Boxmeer","GM0756",2020-11-05,23,23,20,20,20,20,2020-10-01,3,0,3,3,300,"&#x279A;&#x279A;",29465,0,10.1815713558459,10.1815713558459
"Boxtel","GM0757",2020-11-05,25,25,24,24,24,24,2020-10-01,1,0,1,1,100,"&#x279A;",30807,0,3.24601551595417,3.24601551595417
"Breda","GM0758",2020-11-05,188,187,182,180,169,151,2020-10-01,37,1,6,19,-53.8461538461538,"&#x2798;",183790,0.544099243702051,3.26459546221231,10.337885630339
"Deurne","GM0762",2020-11-05,59,59,58,58,58,56,2020-10-01,3,0,1,1,100,"&#x279A;",32466,0,3.08014538286207,3.08014538286207
"Pekela","GM0765",2020-11-05,6,6,6,6,5,4,2020-10-01,2,0,0,1,-100,"&#x2798;",12172,0,0,8.21557673348669
"Dongen","GM0766",2020-11-05,30,30,26,25,24,20,2020-10-01,10,0,4,6,100,"&#x279A;",26345,0,15.1831467071551,22.7747200607326
"Eersel","GM0770",2020-11-05,32,32,30,30,28,27,2020-10-01,5,0,2,4,0,"-",19418,0,10.2997219075085,20.599443815017
"Eindhoven","GM0772",2020-11-05,213,212,209,209,197,185,2020-10-01,28,1,4,16,-66.6666666666667,"&#x2798;",233983,0.427381476432048,1.70952590572819,6.83810362291277
"Etten-Leur","GM0777",2020-11-05,52,52,48,48,47,43,2020-10-01,9,0,4,5,300,"&#x279A;&#x279A;",43896,0,9.11244760342628,11.3905595042828
"Geertruidenberg","GM0779",2020-11-05,17,17,15,15,13,12,2020-10-01,5,0,2,4,0,"-",21670,0,9.22934933087217,18.4586986617443
"Gilze en Rijen","GM0784",2020-11-05,25,25,21,21,21,20,2020-10-01,5,0,4,4,400,"&#x279A;&#x279A;",26551,0,15.0653459380061,15.0653459380061
"Goirle","GM0785",2020-11-05,35,35,33,33,32,32,2020-10-01,3,0,2,3,100,"&#x279A;",23823,0,8.39524828946816,12.5928724342022
"Grave","GM0786",2020-11-05,27,27,24,24,21,21,2020-10-01,6,0,3,6,0,"-",12452,0,24.092515258593,48.185030517186
"Haaren","GM0788",2020-11-05,20,20,20,20,20,19,2020-10-01,1,0,0,0,0,"-",14316,0,0,0
"Helmond","GM0794",2020-11-05,128,128,124,124,123,118,2020-10-01,10,0,4,5,300,"&#x279A;&#x279A;",92420,0,4.32806751785328,5.4100843973166
"'s-Hertogenbosch","GM0796",2020-11-05,154,153,150,149,144,134,2020-10-01,20,1,4,10,-33.3333333333333,"&#x2798;",155409,0.643463377281882,2.57385350912753,6.43463377281882
"Heusden","GM0797",2020-11-05,52,52,49,49,47,45,2020-10-01,7,0,3,5,50,"&#x279A;",44897,0,6.68196093280175,11.1366015546696
"Hilvarenbeek","GM0798",2020-11-05,16,15,14,14,12,10,2020-10-01,6,1,2,4,0,"-",15617,6.40327847858103,12.8065569571621,25.6131139143241
"Loon op Zand","GM0809",2020-11-05,30,30,29,29,29,27,2020-10-01,3,0,1,1,100,"&#x279A;",23466,0,4.26148470126992,4.26148470126992
"Mill en Sint Hubert","GM0815",2020-11-05,12,12,9,9,9,9,2020-10-01,3,0,3,3,300,"&#x279A;&#x279A;",11007,0,27.2553829381303,27.2553829381303
"Nuenen, Gerwen en Nederwetten","GM0820",2020-11-05,20,20,20,19,19,18,2020-10-01,2,0,0,1,-100,"&#x2798;",23526,0,0,4.25061633936921
"Oirschot","GM0823",2020-11-05,17,17,17,17,17,13,2020-10-01,4,0,0,0,0,"-",18832,0,0,0
"Oisterwijk","GM0824",2020-11-05,29,28,27,27,27,24,2020-10-01,5,1,2,2,200,"&#x279A;&#x279A;",26344,3.7959307622229,7.59186152444579,7.59186152444579
"Oosterhout","GM0826",2020-11-05,53,53,52,52,52,50,2020-10-01,3,0,1,1,100,"&#x279A;",56232,0,1.77834684876938,1.77834684876938
"Oss","GM0828",2020-11-05,180,178,175,175,174,168,2020-10-01,12,2,5,6,400,"&#x279A;&#x279A;",92229,2.16851532598207,5.42128831495517,6.5055459779462
"Rucphen","GM0840",2020-11-05,17,17,14,14,14,10,2020-10-01,7,0,3,3,300,"&#x279A;&#x279A;",23009,0,13.0383762875397,13.0383762875397
"Sint-Michielsgestel","GM0845",2020-11-05,38,38,37,37,37,36,2020-10-01,2,0,1,1,100,"&#x279A;",29422,0,3.39881721161036,3.39881721161036
"Someren","GM0847",2020-11-05,34,34,34,34,34,33,2020-10-01,1,0,0,0,0,"-",19331,0,0,0
"Son en Breugel","GM0848",2020-11-05,32,32,31,31,31,31,2020-10-01,1,0,1,1,100,"&#x279A;",17465,0,5.72573718866304,5.72573718866304
"Steenbergen","GM0851",2020-11-05,18,18,18,18,18,13,2020-10-01,5,0,0,0,0,"-",24302,0,0,0
"Waterland","GM0852",2020-11-05,23,23,20,20,19,16,2020-10-01,7,0,3,4,200,"&#x279A;&#x279A;",17393,0,17.2483182889668,22.9977577186224
"Tilburg","GM0855",2020-11-05,286,284,271,270,263,257,2020-10-01,29,2,15,23,87.5,"&#x279A;",219599,0.910750959703824,6.83063219777868,10.473636036594
"Uden","GM0856",2020-11-05,116,116,115,115,115,115,2020-10-01,1,0,1,1,100,"&#x279A;",42163,0,2.37174774091028,2.37174774091028
"Valkenswaard","GM0858",2020-11-05,23,23,23,23,21,19,2020-10-01,4,0,0,2,-100,"&#x2798;",31230,0,0,6.4040986231188
"Veldhoven","GM0861",2020-11-05,40,40,37,37,34,31,2020-10-01,9,0,3,6,0,"-",45625,0,6.57534246575342,13.1506849315068
"Vught","GM0865",2020-11-05,43,43,43,43,43,43,2020-10-01,0,0,0,0,0,"-",26709,0,0,0
"Waalre","GM0866",2020-11-05,8,8,8,8,8,7,2020-10-01,1,0,0,0,0,"-",17518,0,0,0
"Waalwijk","GM0867",2020-11-05,47,47,44,44,42,39,2020-10-01,8,0,3,5,50,"&#x279A;",48754,0,6.15334126430652,10.2555687738442
"Woensdrecht","GM0873",2020-11-05,10,10,10,10,8,6,2020-10-01,4,0,0,2,-100,"&#x2798;",21954,0,0,9.10995718320124
"Zundert","GM0879",2020-11-05,27,27,25,24,24,24,2020-10-01,3,0,2,3,100,"&#x279A;",22141,0,9.03301567228219,13.5495235084233
"Wormerland","GM0880",2020-11-05,22,22,21,21,21,20,2020-10-01,2,0,1,1,100,"&#x279A;",16203,0,6.17169659939517,6.17169659939517
"Landgraaf","GM0882",2020-11-05,55,55,55,54,53,52,2020-10-01,3,0,0,2,-100,"&#x2798;",37267,0,0,5.36667829446964
"Beek","GM0888",2020-11-05,18,18,18,18,17,16,2020-10-03,2,0,0,1,-100,"&#x2798;",15889,0,0,6.29366228208194
"Beesel","GM0889",2020-11-05,20,20,20,20,20,20,2020-10-01,0,0,0,0,0,"-",13439,0,0,0
"Bergen (L.)","GM0893",2020-11-05,10,10,9,9,8,7,2020-10-01,3,0,1,2,0,"-",13089,0,7.64000305600122,15.2800061120024
"Brunssum","GM0899",2020-11-05,50,50,50,50,49,46,2020-10-01,4,0,0,1,-100,"&#x2798;",27709,0,0,3.60893572485474
"Gennep","GM0907",2020-11-05,18,18,17,17,17,17,2020-10-01,1,0,1,1,100,"&#x279A;",16968,0,5.89344648750589,5.89344648750589
"Heerlen","GM0917",2020-11-05,131,131,131,130,128,126,2020-10-01,5,0,0,3,-100,"&#x2798;",86915,0,0,3.45164816199735
"Kerkrade","GM0928",2020-11-05,72,72,68,68,66,64,2020-10-01,8,0,4,6,100,"&#x279A;",45527,0,8.78599512377271,13.1789926856591
"Maastricht","GM0935",2020-11-05,203,202,198,198,196,192,2020-10-01,11,1,5,7,150,"&#x279A;&#x279A;",118636,0.842914461040494,4.21457230520247,5.90040122728345
"Meerssen","GM0938",2020-11-05,23,23,23,23,23,22,2020-10-01,1,0,0,0,0,"-",18759,0,0,0
"Mook en Middelaar","GM0944",2020-11-05,8,8,7,7,7,7,2020-10-01,1,0,1,1,100,"&#x279A;",7879,0,12.6919659855312,12.6919659855312
"Nederweert","GM0946",2020-11-05,34,34,33,33,33,31,2020-10-01,3,0,1,1,100,"&#x279A;",17086,0,5.85274493737563,5.85274493737563
"Roermond","GM0957",2020-11-05,65,65,65,65,64,61,2020-10-01,4,0,0,1,-100,"&#x2798;",58620,0,0,1.70590242238144
"Simpelveld","GM0965",2020-11-05,19,19,19,19,19,19,2020-10-01,0,0,0,0,0,"-",10515,0,0,0
"Stein","GM0971",2020-11-05,49,49,48,47,45,44,2020-10-01,5,0,1,4,-66.6666666666667,"&#x2798;",24935,0,4.01042711048727,16.0417084419491
"Vaals","GM0981",2020-11-05,10,10,10,10,10,10,2020-10-01,0,0,0,0,0,"-",10055,0,0,0
"Venlo","GM0983",2020-11-05,147,147,142,142,138,134,2020-10-01,13,0,5,9,25,"&#x279A;",101853,0,4.90903557087175,8.83626402756914
"Venray","GM0984",2020-11-05,42,42,41,41,38,37,2020-10-01,5,0,1,4,-66.6666666666667,"&#x2798;",43707,0,2.28796302651749,9.15185210606997
"Voerendaal","GM0986",2020-11-05,18,18,17,17,17,17,2020-10-01,1,0,1,1,100,"&#x279A;",12459,0,8.02632635042941,8.02632635042941
"Weert","GM0988",2020-11-05,73,73,72,71,69,67,2020-10-01,6,0,1,4,-66.6666666666667,"&#x2798;",50109,0,1.99564948412461,7.98259793649843
"Valkenburg aan de Geul","GM0994",2020-11-05,22,22,20,20,19,19,2020-10-01,3,0,2,3,100,"&#x279A;",16399,0,12.1958656015611,18.2937984023416
"Lelystad","GM0995",2020-11-05,86,86,82,82,79,69,2020-10-01,17,0,4,7,33.3333333333333,"&#x279A;",79284,0,5.04515412945865,8.82901972655265
"Horst aan de Maas","GM1507",2020-11-05,47,47,41,41,41,41,2020-10-01,6,0,6,6,600,"&#x279A;&#x279A;",42416,0,14.1456054319125,14.1456054319125
"Oude IJsselstreek","GM1509",2020-11-05,25,25,24,24,23,21,2020-10-01,4,0,1,2,0,"-",39331,0,2.54252370903359,5.08504741806717
"Teylingen","GM1525",2020-11-05,19,19,19,19,18,15,2020-10-01,4,0,0,1,-100,"&#x2798;",37655,0,0,2.65568981542956
"Utrechtse Heuvelrug","GM1581",2020-11-05,33,33,33,33,31,29,2020-10-01,4,0,0,2,-100,"&#x2798;",49784,0,0,4.01735497348546
"Oost Gelre","GM1586",2020-11-05,21,21,21,21,20,18,2020-10-01,3,0,0,1,-100,"&#x2798;",29644,0,0,3.37336391849953
"Koggenland","GM1598",2020-11-05,9,9,9,9,7,7,2020-10-01,2,0,0,2,-100,"&#x2798;",22864,0,0,8.74737578726382
"Lansingerland","GM1621",2020-11-05,53,52,50,50,49,44,2020-10-01,9,1,3,4,200,"&#x279A;&#x279A;",62882,1.59028020737254,4.77084062211762,6.36112082949016
"Leudal","GM1640",2020-11-05,54,54,54,54,54,54,2020-10-01,0,0,0,0,0,"-",35999,0,0,0
"Maasgouw","GM1641",2020-11-05,28,28,28,28,28,28,2020-10-01,0,0,0,0,0,"-",23936,0,0,0
"Gemert-Bakel","GM1652",2020-11-05,80,79,79,79,79,79,2020-10-01,1,1,1,1,100,"&#x279A;",30693,3.25807187306552,3.25807187306552,3.25807187306552
"Halderberge","GM1655",2020-11-05,28,28,25,25,23,16,2020-10-01,12,0,3,5,50,"&#x279A;",30314,0,9.89641749686613,16.4940291614436
"Heeze-Leende","GM1658",2020-11-05,18,18,18,18,17,16,2020-10-01,2,0,0,1,-100,"&#x2798;",16217,0,0,6.16636862551643
"Laarbeek","GM1659",2020-11-05,42,42,42,42,41,41,2020-10-01,1,0,0,1,-100,"&#x2798;",22665,0,0,4.41208912420031
"Reusel-De Mierden","GM1667",2020-11-05,15,15,15,15,15,11,2020-10-01,4,0,0,0,0,"-",13066,0,0,0
"Roerdalen","GM1669",2020-11-05,27,27,27,27,27,27,2020-10-01,0,0,0,0,0,"-",20552,0,0,0
"Roosendaal","GM1674",2020-11-05,49,48,45,45,44,34,2020-10-01,15,1,4,5,300,"&#x279A;&#x279A;",77308,1.29352718994153,5.17410875976613,6.46763594970766
"Schouwen-Duiveland","GM1676",2020-11-05,13,13,13,13,12,12,2020-10-01,1,0,0,1,-100,"&#x2798;",34012,0,0,2.94013877455016
"Aa en Hunze","GM1680",2020-11-05,1,1,1,1,1,1,2020-10-01,0,0,0,0,0,"-",25393,0,0,0
"Borger-Odoorn","GM1681",2020-11-05,8,8,8,8,7,4,2020-10-01,4,0,0,1,-100,"&#x2798;",25554,0,0,3.91328167801518
"Cuijk","GM1684",2020-11-05,18,18,15,15,13,12,2020-10-01,6,0,3,5,50,"&#x279A;",25291,0,11.8619271677672,19.7698786129453
"Landerd","GM1685",2020-11-05,42,42,42,42,42,41,2020-10-01,1,0,0,0,0,"-",15761,0,0,0
"De Wolden","GM1690",2020-11-05,16,16,16,15,14,11,2020-10-01,5,0,0,2,-100,"&#x2798;",24357,0,0,8.21119185449768
"Noord-Beveland","GM1695",2020-11-05,1,1,1,1,1,1,2020-10-01,0,0,0,0,0,"-",7560,0,0,0
"Wijdemeren","GM1696",2020-11-05,14,14,11,11,11,8,2020-10-01,6,0,3,3,300,"&#x279A;&#x279A;",24414,0,12.2880314573605,12.2880314573605
"Noordenveld","GM1699",2020-11-05,6,6,6,6,6,4,2020-10-01,2,0,0,0,0,"-",31270,0,0,0
"Twenterand","GM1700",2020-11-05,12,12,12,12,12,12,2020-10-01,0,0,0,0,0,"-",33729,0,0,0
"Westerveld","GM1701",2020-11-05,9,9,9,9,9,9,2020-10-01,0,0,0,0,0,"-",19573,0,0,0
"Sint Anthonis","GM1702",2020-11-05,21,21,21,21,21,20,2020-10-01,1,0,0,0,0,"-",11662,0,0,0
"Lingewaard","GM1705",2020-11-05,39,38,38,38,37,34,2020-10-01,5,1,1,2,0,"-",46723,2.14027352695674,2.14027352695674,4.28054705391349
"Cranendonck","GM1706",2020-11-05,65,63,63,63,63,63,2020-10-01,2,2,2,2,200,"&#x279A;&#x279A;",20941,9.55064228069338,9.55064228069338,9.55064228069338
"Steenwijkerland","GM1708",2020-11-05,16,16,15,15,15,14,2020-10-01,2,0,1,1,100,"&#x279A;",44258,0,2.25947851235935,2.25947851235935
"Moerdijk","GM1709",2020-11-05,23,22,19,19,18,16,2020-10-01,7,1,4,5,300,"&#x279A;&#x279A;",37184,2.68932874354561,10.7573149741824,13.4466437177281
"Echt-Susteren","GM1711",2020-11-05,43,43,43,43,43,40,2020-10-01,3,0,0,0,0,"-",31654,0,0,0
"Sluis","GM1714",2020-11-05,10,10,10,9,9,9,2020-10-01,1,0,0,1,-100,"&#x2798;",23173,0,0,4.31536702196522
"Drimmelen","GM1719",2020-11-05,21,21,21,21,21,19,2020-10-01,2,0,0,0,0,"-",27251,0,0,0
"Bernheze","GM1721",2020-11-05,98,98,97,97,96,95,2020-10-01,3,0,1,2,0,"-",31313,0,3.19356177945262,6.38712355890525
"Alphen-Chaam","GM1723",2020-11-05,18,18,18,18,18,18,2020-10-01,0,0,0,0,0,"-",10298,0,0,0
"Bergeijk","GM1724",2020-11-05,20,20,20,20,19,19,2020-10-01,1,0,0,1,-100,"&#x2798;",18674,0,0,5.35503909178537
"Bladel","GM1728",2020-11-05,24,23,23,23,22,21,2020-10-01,3,1,1,2,0,"-",20531,4.87068335687497,4.87068335687497,9.74136671374994
"Gulpen-Wittem","GM1729",2020-11-05,26,26,24,24,23,22,2020-10-01,4,0,2,3,100,"&#x279A;",14205,0,14.0795494544175,21.1193241816262
"Tynaarlo","GM1730",2020-11-05,11,11,11,11,11,9,2020-10-01,2,0,0,0,0,"-",33842,0,0,0
"Midden-Drenthe","GM1731",2020-11-05,6,6,6,6,6,6,2020-10-01,0,0,0,0,0,"-",33280,0,0,0
"Overbetuwe","GM1734",2020-11-05,62,62,60,60,60,56,2020-10-01,6,0,2,2,200,"&#x279A;&#x279A;",48057,0,4.16172461868198,4.16172461868198
"Hof van Twente","GM1735",2020-11-05,20,20,20,20,18,15,2020-10-01,5,0,0,2,-100,"&#x2798;",35129,0,0,5.69330183039654
"Neder-Betuwe","GM1740",2020-11-05,44,44,43,43,42,37,2020-10-01,7,0,1,2,0,"-",24526,0,4.07730571638261,8.15461143276523
"Rijssen-Holten","GM1742",2020-11-05,30,30,30,30,30,29,2020-10-01,1,0,0,0,0,"-",38227,0,0,0
"Geldrop-Mierlo","GM1771",2020-11-05,37,37,37,37,34,33,2020-10-01,4,0,0,3,-100,"&#x2798;",39997,0,0,7.50056254219066
"Olst-Wijhe","GM1773",2020-11-05,12,12,12,12,12,12,2020-10-01,0,0,0,0,0,"-",18300,0,0,0
"Dinkelland","GM1774",2020-11-05,22,21,21,21,21,20,2020-10-01,2,1,1,1,100,"&#x279A;",26545,3.76718779431155,3.76718779431155,3.76718779431155
"Westland","GM1783",2020-11-05,75,75,74,73,69,61,2020-10-01,14,0,1,6,-80,"&#x2798;",110974,0,0.901111972173662,5.40667183304197
"Midden-Delfland","GM1842",2020-11-05,8,8,8,7,5,5,2020-10-01,3,0,0,3,-100,"&#x2798;",19406,0,0,15.4591363495826
"Berkelland","GM1859",2020-11-05,20,20,18,18,18,14,2020-10-01,6,0,2,2,200,"&#x279A;&#x279A;",43845,0,4.56152354886532,4.56152354886532
"Bronckhorst","GM1876",2020-11-05,19,19,18,18,18,17,2020-10-01,2,0,1,1,100,"&#x279A;",36077,0,2.77184910053497,2.77184910053497
"Sittard-Geleen","GM1883",2020-11-05,129,129,126,126,123,119,2020-10-01,10,0,3,6,0,"-",91928,0,3.26342354886433,6.52684709772866
"Kaag en Braassem","GM1884",2020-11-05,9,9,9,8,8,8,2020-10-01,1,0,0,1,-100,"&#x2798;",27492,0,0,3.6374217954314
"Dantumadiel","GM1891",2020-11-05,2,2,2,2,2,2,2020-10-01,0,0,0,0,0,"-",18928,0,0,0
"Zuidplas","GM1892",2020-11-05,35,34,32,32,31,26,2020-10-01,9,1,3,4,200,"&#x279A;&#x279A;",44750,2.23463687150838,6.70391061452514,8.93854748603352
"Peel en Maas","GM1894",2020-11-05,146,146,146,145,145,144,2020-10-01,2,0,0,1,-100,"&#x2798;",43561,0,0,2.29563141342026
"Oldambt","GM1895",2020-11-05,10,10,10,10,10,7,2020-10-01,3,0,0,0,0,"-",38274,0,0,0
"Zwartewaterland","GM1896",2020-11-05,35,35,35,35,35,35,2020-10-01,0,0,0,0,0,"-",22755,0,0,0
"Súdwest-Fryslân","GM1900",2020-11-05,23,22,21,21,21,19,2020-10-01,4,1,2,2,200,"&#x279A;&#x279A;",89976,1.11140748644083,2.22281497288166,2.22281497288166
"Bodegraven-Reeuwijk","GM1901",2020-11-05,16,16,15,14,11,8,2020-10-01,8,0,1,5,-75,"&#x2798;",35157,0,2.84438376425747,14.2219188212874
"Eijsden-Margraten","GM1903",2020-11-05,59,59,58,58,57,54,2020-10-01,5,0,1,2,0,"-",25775,0,3.87972841901067,7.75945683802134
"Stichtse Vecht","GM1904",2020-11-05,54,53,47,47,46,39,2020-10-01,15,1,7,8,600,"&#x279A;&#x279A;",65087,1.53640511930186,10.754835835113,12.2912409544149
"Hollands Kroon","GM1911",2020-11-05,29,27,26,26,26,26,2020-10-01,3,2,3,3,300,"&#x279A;&#x279A;",48637,4.11209572958859,6.16814359438288,6.16814359438288
"Leidschendam-Voorburg","GM1916",2020-11-05,42,42,38,38,36,31,2020-10-01,11,0,4,6,100,"&#x279A;",76387,0,5.23649312055716,7.85473968083574
"Goeree-Overflakkee","GM1924",2020-11-05,64,63,58,58,57,56,2020-10-01,8,1,6,7,500,"&#x279A;&#x279A;",50356,1.98586067201525,11.9151640320915,13.9010247041068
"Pijnacker-Nootdorp","GM1926",2020-11-05,33,33,32,32,30,30,2020-10-01,3,0,1,3,-50,"&#x2798;",55360,0,1.80635838150289,5.41907514450867
"Nissewaard","GM1930",2020-11-05,79,79,73,73,68,59,2020-10-01,20,0,6,11,20,"&#x279A;",85173,0,7.04448592863936,12.9148908691722
"Krimpenerwaard","GM1931",2020-11-05,62,60,55,55,52,47,2020-10-01,15,2,7,10,133.333333333333,"&#x279A;&#x279A;",56353,3.54905683814526,12.4216989335084,17.7452841907263
"De Fryske Marren","GM1940",2020-11-05,24,24,23,23,22,17,2020-10-01,7,0,1,2,0,"-",51678,0,1.93505940632377,3.87011881264755
"Gooise Meren","GM1942",2020-11-05,29,29,28,28,27,25,2020-10-01,4,0,1,2,0,"-",58247,0,1.71682661767988,3.43365323535976
"Berg en Dal","GM1945",2020-11-05,42,42,40,40,36,31,2020-10-01,11,0,2,6,-50,"&#x2798;",34972,0,5.71886080292806,17.1565824087842
"Meierijstad","GM1948",2020-11-05,219,219,214,214,212,211,2020-10-01,8,0,5,7,150,"&#x279A;&#x279A;",81467,0,6.13745442940086,8.59243620116121
"Waadhoeke","GM1949",2020-11-05,15,15,15,15,14,13,2020-10-01,2,0,0,1,-100,"&#x2798;",46098,0,0,2.16929150939303
"Westerwolde","GM1950",2020-11-05,12,12,12,12,11,5,2020-10-01,7,0,0,1,-100,"&#x2798;",25719,0,0,3.88817605661184
"Midden-Groningen","GM1952",2020-11-05,10,10,10,10,9,7,2020-10-01,3,0,0,1,-100,"&#x2798;",60720,0,0,1.64690382081686
"Beekdaelen","GM1954",2020-11-05,52,52,52,52,52,52,2020-10-01,0,0,0,0,0,"-",35916,0,0,0
"Montferland","GM1955",2020-11-05,25,25,25,25,24,22,2020-10-01,3,0,0,1,-100,"&#x2798;",36052,0,0,2.77377121934983
"Altena","GM1959",2020-11-05,40,40,39,39,38,33,2020-10-01,7,0,1,2,0,"-",56194,0,1.77954941808734,3.55909883617468
"West Betuwe","GM1960",2020-11-05,57,57,52,52,49,44,2020-10-01,13,0,5,8,66.6666666666667,"&#x279A;",51281,0,9.75019987909752,15.600319806556
"Vijfheerenlanden","GM1961",2020-11-05,50,49,48,48,44,38,2020-10-01,12,1,2,6,-50,"&#x2798;",57525,1.73837461973055,3.4767492394611,10.4302477183833
"Hoeksche Waard","GM1963",2020-11-05,86,85,85,84,82,80,2020-10-01,6,1,1,4,-66.6666666666667,"&#x2798;",87614,1.14137010066884,1.14137010066884,4.56548040267537
"Het Hogeland","GM1966",2020-11-05,7,7,7,7,7,7,2020-10-01,0,0,0,0,0,"-",47878,0,0,0
"Westerkwartier","GM1969",2020-11-05,19,19,19,19,19,14,2020-10-01,5,0,0,0,0,"-",63458,0,0,0
"Noardeast-Fryslân","GM1970",2020-11-05,8,8,7,7,7,7,2020-10-01,1,0,1,1,100,"&#x279A;",45433,0,2.2010432945216,2.2010432945216
"Molenlanden","GM1978",2020-11-05,20,20,20,20,20,20,2020-10-01,0,0,0,0,0,"-",44042,0,0,0
