"municipality","Municipality_code","date","d0","d1","d7","d8","d14","lowest_since_sep1","lowest_since_sep1_date","current","increase_1d","increase_7d","increase_14d","increase_growth","growth","population","rel_increase_1d","rel_increase_7d","rel_increase_14d"
"Netherlands","",2020-10-05,12940,12881,12664,12626,12435,11937,2020-08-01,1003,59,276,505,20.5240174672489,"⬆",17443797,0.338229113764624,1.58222432879722,2.89501190595144
"Unknown","",2020-10-05,77,75,70,69,68,62,2020-08-02,15,2,7,9,250,"⬆⬆",NA,NA,NA,NA
"Appingedam","GM0003",2020-10-05,3,3,3,3,3,3,2020-08-01,0,0,0,0,0,"-",11523,0,0,0
"Delfzijl","GM0010",2020-10-05,6,6,6,6,6,6,2020-08-01,0,0,0,0,0,"-",24609,0,0,0
"Groningen","GM0014",2020-10-05,19,19,18,18,18,18,2020-08-01,1,0,1,1,100,"⬆",231112,0,0.432690643497525,0.432690643497525
"Loppersum","GM0024",2020-10-05,0,0,0,0,0,0,2020-08-01,0,0,0,0,0,"-",9477,0,0,0
"Almere","GM0034",2020-10-05,141,140,137,137,135,126,2020-08-01,15,1,4,6,100,"⬆",213660,0.468033323972667,1.87213329589067,2.808199943836
"Stadskanaal","GM0037",2020-10-05,2,2,2,2,2,2,2020-08-01,0,0,0,0,0,"-",31581,0,0,0
"Veendam","GM0047",2020-10-05,2,2,2,2,2,2,2020-08-01,0,0,0,0,0,"-",27430,0,0,0
"Zeewolde","GM0050",2020-10-05,12,12,12,12,12,12,2020-08-01,0,0,0,0,0,"-",22680,0,0,0
"Achtkarspelen","GM0059",2020-10-05,0,0,0,0,0,0,2020-08-01,0,0,0,0,0,"-",27873,0,0,0
"Ameland","GM0060",2020-10-05,0,0,0,0,0,0,2020-08-01,0,0,0,0,0,"-",3752,0,0,0
"Harlingen","GM0072",2020-10-05,4,4,4,4,4,4,2020-08-01,0,0,0,0,0,"-",15793,0,0,0
"Heerenveen","GM0074",2020-10-05,13,13,13,13,13,13,2020-08-01,0,0,0,0,0,"-",50456,0,0,0
"Leeuwarden","GM0080",2020-10-05,37,37,37,36,35,33,2020-08-01,4,0,0,2,-100,"⬇",123625,0,0,1.61779575328615
"Ooststellingwerf","GM0085",2020-10-05,3,3,3,3,3,3,2020-08-01,0,0,0,0,0,"-",25366,0,0,0
"Opsterland","GM0086",2020-10-05,7,7,7,7,7,7,2020-08-01,0,0,0,0,0,"-",29743,0,0,0
"Schiermonnikoog","GM0088",2020-10-05,0,0,0,0,0,0,2020-08-01,0,0,0,0,0,"-",953,0,0,0
"Smallingerland","GM0090",2020-10-05,9,9,9,9,9,9,2020-08-01,0,0,0,0,0,"-",56181,0,0,0
"Terschelling","GM0093",2020-10-05,0,0,0,0,0,0,2020-08-01,0,0,0,0,0,"-",4807,0,0,0
"Vlieland","GM0096",2020-10-05,0,0,0,0,0,0,2020-08-01,0,0,0,0,0,"-",1190,0,0,0
"Weststellingwerf","GM0098",2020-10-05,3,3,3,3,3,3,2020-08-01,0,0,0,0,0,"-",26018,0,0,0
"Assen","GM0106",2020-10-05,12,12,12,12,12,12,2020-08-01,0,0,0,0,0,"-",68798,0,0,0
"Coevorden","GM0109",2020-10-05,13,13,13,13,13,13,2020-08-01,0,0,0,0,0,"-",35303,0,0,0
"Emmen","GM0114",2020-10-05,24,24,21,21,20,20,2020-08-01,4,0,3,4,200,"⬆⬆",107078,0,2.80169595995443,3.73559461327257
"Hoogeveen","GM0118",2020-10-05,21,20,20,20,20,19,2020-08-01,2,1,1,1,100,"⬆",55566,1.79966166360724,1.79966166360724,1.79966166360724
"Meppel","GM0119",2020-10-05,11,11,11,11,11,11,2020-08-01,0,0,0,0,0,"-",34125,0,0,0
"Almelo","GM0141",2020-10-05,27,27,25,25,23,22,2020-08-26,5,0,2,4,0,"-",73175,0,2.73317389818927,5.46634779637855
"Borne","GM0147",2020-10-05,14,14,14,14,14,14,2020-08-01,0,0,0,0,0,"-",23489,0,0,0
"Dalfsen","GM0148",2020-10-05,16,16,16,16,16,16,2020-08-01,0,0,0,0,0,"-",28837,0,0,0
"Deventer","GM0150",2020-10-05,49,48,48,48,48,47,2020-08-01,2,1,1,1,100,"⬆",100913,0.990952602737011,0.990952602737011,0.990952602737011
"Enschede","GM0153",2020-10-05,59,59,58,58,58,54,2020-08-01,5,0,1,1,100,"⬆",158918,0,0.629255339231553,0.629255339231553
"Haaksbergen","GM0158",2020-10-05,15,15,15,15,14,14,2020-08-01,1,0,0,1,-100,"⬇",24275,0,0,4.11946446961895
"Hardenberg","GM0160",2020-10-05,23,23,23,23,23,23,2020-08-01,0,0,0,0,0,"-",61194,0,0,0
"Hellendoorn","GM0163",2020-10-05,8,8,8,8,8,8,2020-08-01,0,0,0,0,0,"-",35959,0,0,0
"Hengelo","GM0164",2020-10-05,29,28,24,24,24,21,2020-08-01,8,1,5,5,500,"⬆⬆",81047,1.23385196244155,6.16925981220773,6.16925981220773
"Kampen","GM0166",2020-10-05,60,59,59,59,59,59,2020-08-01,1,1,1,1,100,"⬆",54409,1.83793122461357,1.83793122461357,1.83793122461357
"Losser","GM0168",2020-10-05,11,11,9,9,7,7,2020-08-01,4,0,2,4,0,"-",22780,0,8.77963125548727,17.5592625109745
"Noordoostpolder","GM0171",2020-10-05,17,17,17,17,15,14,2020-08-01,3,0,0,2,-100,"⬇",47618,0,0,4.20009240203284
"Oldenzaal","GM0173",2020-10-05,15,15,14,14,13,13,2020-08-01,2,0,1,2,0,"-",31792,0,3.14544539506794,6.29089079013588
"Ommen","GM0175",2020-10-05,9,9,9,9,9,9,2020-08-01,0,0,0,0,0,"-",18179,0,0,0
"Raalte","GM0177",2020-10-05,24,24,24,24,24,24,2020-08-01,0,0,0,0,0,"-",37782,0,0,0
"Staphorst","GM0180",2020-10-05,8,8,8,8,8,8,2020-08-01,0,0,0,0,0,"-",17217,0,0,0
"Tubbergen","GM0183",2020-10-05,12,12,12,12,12,12,2020-08-01,0,0,0,0,0,"-",21271,0,0,0
"Urk","GM0184",2020-10-05,23,23,23,23,23,23,2020-08-01,0,0,0,0,0,"-",21135,0,0,0
"Wierden","GM0189",2020-10-05,7,7,7,7,7,5,2020-08-01,2,0,0,0,0,"-",24474,0,0,0
"Zwolle","GM0193",2020-10-05,53,53,53,53,53,53,2020-08-01,0,0,0,0,0,"-",129213,0,0,0
"Aalten","GM0197",2020-10-05,9,9,9,9,9,9,2020-08-01,0,0,0,0,0,"-",27116,0,0,0
"Apeldoorn","GM0200",2020-10-05,102,102,101,101,99,97,2020-08-01,5,0,1,3,-50,"⬇",164140,0,0.609236018033386,1.82770805410016
"Arnhem","GM0202",2020-10-05,74,74,71,70,69,67,2020-08-01,7,0,3,5,50,"⬆",161961,0,1.85229777539037,3.08716295898395
"Barneveld","GM0203",2020-10-05,19,18,18,18,18,18,2020-08-01,1,1,1,1,100,"⬆",59676,1.67571553053154,1.67571553053154,1.67571553053154
"Beuningen","GM0209",2020-10-05,19,19,19,19,19,19,2020-08-01,0,0,0,0,0,"-",26054,0,0,0
"Brummen","GM0213",2020-10-05,18,18,18,18,18,18,2020-08-01,0,0,0,0,0,"-",20838,0,0,0
"Buren","GM0214",2020-10-05,18,17,17,17,17,17,2020-08-01,1,1,1,1,100,"⬆",27021,3.70082528403834,3.70082528403834,3.70082528403834
"Culemborg","GM0216",2020-10-05,24,24,24,25,22,21,2020-08-01,3,0,0,2,-100,"⬇",29020,0,0,6.89179875947622
"Doesburg","GM0221",2020-10-05,9,9,9,9,9,9,2020-08-01,0,0,0,0,0,"-",11028,0,0,0
"Doetinchem","GM0222",2020-10-05,27,27,27,27,27,26,2020-08-01,1,0,0,0,0,"-",58104,0,0,0
"Druten","GM0225",2020-10-05,25,25,25,25,25,25,2020-08-01,0,0,0,0,0,"-",18973,0,0,0
"Duiven","GM0226",2020-10-05,14,14,14,14,14,14,2020-08-01,0,0,0,0,0,"-",25062,0,0,0
"Ede","GM0228",2020-10-05,59,59,57,57,57,53,2020-08-01,6,0,2,2,200,"⬆⬆",117966,0,1.69540376040554,1.69540376040554
"Elburg","GM0230",2020-10-05,28,28,28,28,28,28,2020-08-01,0,0,0,0,0,"-",23343,0,0,0
"Epe","GM0232",2020-10-05,49,49,49,49,48,48,2020-08-01,1,0,0,1,-100,"⬇",33171,0,0,3.01468149889964
"Ermelo","GM0233",2020-10-05,33,33,33,33,33,33,2020-08-01,0,0,0,0,0,"-",26991,0,0,0
"Harderwijk","GM0243",2020-10-05,44,44,44,44,43,42,2020-08-01,2,0,0,1,-100,"⬇",48623,0,0,2.0566398617938
"Hattem","GM0244",2020-10-05,18,18,18,18,18,16,2020-08-01,2,0,0,0,0,"-",12241,0,0,0
"Heerde","GM0246",2020-10-05,55,55,55,55,55,55,2020-08-01,0,0,0,0,0,"-",18645,0,0,0
"Heumen","GM0252",2020-10-05,18,18,19,18,17,17,2020-08-01,1,0,-1,1,-150,"⬇",16589,0,-6.02809090361083,6.02809090361083
"Lochem","GM0262",2020-10-05,16,16,16,16,15,15,2020-08-01,1,0,0,1,-100,"⬇",33847,0,0,2.95447159275564
"Maasdriel","GM0263",2020-10-05,15,15,15,15,15,15,2020-08-01,0,0,0,0,0,"-",25434,0,0,0
"Nijkerk","GM0267",2020-10-05,22,22,22,22,22,22,2020-08-01,0,0,0,0,0,"-",43417,0,0,0
"Nijmegen","GM0268",2020-10-05,145,145,140,137,135,128,2020-08-01,17,0,5,10,0,"-",176669,0,2.83015129988849,5.66030259977698
"Oldebroek","GM0269",2020-10-05,40,40,40,40,40,40,2020-08-01,0,0,0,0,0,"-",23670,0,0,0
"Putten","GM0273",2020-10-05,10,10,10,10,10,10,2020-08-01,0,0,0,0,0,"-",24220,0,0,0
"Renkum","GM0274",2020-10-05,14,14,14,14,14,14,2020-08-01,0,0,0,0,0,"-",31401,0,0,0
"Rheden","GM0275",2020-10-05,34,34,34,34,34,34,2020-08-01,0,0,0,0,0,"-",43565,0,0,0
"Rozendaal","GM0277",2020-10-05,1,1,1,1,1,1,2020-08-01,0,0,0,0,0,"-",1697,0,0,0
"Scherpenzeel","GM0279",2020-10-05,4,4,4,4,4,4,2020-08-01,0,0,0,0,0,"-",10000,0,0,0
"Tiel","GM0281",2020-10-05,43,43,43,43,43,42,2020-08-01,1,0,0,0,0,"-",41962,0,0,0
"Voorst","GM0285",2020-10-05,17,17,17,17,17,17,2020-08-01,0,0,0,0,0,"-",24702,0,0,0
"Wageningen","GM0289",2020-10-05,21,21,20,20,20,20,2020-08-01,1,0,1,1,100,"⬆",39134,0,2.55532273726172,2.55532273726172
"Westervoort","GM0293",2020-10-05,12,12,12,12,12,12,2020-08-01,0,0,0,0,0,"-",15013,0,0,0
"Winterswijk","GM0294",2020-10-05,7,7,7,7,7,7,2020-08-01,0,0,0,0,0,"-",28893,0,0,0
"Wijchen","GM0296",2020-10-05,45,44,44,44,44,44,2020-08-01,1,1,1,1,100,"⬆",41179,2.42842225406154,2.42842225406154,2.42842225406154
"Zaltbommel","GM0297",2020-10-05,21,21,21,21,21,20,2020-08-01,1,0,0,0,0,"-",29225,0,0,0
"Zevenaar","GM0299",2020-10-05,49,49,48,46,45,45,2020-08-01,4,0,1,4,-66.6666666666667,"⬇",44011,0,2.27215923291904,9.08863693167617
"Zutphen","GM0301",2020-10-05,31,31,31,31,31,30,2020-08-01,1,0,0,0,0,"-",48077,0,0,0
"Nunspeet","GM0302",2020-10-05,57,56,55,55,55,55,2020-08-01,2,1,2,2,200,"⬆⬆",27862,3.58911779484603,7.17823558969205,7.17823558969205
"Dronten","GM0303",2020-10-05,32,32,30,30,30,30,2020-08-01,2,0,2,2,200,"⬆⬆",41677,0,4.798809895146,4.798809895146
"Amersfoort","GM0307",2020-10-05,78,78,77,76,71,62,2020-08-01,16,0,1,7,-83.3333333333333,"⬇",157521,0,0.634835990121952,4.44385193085366
"Baarn","GM0308",2020-10-05,12,12,12,12,12,11,2020-08-01,1,0,0,0,0,"-",24823,0,0,0
"De Bilt","GM0310",2020-10-05,29,29,29,29,28,27,2020-08-01,2,0,0,1,-100,"⬇",43190,0,0,2.31535077564251
"Bunnik","GM0312",2020-10-05,10,10,10,10,9,9,2020-08-01,1,0,0,1,-100,"⬇",15262,0,0,6.55222120298781
"Bunschoten","GM0313",2020-10-05,12,12,11,10,10,9,2020-08-01,3,0,1,2,0,"-",21930,0,4.55996352029184,9.11992704058368
"Eemnes","GM0317",2020-10-05,2,2,2,2,2,2,2020-08-01,0,0,0,0,0,"-",9323,0,0,0
"Houten","GM0321",2020-10-05,27,27,26,26,25,24,2020-08-01,3,0,1,2,0,"-",50290,0,1.98846689202625,3.9769337840525
"Leusden","GM0327",2020-10-05,9,9,9,9,9,9,2020-08-01,0,0,0,0,0,"-",30486,0,0,0
"Lopik","GM0331",2020-10-05,20,20,20,20,20,19,2020-08-01,1,0,0,0,0,"-",14483,0,0,0
"Montfoort","GM0335",2020-10-05,15,15,14,14,14,13,2020-08-01,2,0,1,1,100,"⬆",13889,0,7.1999424004608,7.1999424004608
"Renswoude","GM0339",2020-10-05,5,5,5,5,5,5,2020-08-01,0,0,0,0,0,"-",5517,0,0,0
"Rhenen","GM0340",2020-10-05,11,11,11,11,11,11,2020-08-01,0,0,0,0,0,"-",20086,0,0,0
"Soest","GM0342",2020-10-05,24,24,24,24,24,24,2020-08-01,0,0,0,0,0,"-",46842,0,0,0
"Utrecht","GM0344",2020-10-05,303,303,291,291,287,270,2020-08-01,33,0,12,16,200,"⬆⬆",357667,0,3.35507609032983,4.47343478710644
"Veenendaal","GM0345",2020-10-05,50,50,49,49,49,47,2020-08-01,3,0,1,1,100,"⬆",66918,0,1.49436623927792,1.49436623927792
"Woudenberg","GM0351",2020-10-05,10,10,10,9,9,9,2020-08-01,1,0,0,1,-100,"⬇",13568,0,0,7.37028301886792
"Wijk bij Duurstede","GM0352",2020-10-05,10,10,10,10,10,10,2020-08-01,0,0,0,0,0,"-",23901,0,0,0
"IJsselstein","GM0353",2020-10-05,36,36,36,36,36,36,2020-08-01,0,0,0,0,0,"-",33851,0,0,0
"Zeist","GM0355",2020-10-05,38,38,38,38,38,37,2020-08-01,1,0,0,0,0,"-",64883,0,0,0
"Nieuwegein","GM0356",2020-10-05,46,46,45,45,45,44,2020-08-01,2,0,1,1,100,"⬆",63690,0,1.5701051970482,1.5701051970482
"Aalsmeer","GM0358",2020-10-05,10,10,9,9,9,9,2020-08-01,1,0,1,1,100,"⬆",31927,0,3.13214520625176,3.13214520625176
"Alkmaar","GM0361",2020-10-05,57,57,57,57,56,54,2020-08-01,3,0,0,1,-100,"⬇",109751,0,0,0.91115342912593
"Amstelveen","GM0362",2020-10-05,69,69,66,66,62,58,2020-08-01,11,0,3,7,-25,"⬇",90705,0,3.30742516950554,7.71732539551293
"Amsterdam","GM0363",2020-10-05,792,780,754,748,715,631,2020-08-01,161,12,38,77,-2.56410256410257,"⬇",869709,1.37977185472382,4.36927753995877,8.85353606781119
"Beemster","GM0370",2020-10-05,4,4,4,4,4,4,2020-08-01,0,0,0,0,0,"-",10019,0,0,0
"Bergen (NH.)","GM0373",2020-10-05,21,21,19,18,17,16,2020-08-01,5,0,2,4,0,"-",29762,0,6.71997849606881,13.4399569921376
"Beverwijk","GM0375",2020-10-05,15,15,15,15,15,15,2020-08-01,0,0,0,0,0,"-",41752,0,0,0
"Blaricum","GM0376",2020-10-05,8,8,8,8,8,8,2020-08-01,0,0,0,0,0,"-",11799,0,0,0
"Bloemendaal","GM0377",2020-10-05,7,7,7,7,7,7,2020-08-01,0,0,0,0,0,"-",23566,0,0,0
"Castricum","GM0383",2020-10-05,16,16,15,15,15,15,2020-08-01,1,0,1,1,100,"⬆",36124,0,2.76824271952165,2.76824271952165
"Diemen","GM0384",2020-10-05,20,20,18,18,17,17,2020-08-01,3,0,2,3,100,"⬆",31206,0,6.40902390565917,9.61353585848875
"Edam-Volendam","GM0385",2020-10-05,28,27,26,26,25,25,2020-08-01,3,1,2,3,100,"⬆",36190,2.76319425255595,5.52638850511191,8.28958275766786
"Enkhuizen","GM0388",2020-10-05,18,18,18,18,18,18,2020-08-01,0,0,0,0,0,"-",18658,0,0,0
"Haarlem","GM0392",2020-10-05,76,76,72,69,68,61,2020-08-01,15,0,4,8,0,"-",162962,0,2.45455995876339,4.90911991752679
"Haarlemmermeer","GM0394",2020-10-05,77,77,76,76,75,68,2020-08-01,9,0,1,2,0,"-",157115,0,0.636476466282659,1.27295293256532
"Heemskerk","GM0396",2020-10-05,31,31,31,31,30,28,2020-08-01,3,0,0,1,-100,"⬇",39230,0,0,2.5490695895998
"Heemstede","GM0397",2020-10-05,13,13,12,12,11,11,2020-08-01,2,0,1,2,0,"-",27341,0,3.65751069821879,7.31502139643758
"Heerhugowaard","GM0398",2020-10-05,27,27,27,27,27,27,2020-08-01,0,0,0,0,0,"-",58018,0,0,0
"Heiloo","GM0399",2020-10-05,11,11,11,11,10,9,2020-08-01,2,0,0,1,-100,"⬇",24100,0,0,4.149377593361
"Den Helder","GM0400",2020-10-05,13,13,13,13,13,12,2020-08-01,1,0,0,0,0,"-",56388,0,0,0
"Hilversum","GM0402",2020-10-05,37,37,37,36,36,33,2020-08-01,4,0,0,1,-100,"⬇",91110,0,0,1.09757436066293
"Hoorn","GM0405",2020-10-05,36,36,36,36,35,35,2020-08-01,1,0,0,1,-100,"⬇",73360,0,0,1.36314067611778
"Huizen","GM0406",2020-10-05,24,24,23,23,23,22,2020-08-01,2,0,1,1,100,"⬆",41104,0,2.43285325029194,2.43285325029194
"Landsmeer","GM0415",2020-10-05,3,3,3,3,3,3,2020-08-01,0,0,0,0,0,"-",11573,0,0,0
"Langedijk","GM0416",2020-10-05,17,17,17,16,16,16,2020-08-01,1,0,0,1,-100,"⬇",28214,0,0,3.54433968951584
"Laren","GM0417",2020-10-05,8,8,8,8,8,8,2020-08-01,0,0,0,0,0,"-",11355,0,0,0
"Medemblik","GM0420",2020-10-05,19,19,19,19,19,19,2020-08-01,0,0,0,0,0,"-",45138,0,0,0
"Oostzaan","GM0431",2020-10-05,12,12,10,10,10,10,2020-08-01,2,0,2,2,200,"⬆⬆",9682,0,20.6568890725057,20.6568890725057
"Opmeer","GM0432",2020-10-05,1,1,1,1,1,1,2020-08-01,0,0,0,0,0,"-",11967,0,0,0
"Ouder-Amstel","GM0437",2020-10-05,6,6,6,5,5,5,2020-08-01,1,0,0,1,-100,"⬇",14065,0,0,7.10984713828653
"Purmerend","GM0439",2020-10-05,74,74,72,72,71,66,2020-08-01,8,0,2,3,100,"⬆",81775,0,2.44573524915928,3.66860287373892
"Schagen","GM0441",2020-10-05,19,19,19,18,18,18,2020-08-01,1,0,0,1,-100,"⬇",46459,0,0,2.15243548074646
"Texel","GM0448",2020-10-05,5,5,5,5,5,5,2020-08-01,0,0,0,0,0,"-",13643,0,0,0
"Uitgeest","GM0450",2020-10-05,5,5,5,5,5,5,2020-08-01,0,0,0,0,0,"-",13643,0,0,0
"Uithoorn","GM0451",2020-10-05,18,18,17,17,17,16,2020-08-01,2,0,1,1,100,"⬆",29817,0,3.35379146124694,3.35379146124694
"Velsen","GM0453",2020-10-05,36,36,33,33,33,32,2020-08-01,4,0,3,3,300,"⬆⬆",68713,0,4.36598605795119,4.36598605795119
"Weesp","GM0457",2020-10-05,9,9,9,9,9,9,2020-08-01,0,0,0,0,0,"-",20219,0,0,0
"Zandvoort","GM0473",2020-10-05,12,12,10,10,10,10,2020-08-01,2,0,2,2,200,"⬆⬆",17116,0,11.6849731245618,11.6849731245618
"Zaanstad","GM0479",2020-10-05,133,133,131,131,127,119,2020-08-01,14,0,2,6,-50,"⬇",156907,0,1.27464039207938,3.82392117623815
"Alblasserdam","GM0482",2020-10-05,11,11,11,11,11,10,2020-08-01,1,0,0,0,0,"-",20221,0,0,0
"Alphen aan den Rijn","GM0484",2020-10-05,70,69,68,68,65,62,2020-08-01,8,1,2,5,-33.3333333333333,"⬇",112343,0.890131116313433,1.78026223262687,4.45065558156717
"Barendrecht","GM0489",2020-10-05,40,40,40,40,40,40,2020-08-01,0,0,0,0,0,"-",48654,0,0,0
"Drechterland","GM0498",2020-10-05,5,5,5,5,5,5,2020-08-01,0,0,0,0,0,"-",19775,0,0,0
"Brielle","GM0501",2020-10-05,12,12,12,12,12,11,2020-08-01,1,0,0,0,0,"-",17378,0,0,0
"Capelle aan den IJssel","GM0502",2020-10-05,59,59,58,58,58,54,2020-08-01,5,0,1,1,100,"⬆",67142,0,1.4893807154985,1.4893807154985
"Delft","GM0503",2020-10-05,41,41,40,40,38,38,2020-08-01,3,0,1,3,-50,"⬇",103037,0,0.970525151159292,2.91157545347788
"Dordrecht","GM0505",2020-10-05,96,96,95,95,94,85,2020-08-01,11,0,1,2,0,"-",119342,0,0.837927971711552,1.6758559434231
"Gorinchem","GM0512",2020-10-05,19,19,19,19,19,18,2020-08-01,1,0,0,0,0,"-",37372,0,0,0
"Gouda","GM0513",2020-10-05,49,48,48,48,46,43,2020-08-01,6,1,1,3,-50,"⬇",73540,1.3598041881969,1.3598041881969,4.0794125645907
"'s-Gravenhage","GM0518",2020-10-05,456,447,420,416,387,345,2020-08-01,111,9,36,69,9.09090909090908,"⬆",545863,1.64876534954741,6.59506139818965,12.6405343465302
"Hardinxveld-Giessendam","GM0523",2020-10-05,2,2,2,2,2,2,2020-08-01,0,0,0,0,0,"-",18460,0,0,0
"Hellevoetsluis","GM0530",2020-10-05,16,16,16,16,16,16,2020-08-01,0,0,0,0,0,"-",40198,0,0,0
"Hendrik-Ido-Ambacht","GM0531",2020-10-05,13,13,12,12,12,10,2020-08-01,3,0,1,1,100,"⬆",31311,0,3.19376576921849,3.19376576921849
"Stede Broec","GM0532",2020-10-05,18,18,18,18,18,18,2020-08-01,0,0,0,0,0,"-",21773,0,0,0
"Hillegom","GM0534",2020-10-05,8,8,8,8,8,8,2020-08-01,0,0,0,0,0,"-",22210,0,0,0
"Katwijk","GM0537",2020-10-05,36,34,32,32,32,31,2020-08-01,5,2,4,4,400,"⬆⬆",65929,3.03356641235268,6.06713282470536,6.06713282470536
"Krimpen aan den IJssel","GM0542",2020-10-05,12,12,12,11,11,10,2020-08-01,2,0,0,1,-100,"⬇",29452,0,0,3.39535515414912
"Leiden","GM0546",2020-10-05,47,47,46,46,45,40,2020-08-01,7,0,1,2,0,"-",123655,0,0.808701629533784,1.61740325906757
"Leiderdorp","GM0547",2020-10-05,15,15,14,14,14,14,2020-08-01,1,0,1,1,100,"⬆",27304,0,3.66246703779666,3.66246703779666
"Lisse","GM0553",2020-10-05,9,8,8,8,8,8,2020-08-01,1,1,1,1,100,"⬆",22983,4.35104207457686,4.35104207457686,4.35104207457686
"Maassluis","GM0556",2020-10-05,23,23,23,23,23,20,2020-08-01,3,0,0,0,0,"-",33336,0,0,0
"Nieuwkoop","GM0569",2020-10-05,9,9,9,9,9,9,2020-08-01,0,0,0,0,0,"-",29021,0,0,0
"Noordwijk","GM0575",2020-10-05,21,21,20,20,20,19,2020-08-01,2,0,1,1,100,"⬆",43733,0,2.28660279422861,2.28660279422861
"Oegstgeest","GM0579",2020-10-05,10,9,8,8,8,8,2020-08-01,2,1,2,2,200,"⬆⬆",24972,4.00448502322601,8.00897004645203,8.00897004645203
"Oudewater","GM0589",2020-10-05,26,26,26,26,26,26,2020-08-01,0,0,0,0,0,"-",10178,0,0,0
"Papendrecht","GM0590",2020-10-05,9,9,9,9,9,9,2020-08-01,0,0,0,0,0,"-",32095,0,0,0
"Ridderkerk","GM0597",2020-10-05,40,40,40,39,39,37,2020-08-01,3,0,0,1,-100,"⬇",46576,0,0,2.14702851253865
"Rotterdam","GM0599",2020-10-05,662,654,636,636,621,532,2020-08-01,130,8,26,41,73.3333333333333,"⬆",650459,1.2299007316372,3.99717737782089,6.30324124964064
"Rijswijk","GM0603",2020-10-05,44,43,42,42,41,36,2020-08-01,8,1,2,3,100,"⬆",54855,1.82298787713062,3.64597575426123,5.46896363139185
"Schiedam","GM0606",2020-10-05,64,63,63,63,62,58,2020-08-01,6,1,1,2,0,"-",79003,1.26577471741579,1.26577471741579,2.53154943483159
"Sliedrecht","GM0610",2020-10-05,9,9,9,9,9,9,2020-08-01,0,0,0,0,0,"-",25350,0,0,0
"Albrandswaard","GM0613",2020-10-05,16,16,14,14,14,14,2020-08-01,2,0,2,2,200,"⬆⬆",25896,0,7.72320049428483,7.72320049428483
"Westvoorne","GM0614",2020-10-05,6,6,6,6,6,6,2020-08-01,0,0,0,0,0,"-",14863,0,0,0
"Vlaardingen","GM0622",2020-10-05,49,49,47,47,46,43,2020-08-01,6,0,2,3,100,"⬆",73758,0,2.71157027034356,4.06735540551533
"Voorschoten","GM0626",2020-10-05,9,9,9,9,9,9,2020-08-01,0,0,0,0,0,"-",25602,0,0,0
"Waddinxveen","GM0627",2020-10-05,19,19,18,18,18,18,2020-08-01,1,0,1,1,100,"⬆",29906,0,3.34381060656724,3.34381060656724
"Wassenaar","GM0629",2020-10-05,10,10,10,10,10,9,2020-08-01,1,0,0,0,0,"-",26490,0,0,0
"Woerden","GM0632",2020-10-05,53,53,53,53,52,49,2020-08-01,4,0,0,1,-100,"⬇",52558,0,0,1.90265991856616
"Zoetermeer","GM0637",2020-10-05,59,59,58,57,56,53,2020-08-01,6,0,1,3,-50,"⬇",125247,0,0.798422317500619,2.39526695250186
"Zoeterwoude","GM0638",2020-10-05,3,3,3,3,3,3,2020-08-01,0,0,0,0,0,"-",8759,0,0,0
"Zwijndrecht","GM0642",2020-10-05,27,27,27,27,26,23,2020-08-01,4,0,0,1,-100,"⬇",44641,0,0,2.24009318787662
"Borsele","GM0654",2020-10-05,5,5,5,5,5,5,2020-08-01,0,0,0,0,0,"-",22762,0,0,0
"Goes","GM0664",2020-10-05,12,12,12,12,12,11,2020-08-01,1,0,0,0,0,"-",38423,0,0,0
"West Maas en Waal","GM0668",2020-10-05,21,21,21,21,21,20,2020-08-01,1,0,0,0,0,"-",19436,0,0,0
"Hulst","GM0677",2020-10-05,9,9,9,9,9,9,2020-08-01,0,0,0,0,0,"-",27631,0,0,0
"Kapelle","GM0678",2020-10-05,3,3,3,3,3,3,2020-08-01,0,0,0,0,0,"-",12808,0,0,0
"Middelburg","GM0687",2020-10-05,19,19,19,19,19,18,2020-08-01,1,0,0,0,0,"-",48766,0,0,0
"Reimerswaal","GM0703",2020-10-05,5,5,5,5,5,4,2020-08-01,1,0,0,0,0,"-",22843,0,0,0
"Terneuzen","GM0715",2020-10-05,25,25,25,25,25,25,2020-08-01,0,0,0,0,0,"-",54476,0,0,0
"Tholen","GM0716",2020-10-05,40,40,40,40,40,40,2020-08-01,0,0,0,0,0,"-",25894,0,0,0
"Veere","GM0717",2020-10-05,6,6,6,6,6,6,2020-08-01,0,0,0,0,0,"-",21974,0,0,0
"Vlissingen","GM0718",2020-10-05,9,9,9,9,9,9,2020-08-01,0,0,0,0,0,"-",44132,0,0,0
"De Ronde Venen","GM0736",2020-10-05,40,40,40,40,39,39,2020-08-01,1,0,0,1,-100,"⬇",44636,0,0,2.24034411685635
"Tytsjerksteradiel","GM0737",2020-10-05,6,5,5,4,4,4,2020-08-01,2,1,1,2,0,"-",32079,3.11730415536644,3.11730415536644,6.23460831073288
"Asten","GM0743",2020-10-05,18,18,18,18,18,18,2020-08-01,0,0,0,0,0,"-",16718,0,0,0
"Baarle-Nassau","GM0744",2020-10-05,9,9,9,9,9,9,2020-08-01,0,0,0,0,0,"-",6876,0,0,0
"Bergen op Zoom","GM0748",2020-10-05,31,31,27,27,27,25,2020-08-01,6,0,4,4,400,"⬆⬆",67667,0,5.91130092955207,5.91130092955207
"Best","GM0753",2020-10-05,31,31,31,31,31,31,2020-08-01,0,0,0,0,0,"-",30073,0,0,0
"Boekel","GM0755",2020-10-05,34,34,34,34,34,34,2020-08-01,0,0,0,0,0,"-",10872,0,0,0
"Boxmeer","GM0756",2020-10-05,20,20,20,20,20,20,2020-08-01,0,0,0,0,0,"-",29465,0,0,0
"Boxtel","GM0757",2020-10-05,24,24,24,24,24,24,2020-08-01,0,0,0,0,0,"-",30807,0,0,0
"Breda","GM0758",2020-10-05,153,151,151,150,147,146,2020-08-01,7,2,2,6,-50,"⬇",183790,1.0881984874041,1.0881984874041,3.26459546221231
"Deurne","GM0762",2020-10-05,56,56,56,56,56,55,2020-08-01,1,0,0,0,0,"-",32466,0,0,0
"Pekela","GM0765",2020-10-05,4,4,4,4,4,4,2020-08-01,0,0,0,0,0,"-",12172,0,0,0
"Dongen","GM0766",2020-10-05,20,20,20,20,20,20,2020-08-01,0,0,0,0,0,"-",26345,0,0,0
"Eersel","GM0770",2020-10-05,27,27,27,27,27,27,2020-08-01,0,0,0,0,0,"-",19418,0,0,0
"Eindhoven","GM0772",2020-10-05,185,185,185,185,185,182,2020-08-01,3,0,0,0,0,"-",233983,0,0,0
"Etten-Leur","GM0777",2020-10-05,43,43,43,43,43,41,2020-08-01,2,0,0,0,0,"-",43896,0,0,0
"Geertruidenberg","GM0779",2020-10-05,12,12,12,12,12,11,2020-08-01,1,0,0,0,0,"-",21670,0,0,0
"Gilze en Rijen","GM0784",2020-10-05,20,20,20,20,20,20,2020-08-01,0,0,0,0,0,"-",26551,0,0,0
"Goirle","GM0785",2020-10-05,32,32,32,32,32,32,2020-08-01,0,0,0,0,0,"-",23823,0,0,0
"Grave","GM0786",2020-10-05,21,21,21,21,21,21,2020-08-01,0,0,0,0,0,"-",12452,0,0,0
"Haaren","GM0788",2020-10-05,19,19,18,18,18,18,2020-08-01,1,0,1,1,100,"⬆",14316,0,6.9851913942442,6.9851913942442
"Helmond","GM0794",2020-10-05,118,118,118,118,118,115,2020-08-01,3,0,0,0,0,"-",92420,0,0,0
"'s-Hertogenbosch","GM0796",2020-10-05,136,135,133,132,131,128,2020-08-01,8,1,3,5,50,"⬆",155409,0.643463377281882,1.93039013184565,3.21731688640941
"Heusden","GM0797",2020-10-05,45,45,45,45,45,45,2020-08-01,0,0,0,0,0,"-",44897,0,0,0
"Hilvarenbeek","GM0798",2020-10-05,10,10,10,10,10,9,2020-08-01,1,0,0,0,0,"-",15617,0,0,0
"Loon op Zand","GM0809",2020-10-05,27,27,27,27,25,24,2020-08-01,3,0,0,2,-100,"⬇",23466,0,0,8.52296940253984
"Mill en Sint Hubert","GM0815",2020-10-05,9,9,9,9,9,9,2020-08-01,0,0,0,0,0,"-",11007,0,0,0
"Nuenen, Gerwen en Nederwetten","GM0820",2020-10-05,18,18,18,18,18,18,2020-08-01,0,0,0,0,0,"-",23526,0,0,0
"Oirschot","GM0823",2020-10-05,13,13,13,13,13,13,2020-08-01,0,0,0,0,0,"-",18832,0,0,0
"Oisterwijk","GM0824",2020-10-05,24,24,24,24,23,23,2020-08-01,1,0,0,1,-100,"⬇",26344,0,0,3.7959307622229
"Oosterhout","GM0826",2020-10-05,50,50,50,50,50,48,2020-08-01,2,0,0,0,0,"-",56232,0,0,0
"Oss","GM0828",2020-10-05,169,168,167,167,167,165,2020-08-01,4,1,2,2,200,"⬆⬆",92229,1.08425766299103,2.16851532598207,2.16851532598207
"Rucphen","GM0840",2020-10-05,10,10,10,10,10,10,2020-08-01,0,0,0,0,0,"-",23009,0,0,0
"Sint-Michielsgestel","GM0845",2020-10-05,36,36,36,36,36,36,2020-08-01,0,0,0,0,0,"-",29422,0,0,0
"Someren","GM0847",2020-10-05,33,33,33,33,33,33,2020-08-01,0,0,0,0,0,"-",19331,0,0,0
"Son en Breugel","GM0848",2020-10-05,31,31,31,31,31,31,2020-08-01,0,0,0,0,0,"-",17465,0,0,0
"Steenbergen","GM0851",2020-10-05,13,13,13,13,13,13,2020-08-01,0,0,0,0,0,"-",24302,0,0,0
"Waterland","GM0852",2020-10-05,16,16,16,16,16,16,2020-08-01,0,0,0,0,0,"-",17393,0,0,0
"Tilburg","GM0855",2020-10-05,257,257,256,256,254,250,2020-08-01,7,0,1,3,-50,"⬇",219599,0,0.455375479851912,1.36612643955574
"Uden","GM0856",2020-10-05,115,115,115,115,115,115,2020-08-01,0,0,0,0,0,"-",42163,0,0,0
"Valkenswaard","GM0858",2020-10-05,19,19,19,19,19,19,2020-08-01,0,0,0,0,0,"-",31230,0,0,0
"Veldhoven","GM0861",2020-10-05,31,31,31,31,31,31,2020-08-01,0,0,0,0,0,"-",45625,0,0,0
"Vught","GM0865",2020-10-05,43,43,43,43,43,42,2020-08-01,1,0,0,0,0,"-",26709,0,0,0
"Waalre","GM0866",2020-10-05,7,7,7,7,7,7,2020-08-01,0,0,0,0,0,"-",17518,0,0,0
"Waalwijk","GM0867",2020-10-05,39,39,38,38,37,36,2020-08-01,3,0,1,2,0,"-",48754,0,2.05111375476884,4.10222750953768
"Woensdrecht","GM0873",2020-10-05,6,6,6,6,6,5,2020-08-01,1,0,0,0,0,"-",21954,0,0,0
"Zundert","GM0879",2020-10-05,24,24,24,24,24,24,2020-08-01,0,0,0,0,0,"-",22141,0,0,0
"Wormerland","GM0880",2020-10-05,20,20,20,20,20,20,2020-08-01,0,0,0,0,0,"-",16203,0,0,0
"Landgraaf","GM0882",2020-10-05,52,52,52,52,52,52,2020-08-01,0,0,0,0,0,"-",37267,0,0,0
"Beek","GM0888",2020-10-05,16,16,17,17,17,16,2020-08-01,0,0,-1,-1,-100,"⬇",15889,0,-6.29366228208194,-6.29366228208194
"Beesel","GM0889",2020-10-05,20,20,20,20,20,20,2020-08-01,0,0,0,0,0,"-",13439,0,0,0
"Bergen (L.)","GM0893",2020-10-05,7,7,7,7,7,7,2020-08-01,0,0,0,0,0,"-",13089,0,0,0
"Brunssum","GM0899",2020-10-05,46,46,46,46,45,44,2020-08-01,2,0,0,1,-100,"⬇",27709,0,0,3.60893572485474
"Gennep","GM0907",2020-10-05,17,17,17,17,16,16,2020-08-01,1,0,0,1,-100,"⬇",16968,0,0,5.89344648750589
"Heerlen","GM0917",2020-10-05,126,126,126,126,126,125,2020-08-01,1,0,0,0,0,"-",86915,0,0,0
"Kerkrade","GM0928",2020-10-05,64,64,64,64,64,64,2020-08-01,0,0,0,0,0,"-",45527,0,0,0
"Maastricht","GM0935",2020-10-05,193,193,192,191,190,186,2020-08-01,7,0,1,3,-50,"⬇",118636,0,0.842914461040494,2.52874338312148
"Meerssen","GM0938",2020-10-05,22,22,22,22,22,22,2020-08-01,0,0,0,0,0,"-",18759,0,0,0
"Mook en Middelaar","GM0944",2020-10-05,7,7,6,6,6,6,2020-08-01,1,0,1,1,100,"⬆",7879,0,12.6919659855312,12.6919659855312
"Nederweert","GM0946",2020-10-05,31,31,31,31,31,31,2020-08-01,0,0,0,0,0,"-",17086,0,0,0
"Roermond","GM0957",2020-10-05,61,61,61,61,60,59,2020-08-01,2,0,0,1,-100,"⬇",58620,0,0,1.70590242238144
"Simpelveld","GM0965",2020-10-05,19,19,19,19,19,19,2020-08-01,0,0,0,0,0,"-",10515,0,0,0
"Stein","GM0971",2020-10-05,44,44,44,43,43,43,2020-08-01,1,0,0,1,-100,"⬇",24935,0,0,4.01042711048727
"Vaals","GM0981",2020-10-05,10,10,10,10,10,10,2020-08-01,0,0,0,0,0,"-",10055,0,0,0
"Venlo","GM0983",2020-10-05,135,135,134,134,132,129,2020-08-01,6,0,1,3,-50,"⬇",101853,0,0.981807114174349,2.94542134252305
"Venray","GM0984",2020-10-05,37,37,37,37,37,37,2020-08-01,0,0,0,0,0,"-",43707,0,0,0
"Voerendaal","GM0986",2020-10-05,17,17,17,17,17,17,2020-08-01,0,0,0,0,0,"-",12459,0,0,0
"Weert","GM0988",2020-10-05,68,68,67,67,67,67,2020-08-01,1,0,1,1,100,"⬆",50109,0,1.99564948412461,1.99564948412461
"Valkenburg aan de Geul","GM0994",2020-10-05,19,19,19,19,19,19,2020-08-01,0,0,0,0,0,"-",16399,0,0,0
"Lelystad","GM0995",2020-10-05,70,69,67,67,67,63,2020-08-01,7,1,3,3,300,"⬆⬆",79284,1.26128853236466,3.78386559709399,3.78386559709399
"Horst aan de Maas","GM1507",2020-10-05,41,41,41,41,41,41,2020-08-01,0,0,0,0,0,"-",42416,0,0,0
"Oude IJsselstreek","GM1509",2020-10-05,21,21,21,21,21,21,2020-08-01,0,0,0,0,0,"-",39331,0,0,0
"Teylingen","GM1525",2020-10-05,16,15,15,15,15,14,2020-08-01,2,1,1,1,100,"⬆",37655,2.65568981542956,2.65568981542956,2.65568981542956
"Utrechtse Heuvelrug","GM1581",2020-10-05,29,29,29,29,29,28,2020-08-01,1,0,0,0,0,"-",49784,0,0,0
"Oost Gelre","GM1586",2020-10-05,18,18,18,18,18,18,2020-08-01,0,0,0,0,0,"-",29644,0,0,0
"Koggenland","GM1598",2020-10-05,7,7,7,7,6,6,2020-08-01,1,0,0,1,-100,"⬇",22864,0,0,4.37368789363191
"Lansingerland","GM1621",2020-10-05,44,44,43,43,43,43,2020-08-01,1,0,1,1,100,"⬆",62882,0,1.59028020737254,1.59028020737254
"Leudal","GM1640",2020-10-05,54,54,54,54,54,53,2020-08-01,1,0,0,0,0,"-",35999,0,0,0
"Maasgouw","GM1641",2020-10-05,28,28,28,28,28,27,2020-08-01,1,0,0,0,0,"-",23936,0,0,0
"Gemert-Bakel","GM1652",2020-10-05,79,79,79,79,79,79,2020-08-01,0,0,0,0,0,"-",30693,0,0,0
"Halderberge","GM1655",2020-10-05,16,16,16,15,14,14,2020-08-01,2,0,0,2,-100,"⬇",30314,0,0,6.59761166457742
"Heeze-Leende","GM1658",2020-10-05,16,16,16,16,16,16,2020-08-01,0,0,0,0,0,"-",16217,0,0,0
"Laarbeek","GM1659",2020-10-05,41,41,41,41,41,41,2020-08-01,0,0,0,0,0,"-",22665,0,0,0
"Reusel-De Mierden","GM1667",2020-10-05,11,11,11,11,11,11,2020-08-01,0,0,0,0,0,"-",13066,0,0,0
"Roerdalen","GM1669",2020-10-05,27,27,27,27,27,27,2020-08-01,0,0,0,0,0,"-",20552,0,0,0
"Roosendaal","GM1674",2020-10-05,35,35,32,32,29,28,2020-08-01,7,0,3,6,0,"-",77308,0,3.8805815698246,7.7611631396492
"Schouwen-Duiveland","GM1676",2020-10-05,12,12,11,11,11,11,2020-08-01,1,0,1,1,100,"⬆",34012,0,2.94013877455016,2.94013877455016
"Aa en Hunze","GM1680",2020-10-05,1,1,1,1,1,1,2020-08-01,0,0,0,0,0,"-",25393,0,0,0
"Borger-Odoorn","GM1681",2020-10-05,4,4,4,4,4,4,2020-08-01,0,0,0,0,0,"-",25554,0,0,0
"Cuijk","GM1684",2020-10-05,12,12,12,12,12,12,2020-08-01,0,0,0,0,0,"-",25291,0,0,0
"Landerd","GM1685",2020-10-05,42,42,41,41,40,39,2020-08-01,3,0,1,2,0,"-",15761,0,6.34477507772349,12.689550155447
"De Wolden","GM1690",2020-10-05,11,11,11,11,11,11,2020-08-01,0,0,0,0,0,"-",24357,0,0,0
"Noord-Beveland","GM1695",2020-10-05,1,1,1,1,1,1,2020-08-01,0,0,0,0,0,"-",7560,0,0,0
"Wijdemeren","GM1696",2020-10-05,8,8,8,8,8,8,2020-08-01,0,0,0,0,0,"-",24414,0,0,0
"Noordenveld","GM1699",2020-10-05,4,4,4,4,4,4,2020-08-01,0,0,0,0,0,"-",31270,0,0,0
"Twenterand","GM1700",2020-10-05,12,12,12,12,12,12,2020-08-01,0,0,0,0,0,"-",33729,0,0,0
"Westerveld","GM1701",2020-10-05,9,9,9,9,9,9,2020-08-01,0,0,0,0,0,"-",19573,0,0,0
"Sint Anthonis","GM1702",2020-10-05,20,20,20,20,20,20,2020-08-01,0,0,0,0,0,"-",11662,0,0,0
"Lingewaard","GM1705",2020-10-05,35,35,33,33,31,31,2020-08-01,4,0,2,4,0,"-",46723,0,4.28054705391349,8.56109410782698
"Cranendonck","GM1706",2020-10-05,63,63,63,63,63,63,2020-08-01,0,0,0,0,0,"-",20941,0,0,0
"Steenwijkerland","GM1708",2020-10-05,14,14,14,14,14,14,2020-08-01,0,0,0,0,0,"-",44258,0,0,0
"Moerdijk","GM1709",2020-10-05,16,16,15,15,14,14,2020-08-01,2,0,1,2,0,"-",37184,0,2.68932874354561,5.37865748709122
"Echt-Susteren","GM1711",2020-10-05,40,40,39,39,39,39,2020-08-01,1,0,1,1,100,"⬆",31654,0,3.15915840020219,3.15915840020219
"Sluis","GM1714",2020-10-05,9,9,9,9,9,9,2020-08-01,0,0,0,0,0,"-",23173,0,0,0
"Drimmelen","GM1719",2020-10-05,19,19,19,19,19,18,2020-08-01,1,0,0,0,0,"-",27251,0,0,0
"Bernheze","GM1721",2020-10-05,95,95,95,95,95,95,2020-08-01,0,0,0,0,0,"-",31313,0,0,0
"Alphen-Chaam","GM1723",2020-10-05,18,18,18,18,18,18,2020-08-01,0,0,0,0,0,"-",10298,0,0,0
"Bergeijk","GM1724",2020-10-05,19,19,19,19,19,19,2020-08-01,0,0,0,0,0,"-",18674,0,0,0
"Bladel","GM1728",2020-10-05,21,21,21,21,21,21,2020-08-01,0,0,0,0,0,"-",20531,0,0,0
"Gulpen-Wittem","GM1729",2020-10-05,22,22,21,21,21,21,2020-08-01,1,0,1,1,100,"⬆",14205,0,7.03977472720873,7.03977472720873
"Tynaarlo","GM1730",2020-10-05,9,9,9,9,9,9,2020-08-01,0,0,0,0,0,"-",33842,0,0,0
"Midden-Drenthe","GM1731",2020-10-05,6,6,6,6,6,6,2020-08-01,0,0,0,0,0,"-",33280,0,0,0
"Overbetuwe","GM1734",2020-10-05,56,56,56,56,55,55,2020-08-01,1,0,0,1,-100,"⬇",48057,0,0,2.08086230934099
"Hof van Twente","GM1735",2020-10-05,15,15,15,15,15,15,2020-08-01,0,0,0,0,0,"-",35129,0,0,0
"Neder-Betuwe","GM1740",2020-10-05,38,37,37,37,37,37,2020-08-01,1,1,1,1,100,"⬆",24526,4.07730571638261,4.07730571638261,4.07730571638261
"Rijssen-Holten","GM1742",2020-10-05,29,29,29,29,29,29,2020-08-01,0,0,0,0,0,"-",38227,0,0,0
"Geldrop-Mierlo","GM1771",2020-10-05,33,33,33,33,33,33,2020-08-01,0,0,0,0,0,"-",39997,0,0,0
"Olst-Wijhe","GM1773",2020-10-05,12,12,12,12,12,12,2020-08-01,0,0,0,0,0,"-",18300,0,0,0
"Dinkelland","GM1774",2020-10-05,20,20,20,20,20,20,2020-08-01,0,0,0,0,0,"-",26545,0,0,0
"Westland","GM1783",2020-10-05,64,64,59,59,59,57,2020-08-01,7,0,5,5,500,"⬆⬆",110974,0,4.50555986086831,4.50555986086831
"Midden-Delfland","GM1842",2020-10-05,5,5,5,5,5,4,2020-08-01,1,0,0,0,0,"-",19406,0,0,0
"Berkelland","GM1859",2020-10-05,14,14,14,14,13,12,2020-08-01,2,0,0,1,-100,"⬇",43845,0,0,2.28076177443266
"Bronckhorst","GM1876",2020-10-05,17,17,17,17,17,17,2020-08-01,0,0,0,0,0,"-",36077,0,0,0
"Sittard-Geleen","GM1883",2020-10-05,119,119,119,119,119,115,2020-08-01,4,0,0,0,0,"-",91928,0,0,0
"Kaag en Braassem","GM1884",2020-10-05,8,8,7,7,7,7,2020-08-01,1,0,1,1,100,"⬆",27492,0,3.6374217954314,3.6374217954314
"Dantumadiel","GM1891",2020-10-05,2,2,2,2,2,2,2020-08-01,0,0,0,0,0,"-",18928,0,0,0
"Zuidplas","GM1892",2020-10-05,27,27,26,26,25,24,2020-08-01,3,0,1,2,0,"-",44750,0,2.23463687150838,4.46927374301676
"Peel en Maas","GM1894",2020-10-05,144,144,144,144,144,144,2020-08-01,0,0,0,0,0,"-",43561,0,0,0
"Oldambt","GM1895",2020-10-05,7,7,7,7,7,7,2020-08-01,0,0,0,0,0,"-",38274,0,0,0
"Zwartewaterland","GM1896",2020-10-05,35,35,35,35,35,35,2020-08-01,0,0,0,0,0,"-",22755,0,0,0
"Súdwest-Fryslân","GM1900",2020-10-05,19,19,19,19,19,18,2020-08-01,1,0,0,0,0,"-",89976,0,0,0
"Bodegraven-Reeuwijk","GM1901",2020-10-05,9,8,8,8,7,7,2020-08-01,2,1,1,2,0,"-",35157,2.84438376425747,2.84438376425747,5.68876752851495
"Eijsden-Margraten","GM1903",2020-10-05,54,54,54,54,54,54,2020-08-01,0,0,0,0,0,"-",25775,0,0,0
"Stichtse Vecht","GM1904",2020-10-05,39,39,38,38,36,34,2020-08-01,5,0,1,3,-50,"⬇",65087,0,1.53640511930186,4.60921535790557
"Hollands Kroon","GM1911",2020-10-05,26,26,26,26,26,26,2020-08-01,0,0,0,0,0,"-",48637,0,0,0
"Leidschendam-Voorburg","GM1916",2020-10-05,32,32,30,30,26,21,2020-08-01,11,0,2,6,-50,"⬇",76387,0,2.61824656027858,7.85473968083574
"Goeree-Overflakkee","GM1924",2020-10-05,56,56,55,55,54,54,2020-08-01,2,0,1,2,0,"-",50356,0,1.98586067201525,3.9717213440305
"Pijnacker-Nootdorp","GM1926",2020-10-05,30,30,30,30,29,24,2020-08-01,6,0,0,1,-100,"⬇",55360,0,0,1.80635838150289
"Nissewaard","GM1930",2020-10-05,60,60,58,58,58,56,2020-08-01,4,0,2,2,200,"⬆⬆",85173,0,2.34816197621312,2.34816197621312
"Krimpenerwaard","GM1931",2020-10-05,47,47,47,47,47,45,2020-08-01,2,0,0,0,0,"-",56353,0,0,0
"De Fryske Marren","GM1940",2020-10-05,18,17,17,17,16,16,2020-08-01,2,1,1,2,0,"-",51678,1.93505940632377,1.93505940632377,3.87011881264755
"Gooise Meren","GM1942",2020-10-05,25,25,25,25,25,23,2020-08-01,2,0,0,0,0,"-",58247,0,0,0
"Berg en Dal","GM1945",2020-10-05,31,31,31,31,31,29,2020-08-01,2,0,0,0,0,"-",34972,0,0,0
"Meierijstad","GM1948",2020-10-05,211,211,211,211,211,211,2020-08-01,0,0,0,0,0,"-",81467,0,0,0
"Waadhoeke","GM1949",2020-10-05,13,13,13,13,12,12,2020-08-01,1,0,0,1,-100,"⬇",46098,0,0,2.16929150939303
"Westerwolde","GM1950",2020-10-05,5,5,5,5,5,5,2020-08-01,0,0,0,0,0,"-",25719,0,0,0
"Midden-Groningen","GM1952",2020-10-05,7,7,7,7,7,6,2020-08-01,1,0,0,0,0,"-",60720,0,0,0
"Beekdaelen","GM1954",2020-10-05,52,52,52,52,52,52,2020-08-01,0,0,0,0,0,"-",35916,0,0,0
"Montferland","GM1955",2020-10-05,22,22,22,22,22,21,2020-08-01,1,0,0,0,0,"-",36052,0,0,0
"Altena","GM1959",2020-10-05,33,33,32,32,32,32,2020-08-01,1,0,1,1,100,"⬆",56194,0,1.77954941808734,1.77954941808734
"West Betuwe","GM1960",2020-10-05,44,44,44,44,44,43,2020-08-01,1,0,0,0,0,"-",51281,0,0,0
"Vijfheerenlanden","GM1961",2020-10-05,38,38,36,36,36,34,2020-08-01,4,0,2,2,200,"⬆⬆",57525,0,3.4767492394611,3.4767492394611
"Hoeksche Waard","GM1963",2020-10-05,80,80,79,79,78,76,2020-08-01,4,0,1,2,0,"-",87614,0,1.14137010066884,2.28274020133769
"Het Hogeland","GM1966",2020-10-05,7,7,7,7,7,7,2020-08-01,0,0,0,0,0,"-",47878,0,0,0
"Westerkwartier","GM1969",2020-10-05,14,14,14,14,14,14,2020-08-01,0,0,0,0,0,"-",63458,0,0,0
"Noardeast-Fryslân","GM1970",2020-10-05,7,7,6,6,6,6,2020-08-01,1,0,1,1,100,"⬆",45433,0,2.2010432945216,2.2010432945216
"Molenlanden","GM1978",2020-10-05,20,20,20,20,19,18,2020-08-01,2,0,0,1,-100,"⬇",44042,0,0,2.27055992007629
