"municipality","Municipality_code","date","d0","d1","d7","d8","d14","dec1","lowest_since_dec1","lowest_since_dec1_date","current","increase_1d","increase_7d","increase_14d","increase_growth","growth","population","rel_increase_1d","rel_increase_7d","rel_increase_14d"
"Netherlands","",2021-01-06,35791,35474,34067,33709,31923,27847,27847,2020-12-01,7944,317,1724,3868,-19.589552238806,"&#x2798;",17443797,1.81726489937942,9.88316935813917,22.174071390535
"Unknown","",2021-01-06,1010,1004,986,962,903,787,787,2020-12-01,223,6,24,107,-71.0843373493976,"&#x2798;",NA,NA,NA,NA
"Appingedam","GM0003",2021-01-06,14,14,13,13,13,10,10,2020-12-01,4,0,1,1,100,"&#x279A;",11508,0,8.68960722975322,8.68960722975322
"Delfzijl","GM0010",2021-01-06,40,40,32,32,25,12,12,2020-12-01,28,0,8,15,14.2857142857143,"&#x279A;",24622,0,32.4912679717326,60.9211274469986
"Groningen","GM0014",2021-01-06,128,126,113,113,105,76,76,2020-12-01,52,2,15,23,87.5,"&#x279A;",233456,0.856692481666781,6.42519361250086,9.85196353916798
"Loppersum","GM0024",2021-01-06,4,4,4,4,4,3,3,2020-12-01,1,0,0,0,0,"-",9476,0,0,0
"Almere","GM0034",2021-01-06,128,128,111,108,103,86,86,2020-12-01,42,0,17,25,112.5,"&#x279A;",214551,0,7.9235240106082,11.6522411920709
"Stadskanaal","GM0037",2021-01-06,35,35,34,33,29,21,21,2020-12-01,14,0,1,6,-80,"&#x2798;",31702,0,3.15437511828907,18.9262507097344
"Veendam","GM0047",2021-01-06,26,26,25,24,18,13,13,2020-12-01,13,0,1,8,-85.7142857142857,"&#x2798;",27416,0,3.64750510650715,29.1800408520572
"Zeewolde","GM0050",2021-01-06,36,35,31,30,28,20,20,2020-12-01,16,1,5,8,66.6666666666667,"&#x279A;",22836,4.37905062182519,21.8952531091259,35.0324049746015
"Achtkarspelen","GM0059",2021-01-06,17,17,17,16,14,10,10,2020-12-01,7,0,0,3,-100,"&#x2798;",27881,0,0,10.7600157813565
"Ameland","GM0060",2021-01-06,3,3,3,3,0,0,0,2020-12-01,3,0,0,3,-100,"&#x2798;",3747,0,0,80.0640512409928
"Harlingen","GM0072",2021-01-06,9,9,8,8,7,7,7,2020-12-01,2,0,1,2,0,"-",15835,0,6.31512472371329,12.6302494474266
"Heerenveen","GM0074",2021-01-06,42,42,40,39,38,32,32,2020-12-01,10,0,2,4,0,"-",50626,0,3.95053924860744,7.90107849721487
"Leeuwarden","GM0080",2021-01-06,96,94,86,86,73,65,65,2020-12-01,31,2,10,23,-23.0769230769231,"&#x2798;",124517,1.60620638145795,8.03103190728977,18.4713733867665
"Ooststellingwerf","GM0085",2021-01-06,21,21,21,21,20,16,16,2020-12-01,5,0,0,1,-100,"&#x2798;",25437,0,0,3.93128120454456
"Opsterland","GM0086",2021-01-06,24,23,21,21,19,16,16,2020-12-01,8,1,3,5,50,"&#x279A;",29812,3.35435395142895,10.0630618542869,16.7717697571448
"Schiermonnikoog","GM0088",2021-01-06,1,1,1,1,1,1,1,2020-12-01,0,0,0,0,0,"-",936,0,0,0
"Smallingerland","GM0090",2021-01-06,45,44,41,40,34,29,29,2020-12-01,16,1,4,11,-42.8571428571429,"&#x2798;",56060,1.78380306814128,7.13521227256511,19.621833749554
"Terschelling","GM0093",2021-01-06,1,1,1,1,1,1,1,2020-12-01,0,0,0,0,0,"-",4883,0,0,0
"Vlieland","GM0096",2021-01-06,0,0,0,0,0,0,0,2020-12-01,0,0,0,0,0,"-",1200,0,0,0
"Weststellingwerf","GM0098",2021-01-06,15,15,15,15,13,10,10,2020-12-01,5,0,0,2,-100,"&#x2798;",26112,0,0,7.6593137254902
"Assen","GM0106",2021-01-06,58,58,53,50,45,35,35,2020-12-01,23,0,5,13,-37.5,"&#x2798;",68812,0,7.2661745044469,18.8920537115619
"Coevorden","GM0109",2021-01-06,52,50,44,44,39,28,28,2020-12-01,24,2,8,13,60,"&#x279A;",35309,5.66427822934663,22.6571129173865,36.8178084907531
"Emmen","GM0114",2021-01-06,155,155,146,144,137,117,117,2020-12-01,38,0,9,18,0,"-",106984,0,8.4124728931429,16.8249457862858
"Hoogeveen","GM0118",2021-01-06,93,92,82,81,66,55,55,2020-12-01,38,1,11,27,-31.25,"&#x2798;",55604,1.79843176749874,19.7827494424861,48.557657722466
"Meppel","GM0119",2021-01-06,23,22,19,18,13,11,11,2020-12-01,12,1,4,10,-33.3333333333333,"&#x2798;",34324,2.91341335508682,11.6536534203473,29.1341335508682
"Almelo","GM0141",2021-01-06,226,226,213,213,202,166,166,2020-12-01,60,0,13,24,18.1818181818182,"&#x279A;",73180,0,17.7644165072424,32.7958458595245
"Borne","GM0147",2021-01-06,55,55,52,51,48,38,38,2020-12-01,17,0,3,7,-25,"&#x2798;",23637,0,12.6919659855312,29.6145872995727
"Dalfsen","GM0148",2021-01-06,27,27,24,23,20,13,13,2020-12-01,14,0,3,7,-25,"&#x2798;",28919,0,10.3738026902728,24.2055396106366
"Deventer","GM0150",2021-01-06,185,183,177,175,166,132,132,2020-12-01,53,2,8,19,-27.2727272727273,"&#x2798;",101100,1.9782393669634,7.91295746785361,18.7932739861523
"Enschede","GM0153",2021-01-06,341,335,322,317,290,238,238,2020-12-01,103,6,19,51,-40.625,"&#x2798;",159872,3.75300240192154,11.8845076060849,31.9005204163331
"Haaksbergen","GM0158",2021-01-06,62,61,58,58,57,47,47,2020-12-01,15,1,4,5,300,"&#x279A;",24237,4.12592317531048,16.5036927012419,20.6296158765524
"Hardenberg","GM0160",2021-01-06,80,78,71,70,59,47,47,2020-12-01,33,2,9,21,-25,"&#x2798;",61327,3.26120632021785,14.6754284409803,34.2426663622874
"Hellendoorn","GM0163",2021-01-06,62,62,56,55,50,37,37,2020-12-01,25,0,6,12,0,"-",35903,0,16.7116954014985,33.423390802997
"Hengelo","GM0164",2021-01-06,169,168,158,157,145,127,127,2020-12-01,42,1,11,24,-15.3846153846154,"&#x2798;",81099,1.23306082689059,13.5636690957965,29.5934598453742
"Kampen","GM0166",2021-01-06,49,49,47,47,43,40,40,2020-12-01,9,0,2,6,-50,"&#x2798;",54438,0,3.67390425805503,11.0217127741651
"Losser","GM0168",2021-01-06,67,65,63,62,59,41,41,2020-12-01,26,2,4,8,0,"-",22867,8.74622818909345,17.4924563781869,34.9849127563738
"Noordoostpolder","GM0171",2021-01-06,45,44,39,38,34,26,26,2020-12-01,19,1,6,11,20,"&#x279A;",47597,2.10097275038343,12.6058365023006,23.1107002542177
"Oldenzaal","GM0173",2021-01-06,84,83,81,80,74,58,58,2020-12-01,26,1,3,10,-57.1428571428571,"&#x2798;",31734,3.1511943026407,9.4535829079221,31.511943026407
"Ommen","GM0175",2021-01-06,32,30,28,27,24,19,19,2020-12-01,13,2,4,8,0,"-",18272,10.9457092819615,21.8914185639229,43.7828371278459
"Raalte","GM0177",2021-01-06,49,49,48,48,44,36,36,2020-12-01,13,0,1,5,-75,"&#x2798;",37920,0,2.63713080168776,13.1856540084388
"Staphorst","GM0180",2021-01-06,28,27,22,21,18,15,15,2020-12-01,13,1,6,10,50,"&#x279A;",17276,5.78837693910627,34.7302616346376,57.8837693910627
"Tubbergen","GM0183",2021-01-06,49,49,45,45,42,39,39,2020-12-01,10,0,4,7,33.3333333333333,"&#x279A;",21322,0,18.7599662320608,32.8299409061064
"Urk","GM0184",2021-01-06,64,64,61,61,58,45,45,2020-12-01,19,0,3,6,0,"-",21208,0,14.1456054319125,28.291210863825
"Wierden","GM0189",2021-01-06,59,59,58,58,54,38,38,2020-12-01,21,0,1,5,-75,"&#x2798;",24532,0,4.0763084950269,20.3815424751345
"Zwolle","GM0193",2021-01-06,71,70,64,62,53,45,45,2020-12-01,26,1,7,18,-36.3636363636364,"&#x2798;",129697,0.771027857236482,5.39719500065537,13.8785014302567
"Aalten","GM0197",2021-01-06,37,37,36,34,30,24,24,2020-12-01,13,0,1,7,-83.3333333333333,"&#x2798;",27133,0,3.68554896251797,25.7988427376258
"Apeldoorn","GM0200",2021-01-06,302,297,280,275,260,224,224,2020-12-01,78,5,22,42,10,"&#x279A;",164717,3.03550938883054,13.3562413108544,25.4982788661765
"Arnhem","GM0202",2021-01-06,118,117,114,114,103,67,67,2020-12-01,51,1,4,15,-63.6363636363636,"&#x2798;",162353,0.615941805818186,2.46376722327274,9.2391270872728
"Barneveld","GM0203",2021-01-06,91,91,84,82,77,64,64,2020-12-01,27,0,7,14,0,"-",59938,0,11.6787346925156,23.3574693850312
"Beuningen","GM0209",2021-01-06,48,47,44,44,41,37,37,2020-12-01,11,1,4,7,33.3333333333333,"&#x279A;",26159,3.82277610000382,15.2911044000153,26.7594327000268
"Brummen","GM0213",2021-01-06,34,33,31,30,24,21,21,2020-12-01,13,1,3,10,-57.1428571428571,"&#x2798;",20867,4.79225571476494,14.3767671442948,47.9225571476494
"Buren","GM0214",2021-01-06,70,70,66,64,61,47,47,2020-12-01,23,0,4,9,-20,"&#x2798;",26997,0,14.8164610882691,33.3370374486054
"Culemborg","GM0216",2021-01-06,71,71,71,71,71,60,60,2020-12-01,11,0,0,0,0,"-",29132,0,0,0
"Doesburg","GM0221",2021-01-06,17,16,14,14,13,10,10,2020-12-01,7,1,3,4,200,"&#x279A;",11061,9.040773890245,27.122321670735,36.16309556098
"Doetinchem","GM0222",2021-01-06,86,85,79,76,73,66,66,2020-12-01,20,1,7,13,16.6666666666667,"&#x279A;",58227,1.71741631888986,12.021914232229,22.3264121455682
"Druten","GM0225",2021-01-06,60,60,58,58,56,47,47,2020-12-01,13,0,2,4,0,"-",18980,0,10.5374077976818,21.0748155953635
"Duiven","GM0226",2021-01-06,19,19,19,19,16,11,11,2020-12-01,8,0,0,3,-100,"&#x2798;",25072,0,0,11.9655392469687
"Ede","GM0228",2021-01-06,231,230,219,215,212,172,172,2020-12-01,59,1,12,19,71.4285714285714,"&#x279A;",118538,0.843611331387403,10.1233359766488,16.0286152963607
"Elburg","GM0230",2021-01-06,38,38,34,31,28,25,25,2020-12-01,13,0,4,10,-33.3333333333333,"&#x2798;",23443,0,17.0626626285032,42.6566565712579
"Epe","GM0232",2021-01-06,70,69,67,66,60,49,49,2020-12-01,21,1,3,10,-57.1428571428571,"&#x2798;",33198,3.0122296523887,9.03668895716609,30.122296523887
"Ermelo","GM0233",2021-01-06,74,73,71,69,62,53,53,2020-12-01,21,1,3,12,-66.6666666666667,"&#x2798;",27044,3.69767785830498,11.093033574915,44.3721342996598
"Harderwijk","GM0243",2021-01-06,125,122,112,108,98,80,80,2020-12-01,45,3,13,27,-7.14285714285714,"&#x2798;",48657,6.1656082372526,26.7176356947613,55.4904741352734
"Hattem","GM0244",2021-01-06,11,10,10,10,10,9,9,2020-12-01,2,1,1,1,100,"&#x279A;",12235,8.1732733959951,8.1732733959951,8.1732733959951
"Heerde","GM0246",2021-01-06,23,22,22,22,19,18,18,2020-12-01,5,1,1,4,-66.6666666666667,"&#x2798;",18744,5.33504054630815,5.33504054630815,21.3401621852326
"Heumen","GM0252",2021-01-06,41,40,40,40,37,33,33,2020-12-01,8,1,1,4,-66.6666666666667,"&#x2798;",16579,6.03172688340672,6.03172688340672,24.1269075336269
"Lochem","GM0262",2021-01-06,47,47,47,47,43,34,34,2020-12-01,13,0,0,4,-100,"&#x2798;",33907,0,0,11.7969740761495
"Maasdriel","GM0263",2021-01-06,50,50,49,49,48,42,42,2020-12-01,8,0,1,2,0,"-",25441,0,3.93066310286545,7.86132620573091
"Nijkerk","GM0267",2021-01-06,76,73,71,71,67,57,57,2020-12-01,19,3,5,9,25,"&#x279A;",43577,6.88436560570943,11.4739426761824,20.6530968171283
"Nijmegen","GM0268",2021-01-06,367,362,352,351,340,308,308,2020-12-01,59,5,15,27,25,"&#x279A;",177463,2.81748871595769,8.45246614787308,15.2144390661715
"Oldebroek","GM0269",2021-01-06,30,30,28,26,21,14,14,2020-12-01,16,0,2,9,-71.4285714285714,"&#x2798;",23749,0,8.42140721714599,37.8963324771569
"Putten","GM0273",2021-01-06,40,39,37,37,35,30,30,2020-12-01,10,1,3,5,50,"&#x279A;",24384,4.1010498687664,12.3031496062992,20.505249343832
"Renkum","GM0274",2021-01-06,33,33,32,32,31,22,22,2020-12-01,11,0,1,2,0,"-",31413,0,3.18339540954382,6.36679081908764
"Rheden","GM0275",2021-01-06,27,26,25,25,24,15,15,2020-12-01,12,1,2,3,100,"&#x279A;",43565,2.29542063583152,4.59084127166303,6.88626190749455
"Rozendaal","GM0277",2021-01-06,1,1,0,0,0,0,0,2020-12-01,1,0,1,1,100,"&#x279A;",1718,0,58.2072176949942,58.2072176949942
"Scherpenzeel","GM0279",2021-01-06,11,11,10,10,10,9,9,2020-12-01,2,0,1,1,100,"&#x279A;",10110,0,9.89119683481701,9.89119683481701
"Tiel","GM0281",2021-01-06,130,130,126,125,123,109,109,2020-12-01,21,0,4,7,33.3333333333333,"&#x279A;",41899,0,9.54676722594811,16.7068426454092
"Voorst","GM0285",2021-01-06,54,54,53,52,47,35,35,2020-12-01,19,0,1,7,-83.3333333333333,"&#x2798;",24762,0,4.0384460059769,28.2691220418383
"Wageningen","GM0289",2021-01-06,58,57,54,54,53,47,47,2020-12-01,11,1,4,5,300,"&#x279A;",39719,2.51768674941464,10.0707469976586,12.5884337470732
"Westervoort","GM0293",2021-01-06,16,16,16,16,15,9,9,2020-12-01,7,0,0,1,-100,"&#x2798;",15017,0,0,6.65911966438037
"Winterswijk","GM0294",2021-01-06,35,34,34,34,34,33,33,2020-12-01,2,1,1,1,100,"&#x279A;",29007,3.44744372048126,3.44744372048126,3.44744372048126
"Wijchen","GM0296",2021-01-06,119,117,115,114,110,94,94,2020-12-01,25,2,4,9,-20,"&#x2798;",41259,4.84742722799874,9.69485445599748,21.8134225259943
"Zaltbommel","GM0297",2021-01-06,59,58,54,54,48,40,40,2020-12-01,19,1,5,11,-16.6666666666667,"&#x2798;",29436,3.39720070661775,16.9860035330887,37.3692077727952
"Zevenaar","GM0299",2021-01-06,40,40,38,38,36,30,30,2020-12-01,10,0,2,4,0,"-",44085,0,4.53669048429171,9.07338096858342
"Zutphen","GM0301",2021-01-06,79,78,74,73,67,57,57,2020-12-01,22,1,5,12,-28.5714285714286,"&#x2798;",48105,2.07878598898243,10.3939299449122,24.9454318677892
"Nunspeet","GM0302",2021-01-06,104,102,98,98,97,90,90,2020-12-01,14,2,6,7,500,"&#x279A;",28017,7.13852303958311,21.4155691187493,24.9848306385409
"Dronten","GM0303",2021-01-06,80,77,73,70,67,52,52,2020-12-01,28,3,7,13,16.6666666666667,"&#x279A;",41936,7.15375810759252,16.6921022510492,30.9996184662343
"Amersfoort","GM0307",2021-01-06,262,259,241,237,221,183,183,2020-12-01,79,3,21,41,5,"&#x279A;",157547,1.90419366919078,13.3293556843355,26.0239801456073
"Baarn","GM0308",2021-01-06,24,24,23,22,22,21,21,2020-12-01,3,0,1,2,0,"-",24844,0,4.02511672838512,8.05023345677025
"De Bilt","GM0310",2021-01-06,78,78,76,76,72,65,65,2020-12-01,13,0,2,6,-50,"&#x2798;",43371,0,4.61137626524636,13.8341287957391
"Bunnik","GM0312",2021-01-06,26,26,26,25,22,20,20,2020-12-01,6,0,0,4,-100,"&#x2798;",15345,0,0,26.0671228413164
"Bunschoten","GM0313",2021-01-06,76,76,73,71,67,54,54,2020-12-01,22,0,3,9,-50,"&#x2798;",22036,0,13.6140860410238,40.8422581230713
"Eemnes","GM0317",2021-01-06,3,3,2,2,2,1,1,2020-12-01,2,0,1,1,100,"&#x279A;",9361,0,10.6826193782716,10.6826193782716
"Houten","GM0321",2021-01-06,72,72,66,63,61,56,56,2020-12-01,16,0,6,11,20,"&#x279A;",50206,0,11.950762857029,21.9097319045532
"Leusden","GM0327",2021-01-06,33,33,32,31,29,23,23,2020-12-01,10,0,1,4,-66.6666666666667,"&#x2798;",30522,0,3.27632527357316,13.1053010942926
"Lopik","GM0331",2021-01-06,33,33,33,33,31,30,30,2020-12-01,3,0,0,2,-100,"&#x2798;",14455,0,0,13.836042891733
"Montfoort","GM0335",2021-01-06,30,28,28,27,25,24,24,2020-12-01,6,2,2,5,-33.3333333333333,"&#x2798;",13878,14.4112984579911,14.4112984579911,36.0282461449777
"Renswoude","GM0339",2021-01-06,7,6,6,6,6,4,4,2020-12-01,3,1,1,1,100,"&#x279A;",5547,18.0277627546422,18.0277627546422,18.0277627546422
"Rhenen","GM0340",2021-01-06,37,37,35,34,31,27,27,2020-12-01,10,0,2,6,-50,"&#x2798;",20193,0,9.90442232456792,29.7132669737038
"Soest","GM0342",2021-01-06,83,83,78,76,71,61,61,2020-12-01,22,0,5,12,-28.5714285714286,"&#x2798;",46906,0,10.6596171065535,25.5830810557285
"Utrecht","GM0344",2021-01-06,731,728,707,701,685,627,627,2020-12-01,104,3,24,46,9.09090909090908,"&#x279A;",359548,0.834380944964233,6.67504755971386,12.7938411561182
"Veenendaal","GM0345",2021-01-06,174,173,164,162,149,115,115,2020-12-01,59,1,10,25,-33.3333333333333,"&#x2798;",66945,1.49376353723206,14.9376353723206,37.3440884308014
"Woudenberg","GM0351",2021-01-06,23,23,23,23,22,17,17,2020-12-01,6,0,0,1,-100,"&#x2798;",13625,0,0,7.3394495412844
"Wijk bij Duurstede","GM0352",2021-01-06,41,41,37,37,30,29,29,2020-12-01,12,0,4,11,-42.8571428571429,"&#x2798;",23917,0,16.7245055818037,45.9923903499603
"IJsselstein","GM0353",2021-01-06,92,92,91,91,86,79,79,2020-12-01,13,0,1,6,-80,"&#x2798;",33855,0,2.95377344557672,17.7226406734603
"Zeist","GM0355",2021-01-06,109,107,102,102,95,81,81,2020-12-01,28,2,7,14,0,"-",65005,3.07668640873779,10.7684024305823,21.5368048611645
"Nieuwegein","GM0356",2021-01-06,111,111,110,109,108,93,93,2020-12-01,18,0,1,3,-50,"&#x2798;",63811,0,1.56712792465249,4.70138377395747
"Aalsmeer","GM0358",2021-01-06,35,34,34,34,32,29,29,2020-12-01,6,1,1,3,-50,"&#x2798;",31957,3.12920486904278,3.12920486904278,9.38761460712833
"Alkmaar","GM0361",2021-01-06,212,211,197,197,174,148,148,2020-12-01,64,1,15,38,-34.7826086956522,"&#x2798;",109841,0.910406860826103,13.6561029123915,34.5954607113919
"Amstelveen","GM0362",2021-01-06,141,141,140,140,138,132,132,2020-12-01,9,0,1,3,-50,"&#x2798;",90956,0,1.09943269273055,3.29829807819165
"Amsterdam","GM0363",2021-01-06,2258,2239,2185,2174,2089,1876,1876,2020-12-01,382,19,73,169,-23.9583333333333,"&#x2798;",873289,2.17568296405886,8.35920296717352,19.3521274171551
"Beemster","GM0370",2021-01-06,11,11,11,11,10,9,9,2020-12-01,2,0,0,1,-100,"&#x2798;",10073,0,0,9.92752903802243
"Bergen (NH.)","GM0373",2021-01-06,63,62,57,57,57,44,44,2020-12-01,19,1,6,6,600,"&#x279A;",29706,3.36632330168989,20.1979398101394,20.1979398101394
"Beverwijk","GM0375",2021-01-06,49,49,47,46,44,39,39,2020-12-01,10,0,2,5,-33.3333333333333,"&#x2798;",41830,0,4.7812574707148,11.953143676787
"Blaricum","GM0376",2021-01-06,4,4,3,3,3,3,3,2020-12-01,1,0,1,1,100,"&#x279A;",11919,0,8.38996560114104,8.38996560114104
"Bloemendaal","GM0377",2021-01-06,7,7,7,7,7,6,6,2020-12-01,1,0,0,0,0,"-",23529,0,0,0
"Castricum","GM0383",2021-01-06,47,47,45,44,39,32,32,2020-12-01,15,0,2,8,-66.6666666666667,"&#x2798;",36164,0,5.53036168565424,22.121446742617
"Diemen","GM0384",2021-01-06,67,67,63,63,57,51,51,2020-12-01,16,0,4,10,-33.3333333333333,"&#x2798;",31304,0,12.7779197546639,31.9447993866598
"Edam-Volendam","GM0385",2021-01-06,95,94,92,91,86,78,78,2020-12-01,17,1,3,9,-50,"&#x2798;",36247,2.75884900819378,8.27654702458135,24.829641073744
"Enkhuizen","GM0388",2021-01-06,53,52,48,46,39,29,29,2020-12-01,24,1,5,14,-44.4444444444444,"&#x2798;",18666,5.3573341905068,26.786670952534,75.0026786670953
"Haarlem","GM0392",2021-01-06,118,118,111,110,101,76,76,2020-12-01,42,0,7,17,-30,"&#x2798;",162754,0,4.30096956142399,10.4452117920297
"Haarlemmermeer","GM0394",2021-01-06,158,156,151,149,133,110,110,2020-12-01,48,2,7,25,-61.1111111111111,"&#x2798;",157730,1.26798960248526,4.43796360869841,15.8498700310657
"Heemskerk","GM0396",2021-01-06,63,63,58,57,55,51,51,2020-12-01,12,0,5,8,66.6666666666667,"&#x279A;",39233,0,12.7443733591619,20.3909973746591
"Heemstede","GM0397",2021-01-06,13,13,13,13,12,9,9,2020-12-01,4,0,0,1,-100,"&#x2798;",27494,0,0,3.63715719793409
"Heerhugowaard","GM0398",2021-01-06,88,87,80,79,74,66,66,2020-12-01,22,1,8,14,33.3333333333333,"&#x279A;",58303,1.71517760664117,13.7214208531293,24.0124864929763
"Heiloo","GM0399",2021-01-06,26,26,25,25,22,20,20,2020-12-01,6,0,1,4,-66.6666666666667,"&#x2798;",24119,0,4.14610887681911,16.5844355072764
"Den Helder","GM0400",2021-01-06,67,67,59,58,49,37,37,2020-12-01,30,0,8,18,-20,"&#x2798;",56531,0,14.1515274804974,31.8409368311192
"Hilversum","GM0402",2021-01-06,30,29,28,28,28,26,26,2020-12-01,4,1,2,2,200,"&#x279A;",91247,1.09592644141725,2.1918528828345,2.1918528828345
"Hoorn","GM0405",2021-01-06,121,120,109,109,101,85,85,2020-12-01,36,1,12,20,50,"&#x279A;",73579,1.35908343413202,16.3090012095843,27.1816686826404
"Huizen","GM0406",2021-01-06,29,29,27,27,26,24,24,2020-12-01,5,0,2,3,100,"&#x279A;",41130,0,4.86263068319961,7.29394602479942
"Landsmeer","GM0415",2021-01-06,21,20,18,18,15,12,12,2020-12-01,9,1,3,6,0,"-",11564,8.6475268073331,25.9425804219993,51.8851608439986
"Langedijk","GM0416",2021-01-06,48,47,43,43,40,35,35,2020-12-01,13,1,5,8,66.6666666666667,"&#x279A;",28332,3.52957786248765,17.6478893124382,28.2366228999012
"Laren","GM0417",2021-01-06,8,8,8,8,8,7,7,2020-12-01,1,0,0,0,0,"-",11401,0,0,0
"Medemblik","GM0420",2021-01-06,74,74,66,64,55,43,43,2020-12-01,31,0,8,19,-27.2727272727273,"&#x2798;",45194,0,17.7014647962119,42.0409788910032
"Oostzaan","GM0431",2021-01-06,24,24,23,22,22,20,20,2020-12-01,4,0,1,2,0,"-",9685,0,10.3252452245741,20.6504904491482
"Opmeer","GM0432",2021-01-06,8,8,8,8,8,7,7,2020-12-01,1,0,0,0,0,"-",11988,0,0,0
"Ouder-Amstel","GM0437",2021-01-06,18,18,18,18,18,16,16,2020-12-01,2,0,0,0,0,"-",14120,0,0,0
"Purmerend","GM0439",2021-01-06,196,192,184,180,174,154,154,2020-12-01,42,4,12,22,20,"&#x279A;",81708,4.89548147060263,14.6864444118079,26.9251480883145
"Schagen","GM0441",2021-01-06,71,70,62,62,53,40,40,2020-12-01,31,1,9,18,0,"-",46546,2.14841232329309,19.3357109096378,38.6714218192756
"Texel","GM0448",2021-01-06,13,13,13,13,12,11,11,2020-12-01,2,0,0,1,-100,"&#x2798;",13658,0,0,7.32171621027969
"Uitgeest","GM0450",2021-01-06,17,17,17,17,16,13,13,2020-12-01,4,0,0,1,-100,"&#x2798;",13644,0,0,7.32922896511287
"Uithoorn","GM0451",2021-01-06,41,41,41,40,40,39,39,2020-12-01,2,0,0,1,-100,"&#x2798;",30138,0,0,3.31807021036565
"Velsen","GM0453",2021-01-06,81,80,76,76,72,57,57,2020-12-01,24,1,5,9,25,"&#x279A;",68683,1.45596435799252,7.27982178996258,13.1036792219326
"Weesp","GM0457",2021-01-06,18,18,18,18,17,14,14,2020-12-01,4,0,0,1,-100,"&#x2798;",20459,0,0,4.8878244293465
"Zandvoort","GM0473",2021-01-06,14,14,12,12,11,9,9,2020-12-01,5,0,2,3,100,"&#x279A;",17168,0,11.6495806150979,17.4743709226468
"Zaanstad","GM0479",2021-01-06,410,407,394,390,374,327,327,2020-12-01,83,3,16,36,-20,"&#x2798;",157106,1.90953878273268,10.1842068412409,22.9144653927921
"Alblasserdam","GM0482",2021-01-06,67,66,61,58,51,49,49,2020-12-01,18,1,6,16,-40,"&#x2798;",20193,4.95221116228396,29.7132669737038,79.2353785965434
"Alphen aan den Rijn","GM0484",2021-01-06,224,221,214,209,197,162,162,2020-12-01,62,3,10,27,-41.1764705882353,"&#x2798;",112552,2.66543464354254,8.8847821451418,23.9889117918829
"Barendrecht","GM0489",2021-01-06,113,113,108,108,106,91,91,2020-12-01,22,0,5,7,150,"&#x279A;",48635,0,10.2806620746376,14.3929269044927
"Drechterland","GM0498",2021-01-06,29,29,26,24,20,19,19,2020-12-01,10,0,3,9,-50,"&#x2798;",19834,0,15.1255419985883,45.3766259957648
"Brielle","GM0501",2021-01-06,44,44,41,39,38,34,34,2020-12-01,10,0,3,6,0,"-",17408,0,17.2334558823529,34.4669117647059
"Capelle aan den IJssel","GM0502",2021-01-06,227,223,209,206,194,178,178,2020-12-01,49,4,18,33,20,"&#x279A;",67204,5.95202666507946,26.7841199928576,49.1042199869055
"Delft","GM0503",2021-01-06,179,177,173,172,165,144,144,2020-12-01,35,2,6,14,-25,"&#x2798;",103880,1.92529842125529,5.77589526376588,13.4770889487871
"Dordrecht","GM0505",2021-01-06,385,384,369,368,349,304,304,2020-12-01,81,1,16,36,-20,"&#x2798;",119184,0.83903879715398,13.4246207544637,30.2053966975433
"Gorinchem","GM0512",2021-01-06,64,62,60,60,58,44,44,2020-12-01,20,2,4,6,100,"&#x279A;",37405,5.34687875952413,10.6937575190483,16.0406362785724
"Gouda","GM0513",2021-01-06,204,202,188,187,179,161,161,2020-12-01,43,2,16,25,77.7777777777778,"&#x279A;",73754,2.71171733058546,21.6937386446837,33.8964666323183
"'s-Gravenhage","GM0518",2021-01-06,1388,1380,1353,1340,1299,1170,1170,2020-12-01,218,8,35,89,-35.1851851851852,"&#x2798;",548076,1.45965158116758,6.38597566760814,16.2386238404893
"Hardinxveld-Giessendam","GM0523",2021-01-06,26,25,24,22,20,15,15,2020-12-01,11,1,2,6,-50,"&#x2798;",18399,5.4350779933692,10.8701559867384,32.6104679602152
"Hellevoetsluis","GM0530",2021-01-06,75,75,73,73,72,61,61,2020-12-01,14,0,2,3,100,"&#x279A;",40235,0,4.97079657015037,7.45619485522555
"Hendrik-Ido-Ambacht","GM0531",2021-01-06,83,80,78,77,75,67,67,2020-12-01,16,3,5,8,66.6666666666667,"&#x279A;",31255,9.59846424572068,15.9974404095345,25.5959046552552
"Stede Broec","GM0532",2021-01-06,52,49,41,41,39,35,35,2020-12-01,17,3,11,13,450,"&#x279A;",21768,13.7816979051819,50.5328923190004,59.720690922455
"Hillegom","GM0534",2021-01-06,17,17,15,14,14,12,12,2020-12-01,5,0,2,3,100,"&#x279A;",22217,0,9.00211549714183,13.5031732457127
"Katwijk","GM0537",2021-01-06,155,150,136,135,126,97,97,2020-12-01,58,5,19,29,90,"&#x279A;",66005,7.57518369820468,28.7856980531778,43.9360654495872
"Krimpen aan den IJssel","GM0542",2021-01-06,77,77,70,66,63,57,57,2020-12-01,20,0,7,14,0,"-",29443,0,23.7747512142105,47.549502428421
"Leiden","GM0546",2021-01-06,174,172,168,166,160,137,137,2020-12-01,37,2,6,14,-25,"&#x2798;",124121,1.61133087873929,4.83399263621788,11.2793161511751
"Leiderdorp","GM0547",2021-01-06,62,62,61,61,59,50,50,2020-12-01,12,0,1,3,-50,"&#x2798;",27374,0,3.6531014831592,10.9593044494776
"Lisse","GM0553",2021-01-06,39,39,38,36,32,21,21,2020-12-01,18,0,1,7,-83.3333333333333,"&#x2798;",22999,0,4.34801513109266,30.4361059176486
"Maassluis","GM0556",2021-01-06,91,90,88,85,84,80,80,2020-12-01,11,1,3,7,-25,"&#x2798;",33557,2.98000417200584,8.94001251601752,20.8600292040409
"Nieuwkoop","GM0569",2021-01-06,43,42,38,37,35,23,23,2020-12-01,20,1,5,8,66.6666666666667,"&#x279A;",29146,3.43100253894188,17.1550126947094,27.448020311535
"Noordwijk","GM0575",2021-01-06,88,86,85,84,76,66,66,2020-12-01,22,2,3,12,-66.6666666666667,"&#x2798;",43998,4.54566116641666,6.81849174962498,27.2739669984999
"Oegstgeest","GM0579",2021-01-06,38,37,35,35,33,30,30,2020-12-01,8,1,3,5,50,"&#x279A;",25061,3.9902637564343,11.9707912693029,19.9513187821715
"Oudewater","GM0589",2021-01-06,36,36,36,36,35,33,33,2020-12-01,3,0,0,1,-100,"&#x2798;",10156,0,0,9.84639621898385
"Papendrecht","GM0590",2021-01-06,87,87,84,84,80,63,63,2020-12-01,24,0,3,7,-25,"&#x2798;",32142,0,9.33358222885944,21.7783585340054
"Ridderkerk","GM0597",2021-01-06,135,135,129,128,122,102,102,2020-12-01,33,0,6,13,-14.2857142857143,"&#x2798;",46633,0,12.866425063796,27.8772543048914
"Rotterdam","GM0599",2021-01-06,2265,2251,2209,2192,2127,1941,1941,2020-12-01,324,14,56,138,-31.7073170731707,"&#x2798;",652742,2.14479840426999,8.57919361707995,21.1415842706613
"Rijswijk","GM0603",2021-01-06,137,136,134,131,129,113,113,2020-12-01,24,1,3,8,-40,"&#x2798;",55236,1.81041349844304,5.43124049532913,14.4833079875444
"Schiedam","GM0606",2021-01-06,226,225,220,218,212,196,196,2020-12-01,30,1,6,14,-25,"&#x2798;",79316,1.26077966614554,7.56467799687327,17.6509153260376
"Sliedrecht","GM0610",2021-01-06,97,97,90,88,81,60,60,2020-12-01,37,0,7,16,-22.2222222222222,"&#x2798;",25570,0,27.3758310520141,62.5733281188893
"Albrandswaard","GM0613",2021-01-06,62,62,62,62,60,55,55,2020-12-01,7,0,0,2,-100,"&#x2798;",25806,0,0,7.75013562737348
"Westvoorne","GM0614",2021-01-06,21,20,18,17,17,15,15,2020-12-01,6,1,3,4,200,"&#x279A;",14893,6.7145638890754,20.1436916672262,26.8582555563016
"Vlaardingen","GM0622",2021-01-06,177,176,170,170,169,156,156,2020-12-01,21,1,7,8,600,"&#x279A;",73950,1.35226504394861,9.4658553076403,10.8181203515889
"Voorschoten","GM0626",2021-01-06,30,30,30,30,26,20,20,2020-12-01,10,0,0,4,-100,"&#x2798;",25643,0,0,15.5987988924853
"Waddinxveen","GM0627",2021-01-06,70,70,69,68,66,55,55,2020-12-01,15,0,1,4,-66.6666666666667,"&#x2798;",30320,0,3.29815303430079,13.1926121372032
"Wassenaar","GM0629",2021-01-06,33,33,33,33,32,26,26,2020-12-01,7,0,0,1,-100,"&#x2798;",26845,0,0,3.72508847085118
"Woerden","GM0632",2021-01-06,122,122,114,113,112,99,99,2020-12-01,23,0,8,10,300,"&#x279A;",52671,0,15.1886237208331,18.9857796510414
"Zoetermeer","GM0637",2021-01-06,245,244,236,232,215,184,184,2020-12-01,61,1,9,30,-57.1428571428571,"&#x2798;",125284,0.798186520226047,7.18367868203442,23.9455956067814
"Zoeterwoude","GM0638",2021-01-06,14,14,14,14,12,9,9,2020-12-01,5,0,0,2,-100,"&#x2798;",8813,0,0,22.6937478724611
"Zwijndrecht","GM0642",2021-01-06,147,145,141,138,125,108,108,2020-12-01,39,2,6,22,-62.5,"&#x2798;",44763,4.46797578357125,13.4039273507138,49.1477336192838
"Borsele","GM0654",2021-01-06,17,17,14,14,11,9,9,2020-12-01,8,0,3,6,0,"-",22779,0,13.1700250230475,26.3400500460951
"Goes","GM0664",2021-01-06,44,44,44,44,43,32,32,2020-12-01,12,0,0,1,-100,"&#x2798;",38571,0,0,2.59262139949703
"West Maas en Waal","GM0668",2021-01-06,37,37,37,36,35,33,33,2020-12-01,4,0,0,2,-100,"&#x2798;",19560,0,0,10.2249488752556
"Hulst","GM0677",2021-01-06,34,34,34,33,32,29,29,2020-12-01,5,0,0,2,-100,"&#x2798;",27563,0,0,7.25610419765628
"Kapelle","GM0678",2021-01-06,10,10,10,10,10,7,7,2020-12-01,3,0,0,0,0,"-",12842,0,0,0
"Middelburg","GM0687",2021-01-06,41,41,36,36,36,31,31,2020-12-01,10,0,5,5,500,"&#x279A;",48973,0,10.2097073897862,10.2097073897862
"Reimerswaal","GM0703",2021-01-06,20,20,17,17,16,14,14,2020-12-01,6,0,3,4,200,"&#x279A;",22931,0,13.0827264401901,17.4436352535868
"Terneuzen","GM0715",2021-01-06,85,85,81,80,75,63,63,2020-12-01,22,0,4,10,-33.3333333333333,"&#x2798;",54486,0,7.34133538890724,18.3533384722681
"Tholen","GM0716",2021-01-06,65,65,64,64,61,58,58,2020-12-01,7,0,1,4,-66.6666666666667,"&#x2798;",26050,0,3.83877159309021,15.3550863723608
"Veere","GM0717",2021-01-06,15,15,14,14,14,14,14,2020-12-01,1,0,1,1,100,"&#x279A;",21981,0,4.54938355852782,4.54938355852782
"Vlissingen","GM0718",2021-01-06,38,38,36,36,35,28,28,2020-12-01,10,0,2,3,100,"&#x279A;",44330,0,4.51161741484322,6.76742612226483
"De Ronde Venen","GM0736",2021-01-06,112,112,111,111,105,95,95,2020-12-01,17,0,1,7,-83.3333333333333,"&#x2798;",44696,0,2.23733667442277,15.6613567209594
"Tytsjerksteradiel","GM0737",2021-01-06,14,14,11,11,8,7,7,2020-12-01,7,0,3,6,0,"-",32039,0,9.36358812697025,18.7271762539405
"Asten","GM0743",2021-01-06,43,42,41,40,40,38,38,2020-12-01,5,1,2,3,100,"&#x279A;",16802,5.95167241995001,11.9033448399,17.85501725985
"Baarle-Nassau","GM0744",2021-01-06,19,19,19,19,19,18,18,2020-12-01,1,0,0,0,0,"-",6901,0,0,0
"Bergen op Zoom","GM0748",2021-01-06,159,158,154,152,148,123,123,2020-12-01,36,1,5,11,-16.6666666666667,"&#x2798;",67501,1.48145953393283,7.40729766966415,16.2960548732611
"Best","GM0753",2021-01-06,84,81,69,67,61,50,50,2020-12-01,34,3,15,23,87.5,"&#x279A;",30196,9.93509074049543,49.6754537024771,76.169029010465
"Boekel","GM0755",2021-01-06,38,38,38,38,37,35,35,2020-12-01,3,0,0,1,-100,"&#x2798;",10922,0,0,9.1558322651529
"Boxmeer","GM0756",2021-01-06,80,79,74,74,68,56,56,2020-12-01,24,1,6,12,0,"-",29592,3.37929170045958,20.2757502027575,40.551500405515
"Boxtel","GM0757",2021-01-06,82,79,76,75,69,52,52,2020-12-01,30,3,6,13,-14.2857142857143,"&#x2798;",30875,9.7165991902834,19.4331983805668,42.1052631578947
"Breda","GM0758",2021-01-06,437,432,423,419,402,365,365,2020-12-01,72,5,14,35,-33.3333333333333,"&#x2798;",184151,2.71516309984741,7.60245667957274,19.0061416989319
"Deurne","GM0762",2021-01-06,113,111,104,104,101,93,93,2020-12-01,20,2,9,12,200,"&#x279A;",32482,6.15725632658087,27.7076534696139,36.9435379594853
"Pekela","GM0765",2021-01-06,19,19,17,17,14,9,9,2020-12-01,10,0,2,5,-33.3333333333333,"&#x2798;",12163,0,16.443311682973,41.1082792074324
"Dongen","GM0766",2021-01-06,91,91,86,86,79,63,63,2020-12-01,28,0,5,12,-28.5714285714286,"&#x2798;",26358,0,18.9695728052204,45.526974732529
"Eersel","GM0770",2021-01-06,83,82,82,82,81,73,73,2020-12-01,10,1,1,2,0,"-",19494,5.12978352313532,5.12978352313532,10.2595670462706
"Eindhoven","GM0772",2021-01-06,592,588,569,561,543,457,457,2020-12-01,135,4,23,49,-11.5384615384615,"&#x2798;",235728,1.69687096993145,9.75700807710582,20.7866693816602
"Etten-Leur","GM0777",2021-01-06,113,112,111,110,105,100,100,2020-12-01,13,1,2,8,-66.6666666666667,"&#x2798;",43881,2.27889063603838,4.55778127207675,18.231125088307
"Geertruidenberg","GM0779",2021-01-06,40,39,38,37,36,32,32,2020-12-01,8,1,2,4,0,"-",21792,4.58883994126285,9.1776798825257,18.3553597650514
"Gilze en Rijen","GM0784",2021-01-06,58,58,57,57,53,44,44,2020-12-01,14,0,1,5,-75,"&#x2798;",26806,0,3.73050809520257,18.6525404760128
"Goirle","GM0785",2021-01-06,79,79,78,77,73,65,65,2020-12-01,14,0,1,6,-80,"&#x2798;",23939,0,4.17728392998872,25.0637035799323
"Grave","GM0786",2021-01-06,51,51,49,49,47,46,46,2020-12-01,5,0,2,4,0,"-",12429,0,16.0913991471558,32.1827982943117
"Haaren","GM0788",2021-01-06,42,42,41,41,40,34,34,2020-12-01,8,0,1,2,0,"-",14359,0,6.96427327808343,13.9285465561669
"Helmond","GM0794",2021-01-06,288,286,279,277,271,245,245,2020-12-01,43,2,9,17,12.5,"&#x279A;",92614,2.15950072343274,9.71775325544734,18.3557561491783
"'s-Hertogenbosch","GM0796",2021-01-06,356,352,340,339,324,284,284,2020-12-01,72,4,16,32,0,"-",155491,2.57249615733387,10.2899846293355,20.5799692586709
"Heusden","GM0797",2021-01-06,128,127,121,118,114,103,103,2020-12-01,25,1,7,14,0,"-",45008,2.22182723071454,15.5527906150018,31.1055812300036
"Hilvarenbeek","GM0798",2021-01-06,38,38,38,37,37,33,33,2020-12-01,5,0,0,1,-100,"&#x2798;",15683,0,0,6.37633105910859
"Loon op Zand","GM0809",2021-01-06,86,86,81,80,77,72,72,2020-12-01,14,0,5,9,25,"&#x279A;",23497,0,21.279312252628,38.3027620547304
"Mill en Sint Hubert","GM0815",2021-01-06,26,26,25,25,24,23,23,2020-12-01,3,0,1,2,0,"-",11003,0,9.08843042806507,18.1768608561301
"Nuenen, Gerwen en Nederwetten","GM0820",2021-01-06,47,46,44,44,43,40,40,2020-12-01,7,1,3,4,200,"&#x279A;",23657,4.22707866593397,12.6812359978019,16.9083146637359
"Oirschot","GM0823",2021-01-06,52,51,48,47,46,39,39,2020-12-01,13,1,4,6,100,"&#x279A;",18838,5.3084191527763,21.2336766111052,31.8505149166578
"Oisterwijk","GM0824",2021-01-06,68,66,63,62,59,51,51,2020-12-01,17,2,5,9,25,"&#x279A;",26495,7.54859407435365,18.8714851858841,33.9686733345914
"Oosterhout","GM0826",2021-01-06,156,154,148,145,134,113,113,2020-12-01,43,2,8,22,-42.8571428571429,"&#x2798;",56184,3.55973230813043,14.2389292325217,39.1570553894347
"Oss","GM0828",2021-01-06,295,295,292,292,290,280,280,2020-12-01,15,0,3,5,50,"&#x279A;",92442,0,3.24527812033491,5.40879686722485
"Rucphen","GM0840",2021-01-06,64,61,59,59,55,49,49,2020-12-01,15,3,5,9,25,"&#x279A;",23089,12.9932002252155,21.6553337086924,38.9796006756464
"Sint-Michielsgestel","GM0845",2021-01-06,78,78,75,75,71,64,64,2020-12-01,14,0,3,7,-25,"&#x2798;",29510,0,10.1660454083362,23.720772619451
"Someren","GM0847",2021-01-06,50,47,44,44,39,36,36,2020-12-01,14,3,6,11,20,"&#x279A;",19395,15.4679040989946,30.9358081979892,56.7156483629802
"Son en Breugel","GM0848",2021-01-06,51,51,48,48,47,44,44,2020-12-01,7,0,3,4,200,"&#x279A;",17526,0,17.1174255391989,22.8232340522652
"Steenbergen","GM0851",2021-01-06,68,67,63,63,57,53,53,2020-12-01,15,1,5,11,-16.6666666666667,"&#x2798;",24315,4.11268764137364,20.5634382068682,45.23956405511
"Waterland","GM0852",2021-01-06,42,42,41,41,38,34,34,2020-12-01,8,0,1,4,-66.6666666666667,"&#x2798;",17325,0,5.77200577200577,23.0880230880231
"Tilburg","GM0855",2021-01-06,753,750,724,720,689,608,608,2020-12-01,145,3,29,64,-17.1428571428571,"&#x2798;",220583,1.3600322780994,13.1469786882942,29.0140219327872
"Uden","GM0856",2021-01-06,144,144,143,143,142,136,136,2020-12-01,8,0,1,2,0,"-",42244,0,2.3672000757504,4.7344001515008
"Valkenswaard","GM0858",2021-01-06,68,68,64,63,63,53,53,2020-12-01,15,0,4,5,300,"&#x279A;",31253,0,12.7987713179535,15.9984641474418
"Veldhoven","GM0861",2021-01-06,131,130,126,125,120,99,99,2020-12-01,32,1,5,11,-16.6666666666667,"&#x2798;",45562,2.1948114656951,10.9740573284755,24.1429261226461
"Vught","GM0865",2021-01-06,89,89,86,86,84,69,69,2020-12-01,20,0,3,5,50,"&#x279A;",26786,0,11.1998805346076,18.6664675576794
"Waalre","GM0866",2021-01-06,32,30,30,30,30,28,28,2020-12-01,4,2,2,2,200,"&#x279A;",17519,11.4161767224157,11.4161767224157,11.4161767224157
"Waalwijk","GM0867",2021-01-06,172,172,166,166,150,135,135,2020-12-01,37,0,6,22,-62.5,"&#x2798;",48826,0,12.2885347970344,45.0579609224593
"Woensdrecht","GM0873",2021-01-06,42,42,40,40,40,36,36,2020-12-01,6,0,2,2,200,"&#x279A;",22002,0,9.09008271975275,9.09008271975275
"Zundert","GM0879",2021-01-06,56,56,56,56,55,47,47,2020-12-01,9,0,0,1,-100,"&#x2798;",21995,0,0,4.54648783814503
"Wormerland","GM0880",2021-01-06,42,42,39,38,38,37,37,2020-12-01,5,0,3,4,200,"&#x279A;",16295,0,18.4105553850875,24.5474071801166
"Landgraaf","GM0882",2021-01-06,99,97,90,90,83,76,76,2020-12-01,23,2,9,16,28.5714285714286,"&#x279A;",37325,5.35833891493637,24.1125251172137,42.866711319491
"Beek","GM0888",2021-01-06,30,30,30,30,26,22,22,2020-12-01,8,0,0,4,-100,"&#x2798;",15872,0,0,25.2016129032258
"Beesel","GM0889",2021-01-06,11,11,10,10,10,9,9,2020-12-01,2,0,1,1,100,"&#x279A;",13464,0,7.42721330956625,7.42721330956625
"Bergen (L.)","GM0893",2021-01-06,21,20,18,18,15,13,13,2020-12-01,8,1,3,6,0,"-",13111,7.62718328121425,22.8815498436427,45.7630996872855
"Brunssum","GM0899",2021-01-06,77,77,73,73,68,60,60,2020-12-01,17,0,4,9,-20,"&#x2798;",27655,0,14.4639305731332,32.5438437895498
"Gennep","GM0907",2021-01-06,40,40,37,37,34,27,27,2020-12-01,13,0,3,6,0,"-",17019,0,17.6273576590869,35.2547153181738
"Heerlen","GM0917",2021-01-06,202,198,191,191,182,169,169,2020-12-01,33,4,11,20,22.2222222222222,"&#x279A;",86829,4.60675580739154,12.6685784703267,23.0337790369577
"Kerkrade","GM0928",2021-01-06,113,112,112,112,102,94,94,2020-12-01,19,1,1,11,-90,"&#x2798;",45499,2.19785050220884,2.19785050220884,24.1763555242972
"Maastricht","GM0935",2021-01-06,324,314,297,294,260,240,240,2020-12-01,84,10,27,64,-27.027027027027,"&#x2798;",120379,8.30709675275588,22.4291612324409,53.1654192176376
"Meerssen","GM0938",2021-01-06,37,36,35,35,33,29,29,2020-12-01,8,1,2,4,0,"-",18710,5.34473543559594,10.6894708711919,21.3789417423838
"Mook en Middelaar","GM0944",2021-01-06,20,20,20,20,19,18,18,2020-12-01,2,0,0,1,-100,"&#x2798;",7901,0,0,12.6566257435768
"Nederweert","GM0946",2021-01-06,36,35,34,34,32,29,29,2020-12-01,7,1,2,4,0,"-",17171,5.82377263991614,11.6475452798323,23.2950905596646
"Roermond","GM0957",2021-01-06,146,144,142,142,133,121,121,2020-12-01,25,2,4,13,-55.5555555555556,"&#x2798;",58784,3.40228633641807,6.80457267283615,22.1148611867175
"Simpelveld","GM0965",2021-01-06,27,26,25,25,25,24,24,2020-12-01,3,1,2,2,200,"&#x279A;",10495,9.52834683182468,19.0566936636494,19.0566936636494
"Stein","GM0971",2021-01-06,69,69,69,69,65,59,59,2020-12-01,10,0,0,4,-100,"&#x2798;",24876,0,0,16.0797555877151
"Vaals","GM0981",2021-01-06,18,18,18,17,15,14,14,2020-12-01,4,0,0,3,-100,"&#x2798;",10113,0,0,29.6647878967665
"Venlo","GM0983",2021-01-06,29,29,29,29,24,20,20,2020-12-01,9,0,0,5,-100,"&#x2798;",101967,0,0,4.90354722606333
"Venray","GM0984",2021-01-06,39,38,34,34,33,29,29,2020-12-01,10,1,5,6,400,"&#x279A;",43704,2.28812008054183,11.4406004027091,13.728720483251
"Voerendaal","GM0986",2021-01-06,25,25,25,25,23,22,22,2020-12-01,3,0,0,2,-100,"&#x2798;",12478,0,0,16.0282096489822
"Weert","GM0988",2021-01-06,125,126,118,114,101,74,74,2020-12-01,51,-1,7,24,-58.8235294117647,"&#x2798;",50008,-1.99968005119181,13.9977603583427,47.9923212286034
"Valkenburg aan de Geul","GM0994",2021-01-06,28,28,25,25,25,20,20,2020-12-01,8,0,3,3,300,"&#x279A;",16399,0,18.2937984023416,18.2937984023416
"Lelystad","GM0995",2021-01-06,195,194,183,180,169,147,147,2020-12-01,48,1,12,26,-14.2857142857143,"&#x2798;",79703,1.25465791751879,15.0558950102255,32.6211058554885
"Horst aan de Maas","GM1507",2021-01-06,13,13,13,13,11,10,10,2020-12-01,3,0,0,2,-100,"&#x2798;",42464,0,0,4.70987189148455
"Oude IJsselstreek","GM1509",2021-01-06,58,57,56,53,52,47,47,2020-12-01,11,1,2,6,-50,"&#x2798;",39348,2.5414252312697,5.08285046253939,15.2485513876182
"Teylingen","GM1525",2021-01-06,55,54,51,51,47,42,42,2020-12-01,13,1,4,8,0,"-",37761,2.64823495140489,10.5929398056196,21.1858796112391
"Utrechtse Heuvelrug","GM1581",2021-01-06,75,74,71,71,66,53,53,2020-12-01,22,1,4,9,-20,"&#x2798;",49962,2.00152115607862,8.00608462431448,18.0136904047076
"Oost Gelre","GM1586",2021-01-06,62,61,60,60,58,52,52,2020-12-01,10,1,2,4,0,"-",29574,3.38134848177453,6.76269696354906,13.5253939270981
"Koggenland","GM1598",2021-01-06,26,26,24,22,20,19,19,2020-12-01,7,0,2,6,-50,"&#x2798;",22932,0,8.72143729286586,26.1643118785976
"Lansingerland","GM1621",2021-01-06,115,115,111,110,108,101,101,2020-12-01,14,0,4,7,33.3333333333333,"&#x279A;",63295,0,6.31961450351529,11.0593253811517
"Leudal","GM1640",2021-01-06,82,82,78,77,74,66,66,2020-12-01,16,0,4,8,0,"-",36027,0,11.1027840230938,22.2055680461876
"Maasgouw","GM1641",2021-01-06,56,55,51,51,47,42,42,2020-12-01,14,1,5,9,25,"&#x279A;",23976,4.17083750417084,20.8541875208542,37.5375375375375
"Gemert-Bakel","GM1652",2021-01-06,110,110,104,103,102,97,97,2020-12-01,13,0,6,8,200,"&#x279A;",30751,0,19.5115605996553,26.0154141328737
"Halderberge","GM1655",2021-01-06,82,82,81,81,77,68,68,2020-12-01,14,0,1,5,-75,"&#x2798;",30461,0,3.28288631364696,16.4144315682348
"Heeze-Leende","GM1658",2021-01-06,38,38,37,37,35,29,29,2020-12-01,9,0,1,3,-50,"&#x2798;",16222,0,6.16446800641105,18.4934040192331
"Laarbeek","GM1659",2021-01-06,75,75,73,71,67,64,64,2020-12-01,11,0,2,8,-66.6666666666667,"&#x2798;",22787,0,8.77693421687805,35.1077368675122
"Reusel-De Mierden","GM1667",2021-01-06,39,39,38,38,36,35,35,2020-12-01,4,0,1,3,-50,"&#x2798;",13123,0,7.62020879372095,22.8606263811628
"Roerdalen","GM1669",2021-01-06,45,44,43,43,41,40,40,2020-12-01,5,1,2,4,0,"-",20612,4.85154279060741,9.70308558121483,19.4061711624297
"Roosendaal","GM1674",2021-01-06,181,181,177,176,172,151,151,2020-12-01,30,0,4,9,-20,"&#x2798;",77256,0,5.17759138448794,11.6495806150979
"Schouwen-Duiveland","GM1676",2021-01-06,32,32,27,27,27,23,23,2020-12-01,9,0,5,5,500,"&#x279A;",33990,0,14.7102088849662,14.7102088849662
"Aa en Hunze","GM1680",2021-01-06,8,8,8,8,7,5,5,2020-12-01,3,0,0,1,-100,"&#x2798;",25366,0,0,3.94228494835607
"Borger-Odoorn","GM1681",2021-01-06,26,23,20,20,17,13,13,2020-12-01,13,3,6,9,100,"&#x279A;",25587,11.7247039512252,23.4494079024505,35.1741118536757
"Cuijk","GM1684",2021-01-06,47,47,42,42,42,37,37,2020-12-01,10,0,5,5,500,"&#x279A;",25373,0,19.705986678753,19.705986678753
"Landerd","GM1685",2021-01-06,51,51,49,49,49,48,48,2020-12-01,3,0,2,2,200,"&#x279A;",15838,0,12.6278570526582,12.6278570526582
"De Wolden","GM1690",2021-01-06,30,30,25,25,23,20,20,2020-12-01,10,0,5,7,150,"&#x279A;",24374,0,20.5136620989579,28.7191269385411
"Noord-Beveland","GM1695",2021-01-06,4,4,4,4,4,4,4,2020-12-01,0,0,0,0,0,"-",7570,0,0,0
"Wijdemeren","GM1696",2021-01-06,14,14,12,12,12,12,12,2020-12-01,2,0,2,2,200,"&#x279A;",24440,0,8.18330605564648,8.18330605564648
"Noordenveld","GM1699",2021-01-06,12,12,12,12,12,8,8,2020-12-01,4,0,0,0,0,"-",31216,0,0,0
"Twenterand","GM1700",2021-01-06,102,102,92,89,74,55,55,2020-12-01,47,0,10,28,-44.4444444444444,"&#x2798;",33696,0,29.6771130104463,83.0959164292498
"Westerveld","GM1701",2021-01-06,14,14,13,13,12,8,8,2020-12-01,6,0,1,2,0,"-",19638,0,5.09216824523882,10.1843364904776
"Sint Anthonis","GM1702",2021-01-06,26,26,25,25,24,22,22,2020-12-01,4,0,1,2,0,"-",11687,0,8.55651578677163,17.1130315735433
"Lingewaard","GM1705",2021-01-06,66,66,66,66,54,37,37,2020-12-01,29,0,0,12,-100,"&#x2798;",46781,0,0,25.6514396870524
"Cranendonck","GM1706",2021-01-06,68,66,64,64,63,57,57,2020-12-01,11,2,4,5,300,"&#x279A;",21007,9.52063597848336,19.0412719569667,23.8015899462084
"Steenwijkerland","GM1708",2021-01-06,35,35,31,30,25,16,16,2020-12-01,19,0,4,10,-33.3333333333333,"&#x2798;",44301,0,9.02914155436672,22.5728538859168
"Moerdijk","GM1709",2021-01-06,77,75,73,72,63,55,55,2020-12-01,22,2,4,14,-60,"&#x2798;",37193,5.37735595407738,10.7547119081548,37.6414916785417
"Echt-Susteren","GM1711",2021-01-06,68,65,60,60,59,57,57,2020-12-01,11,3,8,9,700,"&#x279A;",31751,9.44852130641555,25.1960568171081,28.3455639192466
"Sluis","GM1714",2021-01-06,39,39,38,38,32,22,22,2020-12-01,17,0,1,7,-83.3333333333333,"&#x2798;",23143,0,4.32096098172233,30.2467268720563
"Drimmelen","GM1719",2021-01-06,63,62,59,57,50,43,43,2020-12-01,20,1,4,13,-55.5555555555556,"&#x2798;",27334,3.65844735494256,14.6337894197703,47.5598156142533
"Bernheze","GM1721",2021-01-06,121,121,121,121,118,116,116,2020-12-01,5,0,0,3,-100,"&#x2798;",31398,0,0,9.55474871010892
"Alphen-Chaam","GM1723",2021-01-06,40,40,40,40,40,38,38,2020-12-01,2,0,0,0,0,"-",10362,0,0,0
"Bergeijk","GM1724",2021-01-06,60,60,59,59,56,52,52,2020-12-01,8,0,1,4,-66.6666666666667,"&#x2798;",18745,0,5.33475593491598,21.3390237396639
"Bladel","GM1728",2021-01-06,61,60,60,60,58,53,53,2020-12-01,8,1,1,3,-50,"&#x2798;",20552,4.86570650058388,4.86570650058388,14.5971195017517
"Gulpen-Wittem","GM1729",2021-01-06,34,33,32,31,29,28,28,2020-12-01,6,1,2,5,-33.3333333333333,"&#x2798;",14184,7.05019740552736,14.1003948110547,35.2509870276368
"Tynaarlo","GM1730",2021-01-06,18,17,15,15,12,11,11,2020-12-01,7,1,3,6,0,"-",33927,2.94750493707077,8.84251481121231,17.6850296224246
"Midden-Drenthe","GM1731",2021-01-06,24,24,21,21,20,14,14,2020-12-01,10,0,3,4,200,"&#x279A;",33357,0,8.99361453368109,11.9914860449081
"Overbetuwe","GM1734",2021-01-06,61,61,60,60,59,51,51,2020-12-01,10,0,1,2,0,"-",48147,0,2.07697260473134,4.15394520946269
"Hof van Twente","GM1735",2021-01-06,75,75,73,72,67,58,58,2020-12-01,17,0,2,8,-66.6666666666667,"&#x2798;",35037,0,5.70825127722122,22.8330051088849
"Neder-Betuwe","GM1740",2021-01-06,82,81,79,78,76,64,64,2020-12-01,18,1,3,6,0,"-",24634,4.05943005602013,12.1782901680604,24.3565803361208
"Rijssen-Holten","GM1742",2021-01-06,89,89,81,79,73,60,60,2020-12-01,29,0,8,16,0,"-",38182,0,20.9522811796134,41.9045623592269
"Geldrop-Mierlo","GM1771",2021-01-06,115,113,109,109,99,85,85,2020-12-01,30,2,6,16,-40,"&#x2798;",40097,4.98790433199491,14.9637129959847,39.9032346559593
"Olst-Wijhe","GM1773",2021-01-06,16,16,16,16,13,12,12,2020-12-01,4,0,0,3,-100,"&#x2798;",18348,0,0,16.3505559189012
"Dinkelland","GM1774",2021-01-06,62,62,57,57,54,48,48,2020-12-01,14,0,5,8,66.6666666666667,"&#x279A;",26616,0,18.7856928163511,30.0571085061617
"Westland","GM1783",2021-01-06,239,237,227,224,214,177,177,2020-12-01,62,2,12,25,-7.69230769230769,"&#x2798;",111342,1.79626735643333,10.7776041386,22.4533419554166
"Midden-Delfland","GM1842",2021-01-06,40,40,37,37,35,28,28,2020-12-01,12,0,3,5,50,"&#x279A;",19378,0,15.4814738363092,25.8024563938487
"Berkelland","GM1859",2021-01-06,72,72,68,67,65,61,61,2020-12-01,11,0,4,7,33.3333333333333,"&#x279A;",43821,0,9.12804363204856,15.974076356085
"Bronckhorst","GM1876",2021-01-06,63,63,59,59,58,47,47,2020-12-01,16,0,4,5,300,"&#x279A;",36103,0,11.0794116832396,13.8492646040495
"Sittard-Geleen","GM1883",2021-01-06,196,193,183,183,172,158,158,2020-12-01,38,3,13,24,18.1818181818182,"&#x279A;",91781,3.26865037426047,14.1641516217954,26.1492029940837
"Kaag en Braassem","GM1884",2021-01-06,40,40,38,36,33,26,26,2020-12-01,14,0,2,7,-60,"&#x2798;",27547,0,7.26031872799216,25.4111155479726
"Dantumadiel","GM1891",2021-01-06,10,10,9,9,6,3,3,2020-12-01,7,0,1,4,-66.6666666666667,"&#x2798;",18927,0,5.28345749458446,21.1338299783378
"Zuidplas","GM1892",2021-01-06,86,84,79,79,75,66,66,2020-12-01,20,2,7,11,75,"&#x279A;",45015,4.44296345662557,15.5503720981895,24.4362990114406
"Peel en Maas","GM1894",2021-01-06,36,36,36,36,35,34,34,2020-12-01,2,0,0,1,-100,"&#x2798;",43695,0,0,2.28859137201053
"Oldambt","GM1895",2021-01-06,47,47,45,43,32,21,21,2020-12-01,26,0,2,15,-84.6153846153846,"&#x2798;",38281,0,5.22452391525822,39.1839293644367
"Zwartewaterland","GM1896",2021-01-06,26,26,24,24,22,18,18,2020-12-01,8,0,2,4,0,"-",22797,0,8.77308417774269,17.5461683554854
"Súdwest-Fryslân","GM1900",2021-01-06,73,73,67,66,61,46,46,2020-12-01,27,0,6,12,0,"-",89930,0,6.67185588791282,13.3437117758256
"Bodegraven-Reeuwijk","GM1901",2021-01-06,69,69,67,66,61,51,51,2020-12-01,18,0,2,8,-66.6666666666667,"&#x2798;",35288,0,5.66764905917026,22.670596236681
"Eijsden-Margraten","GM1903",2021-01-06,74,71,70,69,68,64,64,2020-12-01,10,3,4,6,100,"&#x279A;",25903,11.5816700768251,15.4422267691001,23.1633401536502
"Stichtse Vecht","GM1904",2021-01-06,138,138,133,133,127,106,106,2020-12-01,32,0,5,11,-16.6666666666667,"&#x2798;",65142,0,7.67553959043321,16.8861870989531
"Hollands Kroon","GM1911",2021-01-06,72,70,63,59,52,40,40,2020-12-01,32,2,9,20,-18.1818181818182,"&#x2798;",48532,4.12099233495426,18.5444655072942,41.2099233495426
"Leidschendam-Voorburg","GM1916",2021-01-06,137,135,129,128,119,105,105,2020-12-01,32,2,8,18,-20,"&#x2798;",76451,2.61605472786491,10.4642189114596,23.5444925507842
"Goeree-Overflakkee","GM1924",2021-01-06,138,137,128,127,123,108,108,2020-12-01,30,1,10,15,100,"&#x279A;",50567,1.9775743073546,19.775743073546,29.663614610319
"Pijnacker-Nootdorp","GM1926",2021-01-06,79,79,76,76,73,70,70,2020-12-01,9,0,3,6,0,"-",55592,0,5.39645992229098,10.792919844582
"Nissewaard","GM1930",2021-01-06,223,223,214,212,201,172,172,2020-12-01,51,0,9,22,-30.7692307692308,"&#x2798;",85302,0,10.5507491031863,25.790720030011
"Krimpenerwaard","GM1931",2021-01-06,141,139,135,135,127,115,115,2020-12-01,26,2,6,14,-25,"&#x2798;",56559,3.53613041248961,10.6083912374688,24.7529128874273
"De Fryske Marren","GM1940",2021-01-06,46,44,41,40,38,33,33,2020-12-01,13,2,5,8,66.6666666666667,"&#x279A;",51735,3.86585483715087,9.66463709287716,15.4634193486035
"Gooise Meren","GM1942",2021-01-06,32,32,28,28,27,24,24,2020-12-01,8,0,4,5,300,"&#x279A;",58466,0,6.84158314233914,8.55197892792392
"Berg en Dal","GM1945",2021-01-06,94,94,92,91,87,79,79,2020-12-01,15,0,2,7,-60,"&#x2798;",35015,0,5.71183778380694,19.9914322433243
"Meierijstad","GM1948",2021-01-06,319,319,314,313,304,297,297,2020-12-01,22,0,5,15,-50,"&#x2798;",81653,0,6.12347372417425,18.3704211725228
"Waadhoeke","GM1949",2021-01-06,30,30,27,25,19,15,15,2020-12-01,15,0,3,11,-62.5,"&#x2798;",46082,0,6.51013410876264,23.8704917321297
"Westerwolde","GM1950",2021-01-06,29,29,27,27,26,19,19,2020-12-01,10,0,2,3,100,"&#x279A;",26284,0,7.60919190381981,11.4137878557297
"Midden-Groningen","GM1952",2021-01-06,72,69,65,64,52,42,42,2020-12-01,30,3,7,20,-46.1538461538462,"&#x2798;",60745,4.93867808050045,11.5235821878344,32.9245205366697
"Beekdaelen","GM1954",2021-01-06,84,84,81,81,73,67,67,2020-12-01,17,0,3,11,-62.5,"&#x2798;",36073,0,8.31646938153189,30.4937210656169
"Montferland","GM1955",2021-01-06,53,51,50,50,49,42,42,2020-12-01,11,2,3,4,200,"&#x279A;",36062,5.54600410404304,8.31900615606456,11.0920082080861
"Altena","GM1959",2021-01-06,152,150,141,138,123,98,98,2020-12-01,54,2,11,29,-38.8888888888889,"&#x2798;",56308,3.55189315905378,19.5354123747958,51.5024508062797
"West Betuwe","GM1960",2021-01-06,141,141,136,133,132,113,113,2020-12-01,28,0,5,9,25,"&#x279A;",51489,0,9.71081201810095,17.4794616325817
"Vijfheerenlanden","GM1961",2021-01-06,110,110,105,102,96,90,90,2020-12-01,20,0,5,14,-44.4444444444444,"&#x2798;",57786,0,8.65261482019866,24.2273214965563
"Hoeksche Waard","GM1963",2021-01-06,182,181,174,173,165,150,150,2020-12-01,32,1,8,17,-11.1111111111111,"&#x2798;",87963,1.136841626593,9.09473301274399,19.326307652081
"Het Hogeland","GM1966",2021-01-06,22,22,22,22,19,13,13,2020-12-01,9,0,0,3,-100,"&#x2798;",47859,0,0,6.26841346455212
"Westerkwartier","GM1969",2021-01-06,62,60,56,55,50,39,39,2020-12-01,23,2,6,12,0,"-",63603,3.14450576230681,9.43351728692043,18.8670345738409
"Noardeast-Fryslân","GM1970",2021-01-06,32,32,27,26,24,14,14,2020-12-01,18,0,5,8,66.6666666666667,"&#x279A;",45479,0,10.994085182172,17.5905362914752
"Molenlanden","GM1978",2021-01-06,80,80,74,72,68,60,60,2020-12-01,20,0,6,12,0,"-",44105,0,13.6038997846049,27.2077995692098
