"municipality","Municipality_code","date","d0","d1","d7","d8","d14","lowest_since_nov1","lowest_since_nov1_date","current","increase_1d","increase_7d","increase_14d","increase_growth","growth","population","rel_increase_1d","rel_increase_7d","rel_increase_14d"
"Netherlands","",2020-12-31,20077,19940,19412,19320,18779,15242,2020-11-01,4835,137,665,1298,5.05529225908372,"&#x279A;",17443797,0.785379467555143,3.81224340090635,7.44104050282172
"Unknown","",2020-12-31,113,113,110,111,110,91,2020-11-01,22,0,3,3,300,"&#x279A;",NA,NA,NA,NA
"Appingedam","GM0003",2020-12-31,9,9,9,9,9,8,2020-11-01,1,0,0,0,0,"-",11524,0,0,0
"Delfzijl","GM0010",2020-12-31,12,12,11,9,9,8,2020-11-01,4,0,1,3,-50,"&#x2798;",24590,0,4.06669377795852,12.2000813338756
"Groningen","GM0014",2020-12-31,51,51,50,49,42,32,2020-11-01,19,0,1,9,-87.5,"&#x2798;",233441,0,0.428373764677156,3.8553638820944
"Loppersum","GM0024",2020-12-31,2,2,2,2,2,0,2020-11-01,2,0,0,0,0,"-",9476,0,0,0
"Almere","GM0034",2020-12-31,216,214,207,206,196,170,2020-11-01,46,2,9,20,-18.1818181818182,"&#x2798;",214339,0.933101302142867,4.1989558596429,9.33101302142867
"Stadskanaal","GM0037",2020-12-31,15,14,12,12,12,8,2020-11-01,7,1,3,3,300,"&#x279A;",31679,3.15666529877837,9.46999589633511,9.46999589633511
"Veendam","GM0047",2020-12-31,4,4,4,4,4,4,2020-11-01,0,0,0,0,0,"-",27395,0,0,0
"Zeewolde","GM0050",2020-12-31,17,17,16,16,16,13,2020-11-01,4,0,1,1,100,"&#x279A;",22767,0,4.39232222075811,4.39232222075811
"Achtkarspelen","GM0059",2020-12-31,2,2,2,1,1,0,2020-11-01,2,0,0,1,-100,"&#x2798;",27880,0,0,3.58680057388809
"Ameland","GM0060",2020-12-31,0,0,0,0,0,0,2020-11-01,0,0,0,0,0,"-",3759,0,0,0
"Harlingen","GM0072",2020-12-31,5,5,5,5,5,4,2020-11-01,1,0,0,0,0,"-",15830,0,0,0
"Heerenveen","GM0074",2020-12-31,19,18,17,17,17,16,2020-11-01,3,1,2,2,200,"&#x279A;",50603,1.9761674209039,3.9523348418078,3.9523348418078
"Leeuwarden","GM0080",2020-12-31,57,57,54,54,54,47,2020-11-01,10,0,3,3,300,"&#x279A;",124427,0,2.41105226357623,2.41105226357623
"Ooststellingwerf","GM0085",2020-12-31,10,10,10,10,9,5,2020-11-01,5,0,0,1,-100,"&#x2798;",25398,0,0,3.93731789904717
"Opsterland","GM0086",2020-12-31,15,15,14,14,14,8,2020-11-01,7,0,1,1,100,"&#x279A;",29815,0,3.35401643468053,3.35401643468053
"Schiermonnikoog","GM0088",2020-12-31,1,1,1,1,1,1,2020-11-01,0,0,0,0,0,"-",938,0,0,0
"Smallingerland","GM0090",2020-12-31,16,16,16,16,16,12,2020-11-01,4,0,0,0,0,"-",56069,0,0,0
"Terschelling","GM0093",2020-12-31,1,1,1,1,1,1,2020-11-01,0,0,0,0,0,"-",4887,0,0,0
"Vlieland","GM0096",2020-12-31,0,0,0,0,0,0,2020-11-01,0,0,0,0,0,"-",1199,0,0,0
"Weststellingwerf","GM0098",2020-12-31,6,6,6,6,5,3,2020-11-01,3,0,0,1,-100,"&#x2798;",26094,0,0,3.8322986127079
"Assen","GM0106",2020-12-31,30,30,30,30,28,14,2020-11-01,16,0,0,2,-100,"&#x2798;",68808,0,0,2.90663876293454
"Coevorden","GM0109",2020-12-31,27,27,26,26,26,19,2020-11-01,8,0,1,1,100,"&#x279A;",35306,0,2.83237976547896,2.83237976547896
"Emmen","GM0114",2020-12-31,65,65,62,62,62,49,2020-11-01,16,0,3,3,300,"&#x279A;",107019,0,2.80324054607126,2.80324054607126
"Hoogeveen","GM0118",2020-12-31,42,41,37,37,36,29,2020-11-01,13,1,5,6,400,"&#x279A;",55562,1.79979122421799,8.99895612108995,10.7987473453079
"Meppel","GM0119",2020-12-31,15,15,14,14,14,11,2020-11-01,4,0,1,1,100,"&#x279A;",34291,0,2.91621708319967,2.91621708319967
"Almelo","GM0141",2020-12-31,54,54,52,52,47,32,2020-11-01,22,0,2,7,-60,"&#x2798;",73184,0,2.73283777874945,9.56493222562309
"Borne","GM0147",2020-12-31,22,22,21,20,19,16,2020-11-01,6,0,1,3,-50,"&#x2798;",23592,0,4.23872499152255,12.7161749745677
"Dalfsen","GM0148",2020-12-31,19,19,18,18,18,17,2020-11-01,2,0,1,1,100,"&#x279A;",28925,0,3.45721694036301,3.45721694036301
"Deventer","GM0150",2020-12-31,68,68,65,64,62,50,2020-11-01,18,0,3,6,0,"-",101081,0,2.96791681918461,5.93583363836923
"Enschede","GM0153",2020-12-31,135,131,124,123,117,70,2020-11-01,65,4,11,18,57.1428571428571,"&#x279A;",159916,2.50131318942445,6.87861127091723,11.25590935241
"Haaksbergen","GM0158",2020-12-31,24,24,23,23,22,18,2020-11-01,6,0,1,2,0,"-",24265,0,4.1211621677313,8.2423243354626
"Hardenberg","GM0160",2020-12-31,38,37,34,34,33,24,2020-11-01,14,1,4,5,300,"&#x279A;",61249,1.63267971721987,6.53071886887949,8.16339858609937
"Hellendoorn","GM0163",2020-12-31,17,17,17,17,17,13,2020-11-01,4,0,0,0,0,"-",35930,0,0,0
"Hengelo","GM0164",2020-12-31,55,55,52,52,50,39,2020-11-01,16,0,3,5,50,"&#x279A;",81138,0,3.69740442209569,6.16234070349281
"Kampen","GM0166",2020-12-31,68,68,68,68,66,61,2020-11-01,7,0,0,2,-100,"&#x2798;",54423,0,0,3.67491685500616
"Losser","GM0168",2020-12-31,26,24,22,22,19,11,2020-11-01,15,2,4,7,33.3333333333333,"&#x279A;",22852,8.75196919306844,17.5039383861369,30.6318921757395
"Noordoostpolder","GM0171",2020-12-31,26,26,26,26,26,20,2020-11-01,6,0,0,0,0,"-",47537,0,0,0
"Oldenzaal","GM0173",2020-12-31,35,34,33,33,29,16,2020-11-01,19,1,2,6,-50,"&#x2798;",31728,3.15179021684317,6.30358043368633,18.910741301059
"Ommen","GM0175",2020-12-31,11,11,10,10,10,9,2020-11-01,2,0,1,1,100,"&#x279A;",18264,0,5.47525186158563,5.47525186158563
"Raalte","GM0177",2020-12-31,27,27,27,27,27,25,2020-11-01,2,0,0,0,0,"-",37859,0,0,0
"Staphorst","GM0180",2020-12-31,12,12,11,11,11,8,2020-11-01,4,0,1,1,100,"&#x279A;",17259,0,5.79407845182224,5.79407845182224
"Tubbergen","GM0183",2020-12-31,16,16,15,15,14,12,2020-11-01,4,0,1,2,0,"-",21323,0,4.68977160812268,9.37954321624537
"Urk","GM0184",2020-12-31,40,40,39,38,38,24,2020-11-01,16,0,1,2,0,"-",21184,0,4.72054380664653,9.44108761329305
"Wierden","GM0189",2020-12-31,11,11,11,11,11,7,2020-11-01,4,0,0,0,0,"-",24540,0,0,0
"Zwolle","GM0193",2020-12-31,66,66,64,64,63,54,2020-11-01,12,0,2,3,100,"&#x279A;",129561,0,1.54367440819382,2.31551161229074
"Aalten","GM0197",2020-12-31,17,17,16,16,14,13,2020-11-01,4,0,1,3,-50,"&#x2798;",27128,0,3.68622825125332,11.05868475376
"Apeldoorn","GM0200",2020-12-31,148,148,143,142,138,117,2020-11-01,31,0,5,10,0,"-",164609,0,3.03750098718782,6.07500197437564
"Arnhem","GM0202",2020-12-31,132,132,127,124,120,99,2020-11-01,33,0,5,12,-28.5714285714286,"&#x2798;",162299,0,3.08073370753979,7.39376089809549
"Barneveld","GM0203",2020-12-31,32,32,32,32,32,25,2020-11-01,7,0,0,0,0,"-",59846,0,0,0
"Beuningen","GM0209",2020-12-31,25,25,24,24,24,20,2020-11-01,5,0,1,1,100,"&#x279A;",26156,0,3.82321455880104,3.82321455880104
"Brummen","GM0213",2020-12-31,25,25,24,23,22,19,2020-11-01,6,0,1,3,-50,"&#x2798;",20854,0,4.79524311882613,14.3857293564784
"Buren","GM0214",2020-12-31,29,29,29,29,27,23,2020-11-01,6,0,0,2,-100,"&#x2798;",26992,0,0,7.40960284528749
"Culemborg","GM0216",2020-12-31,35,35,35,35,34,28,2020-11-01,7,0,0,1,-100,"&#x2798;",29103,0,0,3.43607188262378
"Doesburg","GM0221",2020-12-31,15,15,14,14,13,11,2020-11-01,4,0,1,2,0,"-",11028,0,9.06782734856728,18.1356546971346
"Doetinchem","GM0222",2020-12-31,45,45,44,43,42,34,2020-11-01,11,0,1,3,-50,"&#x2798;",58220,0,1.71762281003092,5.15286843009275
"Druten","GM0225",2020-12-31,32,32,31,31,31,28,2020-11-01,4,0,1,1,100,"&#x279A;",18972,0,5.27092557453089,5.27092557453089
"Duiven","GM0226",2020-12-31,22,22,20,20,18,17,2020-11-01,5,0,2,4,0,"-",25079,0,7.97479963315922,15.9495992663184
"Ede","GM0228",2020-12-31,101,101,101,101,95,75,2020-11-01,26,0,0,6,-100,"&#x2798;",118461,0,0,5.06495808747183
"Elburg","GM0230",2020-12-31,32,32,32,31,31,29,2020-11-01,3,0,0,1,-100,"&#x2798;",23394,0,0,4.27460032486962
"Epe","GM0232",2020-12-31,62,61,59,58,58,53,2020-11-01,9,1,3,4,200,"&#x279A;",33179,3.01395460984358,9.04186382953073,12.0558184393743
"Ermelo","GM0233",2020-12-31,34,34,33,33,33,33,2020-11-01,1,0,1,1,100,"&#x279A;",27028,0,3.69986680479503,3.69986680479503
"Harderwijk","GM0243",2020-12-31,60,60,58,58,56,47,2020-11-01,13,0,2,4,0,"-",48637,0,4.11209572958859,8.22419145917717
"Hattem","GM0244",2020-12-31,19,19,19,19,19,18,2020-11-01,1,0,0,0,0,"-",12227,0,0,0
"Heerde","GM0246",2020-12-31,55,55,55,55,55,55,2020-11-01,0,0,0,0,0,"-",18749,0,0,0
"Heumen","GM0252",2020-12-31,24,24,23,23,21,19,2020-11-01,5,0,1,3,-50,"&#x2798;",16584,0,6.02990834539315,18.0897250361794
"Lochem","GM0262",2020-12-31,26,26,24,23,23,18,2020-11-01,8,0,2,3,100,"&#x279A;",33869,0,5.90510496324072,8.85765744486108
"Maasdriel","GM0263",2020-12-31,28,28,28,28,26,20,2020-11-01,8,0,0,2,-100,"&#x2798;",25442,0,0,7.8610172156277
"Nijkerk","GM0267",2020-12-31,37,37,35,35,34,27,2020-11-01,10,0,2,3,100,"&#x279A;",43527,0,4.59484917407586,6.89227376111379
"Nijmegen","GM0268",2020-12-31,211,211,207,205,200,180,2020-11-01,31,0,4,11,-42.8571428571429,"&#x2798;",177489,0,2.25366079024616,6.19756717317693
"Oldebroek","GM0269",2020-12-31,43,43,43,43,42,40,2020-11-01,3,0,0,1,-100,"&#x2798;",23715,0,0,4.21674045962471
"Putten","GM0273",2020-12-31,16,14,13,13,13,12,2020-11-01,4,2,3,3,300,"&#x279A;",24387,8.2010907450691,12.3016361176036,12.3016361176036
"Renkum","GM0274",2020-12-31,25,23,22,22,22,17,2020-11-01,8,2,3,3,300,"&#x279A;",31398,6.36983247340595,9.55474871010892,9.55474871010892
"Rheden","GM0275",2020-12-31,43,43,43,43,41,35,2020-11-01,8,0,0,2,-100,"&#x2798;",43649,0,0,4.58200646062911
"Rozendaal","GM0277",2020-12-31,1,1,1,1,1,1,2020-11-01,0,0,0,0,0,"-",1719,0,0,0
"Scherpenzeel","GM0279",2020-12-31,5,5,5,5,5,5,2020-11-01,0,0,0,0,0,"-",10095,0,0,0
"Tiel","GM0281",2020-12-31,66,66,65,65,65,48,2020-11-01,18,0,1,1,100,"&#x279A;",41907,0,2.38623618965805,2.38623618965805
"Voorst","GM0285",2020-12-31,23,23,22,20,19,18,2020-11-01,5,0,1,4,-66.6666666666667,"&#x2798;",24720,0,4.0453074433657,16.1812297734628
"Wageningen","GM0289",2020-12-31,30,30,30,30,30,26,2020-11-01,4,0,0,0,0,"-",39770,0,0,0
"Westervoort","GM0293",2020-12-31,18,17,16,16,16,12,2020-11-01,6,1,2,2,200,"&#x279A;",15008,6.66311300639659,13.3262260127932,13.3262260127932
"Winterswijk","GM0294",2020-12-31,13,13,13,13,13,9,2020-11-01,4,0,0,0,0,"-",28937,0,0,0
"Wijchen","GM0296",2020-12-31,65,62,61,61,61,54,2020-11-01,11,3,4,4,400,"&#x279A;",41239,7.27466718397633,9.69955624530178,9.69955624530178
"Zaltbommel","GM0297",2020-12-31,28,28,26,26,26,23,2020-11-01,5,0,2,2,200,"&#x279A;",29418,0,6.79855870555442,6.79855870555442
"Zevenaar","GM0299",2020-12-31,65,65,62,62,61,58,2020-11-01,7,0,3,4,200,"&#x279A;",44098,0,6.80302961585559,9.07070615447413
"Zutphen","GM0301",2020-12-31,44,44,42,42,40,34,2020-11-01,10,0,2,4,0,"-",48130,0,4.15541242468315,8.3108248493663
"Nunspeet","GM0302",2020-12-31,69,69,69,69,68,61,2020-11-05,8,0,0,1,-100,"&#x2798;",28011,0,0,3.57002606119025
"Dronten","GM0303",2020-12-31,50,50,50,50,46,40,2020-11-01,10,0,0,4,-100,"&#x2798;",41907,0,0,9.54494475863221
"Amersfoort","GM0307",2020-12-31,156,154,150,149,140,99,2020-11-01,57,2,6,16,-40,"&#x2798;",157613,1.26893086230197,3.8067925869059,10.1514468984157
"Baarn","GM0308",2020-12-31,27,27,26,25,25,17,2020-11-01,10,0,1,2,0,"-",24841,0,4.0256028340244,8.05120566804879
"De Bilt","GM0310",2020-12-31,42,42,41,41,38,35,2020-11-01,7,0,1,4,-66.6666666666667,"&#x2798;",43372,0,2.30563497187125,9.22253988748501
"Bunnik","GM0312",2020-12-31,16,16,16,16,16,12,2020-11-01,4,0,0,0,0,"-",15352,0,0,0
"Bunschoten","GM0313",2020-12-31,39,39,38,38,37,17,2020-11-01,22,0,1,2,0,"-",22030,0,4.53926463912846,9.07852927825692
"Eemnes","GM0317",2020-12-31,8,7,7,7,7,3,2020-11-01,5,1,1,1,100,"&#x279A;",9370,10.6723585912487,10.6723585912487,10.6723585912487
"Houten","GM0321",2020-12-31,45,45,44,44,43,34,2020-11-01,11,0,1,2,0,"-",50236,0,1.99060434747989,3.98120869495979
"Leusden","GM0327",2020-12-31,21,20,18,18,17,11,2020-11-01,10,1,3,4,200,"&#x279A;",30509,3.27772132813268,9.83316398439805,13.1108853125307
"Lopik","GM0331",2020-12-31,25,25,25,25,25,25,2020-11-01,0,0,0,0,0,"-",14434,0,0,0
"Montfoort","GM0335",2020-12-31,17,17,16,16,16,16,2020-11-01,1,0,1,1,100,"&#x279A;",13901,0,7.19372706999496,7.19372706999496
"Renswoude","GM0339",2020-12-31,5,5,5,5,5,5,2020-11-01,0,0,0,0,0,"-",5533,0,0,0
"Rhenen","GM0340",2020-12-31,20,20,19,17,15,13,2020-11-01,7,0,1,5,-75,"&#x2798;",20170,0,4.95785820525533,24.7892910262766
"Soest","GM0342",2020-12-31,50,50,49,48,47,37,2020-11-01,13,0,1,3,-50,"&#x2798;",46905,0,2.13196887325445,6.39590661976335
"Utrecht","GM0344",2020-12-31,486,486,477,477,473,368,2020-11-01,118,0,9,13,125,"&#x279A;",359481,0,2.50360937017534,3.61632464580882
"Veenendaal","GM0345",2020-12-31,86,85,84,84,79,59,2020-11-01,27,1,2,7,-60,"&#x2798;",66905,1.49465660264554,2.98931320529108,10.4625962185188
"Woudenberg","GM0351",2020-12-31,13,12,12,12,11,9,2020-11-01,4,1,1,2,0,"-",13602,7.35186002058521,7.35186002058521,14.7037200411704
"Wijk bij Duurstede","GM0352",2020-12-31,15,15,15,15,15,12,2020-11-01,3,0,0,0,0,"-",23932,0,0,0
"IJsselstein","GM0353",2020-12-31,56,56,53,53,52,44,2020-11-01,12,0,3,4,200,"&#x279A;",33901,0,8.84929648092977,11.799061974573
"Zeist","GM0355",2020-12-31,57,56,55,55,53,45,2020-11-02,12,1,2,4,0,"-",64980,1.5389350569406,3.07787011388119,6.15574022776239
"Nieuwegein","GM0356",2020-12-31,75,75,73,73,69,54,2020-11-01,21,0,2,6,-50,"&#x2798;",63821,0,3.13376474828035,9.40129424484104
"Aalsmeer","GM0358",2020-12-31,19,19,19,19,19,12,2020-11-01,7,0,0,0,0,"-",31958,0,0,0
"Alkmaar","GM0361",2020-12-31,89,88,88,87,83,68,2020-11-01,21,1,1,6,-80,"&#x2798;",109809,0.910672167126556,0.910672167126556,5.46403300275934
"Amstelveen","GM0362",2020-12-31,94,94,93,92,90,76,2020-11-01,18,0,1,4,-66.6666666666667,"&#x2798;",90965,0,1.09932391579179,4.39729566316715
"Amsterdam","GM0363",2020-12-31,1349,1331,1303,1295,1250,1049,2020-11-01,300,18,46,99,-13.2075471698113,"&#x2798;",872939,2.06199975026892,5.2695549173539,11.3409986264791
"Beemster","GM0370",2020-12-31,5,5,5,5,4,4,2020-11-01,1,0,0,1,-100,"&#x2798;",10062,0,0,9.93838203140529
"Bergen (NH.)","GM0373",2020-12-31,28,27,27,27,27,22,2020-11-01,6,1,1,1,100,"&#x279A;",29674,3.36995349464177,3.36995349464177,3.36995349464177
"Beverwijk","GM0375",2020-12-31,25,25,25,25,25,20,2020-11-01,5,0,0,0,0,"-",41803,0,0,0
"Blaricum","GM0376",2020-12-31,8,8,8,8,8,8,2020-11-01,0,0,0,0,0,"-",11885,0,0,0
"Bloemendaal","GM0377",2020-12-31,11,11,10,10,10,10,2020-11-01,1,0,1,1,100,"&#x279A;",23526,0,4.25061633936921,4.25061633936921
"Castricum","GM0383",2020-12-31,18,18,18,18,18,18,2020-11-01,0,0,0,0,0,"-",36198,0,0,0
"Diemen","GM0384",2020-12-31,34,33,30,30,30,24,2020-11-01,10,1,4,4,400,"&#x279A;",31263,3.19866935354892,12.7946774141957,12.7946774141957
"Edam-Volendam","GM0385",2020-12-31,63,62,59,57,57,42,2020-11-01,21,1,4,6,100,"&#x279A;",36239,2.75945804244046,11.0378321697619,16.5567482546428
"Enkhuizen","GM0388",2020-12-31,24,24,24,22,20,20,2020-11-01,4,0,0,4,-100,"&#x2798;",18640,0,0,21.4592274678112
"Haarlem","GM0392",2020-12-31,147,147,145,143,137,107,2020-11-01,40,0,2,10,-75,"&#x2798;",162773,0,1.22870500635855,6.14352503179274
"Haarlemmermeer","GM0394",2020-12-31,127,127,123,123,120,100,2020-11-01,27,0,4,7,33.3333333333333,"&#x279A;",157715,0,2.53622039755255,4.43838569571696
"Heemskerk","GM0396",2020-12-31,45,45,42,42,42,35,2020-11-01,10,0,3,3,300,"&#x279A;",39207,0,7.65169485040937,7.65169485040937
"Heemstede","GM0397",2020-12-31,21,21,21,21,21,17,2020-11-01,4,0,0,0,0,"-",27474,0,0,0
"Heerhugowaard","GM0398",2020-12-31,38,37,36,36,36,30,2020-11-01,8,1,2,2,200,"&#x279A;",58156,1.7195130339088,3.43902606781759,3.43902606781759
"Heiloo","GM0399",2020-12-31,15,15,15,15,15,12,2020-11-01,3,0,0,0,0,"-",24095,0,0,0
"Den Helder","GM0400",2020-12-31,27,26,23,23,22,17,2020-11-01,10,1,4,5,300,"&#x279A;",56506,1.76972356917849,7.07889427671398,8.84861784589247
"Hilversum","GM0402",2020-12-31,53,52,52,51,49,42,2020-11-01,11,1,1,4,-66.6666666666667,"&#x2798;",91233,1.09609461488716,1.09609461488716,4.38437845954863
"Hoorn","GM0405",2020-12-31,54,54,55,52,51,40,2020-11-01,14,0,-1,3,-125,"&#x2798;",73552,0,-1.35958233630629,4.07874700891886
"Huizen","GM0406",2020-12-31,41,41,40,40,38,31,2020-11-01,10,0,1,3,-50,"&#x2798;",41146,0,2.43036990229913,7.29110970689739
"Landsmeer","GM0415",2020-12-31,8,8,7,7,7,5,2020-11-01,3,0,1,1,100,"&#x279A;",11578,0,8.63707030575229,8.63707030575229
"Langedijk","GM0416",2020-12-31,23,23,23,23,23,21,2020-11-01,2,0,0,0,0,"-",28327,0,0,0
"Laren","GM0417",2020-12-31,12,12,12,12,12,10,2020-11-01,2,0,0,0,0,"-",11406,0,0,0
"Medemblik","GM0420",2020-12-31,27,27,24,24,23,20,2020-11-01,7,0,3,4,200,"&#x279A;",45116,0,6.64952566716908,8.8660342228921
"Oostzaan","GM0431",2020-12-31,13,13,13,13,13,12,2020-11-01,1,0,0,0,0,"-",9668,0,0,0
"Opmeer","GM0432",2020-12-31,3,3,3,3,3,1,2020-11-01,2,0,0,0,0,"-",11995,0,0,0
"Ouder-Amstel","GM0437",2020-12-31,8,8,8,8,8,8,2020-11-01,0,0,0,0,0,"-",14146,0,0,0
"Purmerend","GM0439",2020-12-31,107,107,103,103,103,88,2020-11-01,19,0,4,4,400,"&#x279A;",81735,0,4.89386431761179,4.89386431761179
"Schagen","GM0441",2020-12-31,28,27,27,26,25,21,2020-11-01,7,1,1,3,-50,"&#x2798;",46517,2.14975170367823,2.14975170367823,6.44925511103467
"Texel","GM0448",2020-12-31,6,6,6,6,6,6,2020-11-01,0,0,0,0,0,"-",13651,0,0,0
"Uitgeest","GM0450",2020-12-31,8,8,8,8,7,7,2020-11-01,1,0,0,1,-100,"&#x2798;",13661,0,0,7.3201083376034
"Uithoorn","GM0451",2020-12-31,27,27,27,27,27,21,2020-11-01,6,0,0,0,0,"-",30051,0,0,0
"Velsen","GM0453",2020-12-31,67,67,66,64,62,50,2020-11-01,17,0,1,5,-75,"&#x2798;",68758,0,1.45437621804008,7.27188109020041
"Weesp","GM0457",2020-12-31,12,12,12,12,11,10,2020-11-01,2,0,0,1,-100,"&#x2798;",20466,0,0,4.88615264340858
"Zandvoort","GM0473",2020-12-31,15,15,15,15,15,15,2020-11-01,0,0,0,0,0,"-",17149,0,0,0
"Zaanstad","GM0479",2020-12-31,225,223,218,216,210,161,2020-11-01,64,2,7,15,-12.5,"&#x2798;",157133,1.27280711244614,4.45482489356151,9.54605334334608
"Alblasserdam","GM0482",2020-12-31,18,17,16,16,15,11,2020-11-01,7,1,2,3,100,"&#x279A;",20229,4.94339809184834,9.88679618369667,14.830194275545
"Alphen aan den Rijn","GM0484",2020-12-31,128,127,122,120,113,89,2020-11-01,39,1,6,15,-33.3333333333333,"&#x2798;",112520,0.888730892285816,5.3323853537149,13.3309633842872
"Barendrecht","GM0489",2020-12-31,75,75,73,73,72,51,2020-11-01,24,0,2,3,100,"&#x279A;",48597,0,4.11548037944729,6.17322056917094
"Drechterland","GM0498",2020-12-31,8,8,7,7,7,6,2020-11-01,2,0,1,1,100,"&#x279A;",19832,0,5.04235578862445,5.04235578862445
"Brielle","GM0501",2020-12-31,23,23,23,23,23,17,2020-11-01,6,0,0,0,0,"-",17397,0,0,0
"Capelle aan den IJssel","GM0502",2020-12-31,107,106,99,99,99,73,2020-11-01,34,1,8,8,800,"&#x279A;",67204,1.48800666626986,11.9040533301589,11.9040533301589
"Delft","GM0503",2020-12-31,73,72,71,71,70,48,2020-11-01,25,1,2,3,100,"&#x279A;",103973,0.96178815654064,1.92357631308128,2.88536446962192
"Dordrecht","GM0505",2020-12-31,124,122,119,119,113,97,2020-11-01,27,2,5,11,-16.6666666666667,"&#x2798;",119203,1.67781012222847,4.19452530557117,9.22795567225657
"Gorinchem","GM0512",2020-12-31,24,23,23,23,23,20,2020-11-01,4,1,1,1,100,"&#x279A;",37422,2.67222489444712,2.67222489444712,2.67222489444712
"Gouda","GM0513",2020-12-31,120,119,113,113,110,73,2020-11-01,47,1,7,10,133.333333333333,"&#x279A;",73771,1.35554621734828,9.48882352143796,13.5554621734828
"'s-Gravenhage","GM0518",2020-12-31,909,903,863,860,822,617,2020-11-01,292,6,46,87,12.1951219512195,"&#x279A;",547882,1.09512632282134,8.39596847496359,15.8793316809094
"Hardinxveld-Giessendam","GM0523",2020-12-31,2,2,2,2,2,2,2020-11-01,0,0,0,0,0,"-",18393,0,0,0
"Hellevoetsluis","GM0530",2020-12-31,35,35,35,35,35,20,2020-11-04,15,0,0,0,0,"-",40251,0,0,0
"Hendrik-Ido-Ambacht","GM0531",2020-12-31,15,15,15,15,14,13,2020-11-01,2,0,0,1,-100,"&#x2798;",31235,0,0,3.20153673763406
"Stede Broec","GM0532",2020-12-31,20,20,20,20,20,19,2020-11-01,1,0,0,0,0,"-",21775,0,0,0
"Hillegom","GM0534",2020-12-31,12,12,11,11,11,8,2020-11-01,4,0,1,1,100,"&#x279A;",22216,0,4.50126035289881,4.50126035289881
"Katwijk","GM0537",2020-12-31,71,69,67,67,64,46,2020-11-01,25,2,4,7,33.3333333333333,"&#x279A;",65965,3.03191086182066,6.06382172364132,10.6116880163723
"Krimpen aan den IJssel","GM0542",2020-12-31,28,27,26,25,25,18,2020-11-01,10,1,2,3,100,"&#x279A;",29410,3.40020401224073,6.80040802448147,10.2006120367222
"Leiden","GM0546",2020-12-31,91,91,90,90,88,64,2020-11-01,27,0,1,3,-50,"&#x2798;",124016,0,0.806347568055735,2.4190427041672
"Leiderdorp","GM0547",2020-12-31,31,30,30,30,30,25,2020-11-01,6,1,1,1,100,"&#x279A;",27359,3.65510435322928,3.65510435322928,3.65510435322928
"Lisse","GM0553",2020-12-31,20,20,20,20,19,11,2020-11-01,9,0,0,1,-100,"&#x2798;",22989,0,0,4.34990647701074
"Maassluis","GM0556",2020-12-31,47,47,45,45,44,32,2020-11-01,15,0,2,3,100,"&#x279A;",33539,0,5.96320701273145,8.94481051909717
"Nieuwkoop","GM0569",2020-12-31,23,23,22,22,22,14,2020-11-01,9,0,1,1,100,"&#x279A;",29119,0,3.4341838662042,3.4341838662042
"Noordwijk","GM0575",2020-12-31,50,49,43,43,42,32,2020-11-01,18,1,7,8,600,"&#x279A;",43982,2.27365740530217,15.9156018371152,18.1892592424174
"Oegstgeest","GM0579",2020-12-31,17,17,17,17,17,11,2020-11-01,6,0,0,0,0,"-",25067,0,0,0
"Oudewater","GM0589",2020-12-31,32,32,32,32,32,30,2020-11-01,2,0,0,0,0,"-",10154,0,0,0
"Papendrecht","GM0590",2020-12-31,13,13,12,11,11,9,2020-11-01,4,0,1,2,0,"-",32119,0,3.11342196207852,6.22684392415704
"Ridderkerk","GM0597",2020-12-31,63,62,62,62,60,47,2020-11-01,16,1,1,3,-50,"&#x2798;",46646,2.14380654289757,2.14380654289757,6.43141962869271
"Rotterdam","GM0599",2020-12-31,1249,1247,1219,1217,1183,850,2020-11-01,399,2,30,66,-16.6666666666667,"&#x2798;",652497,0.306514819225223,4.59772228837834,10.1149890344323
"Rijswijk","GM0603",2020-12-31,89,87,84,83,82,62,2020-11-01,27,2,5,7,150,"&#x279A;",55211,3.62246653746536,9.0561663436634,12.6786328811288
"Schiedam","GM0606",2020-12-31,151,151,148,147,144,79,2020-11-01,72,0,3,7,-25,"&#x2798;",79284,0,3.78386559709399,8.82901972655265
"Sliedrecht","GM0610",2020-12-31,12,12,12,12,12,10,2020-11-01,2,0,0,0,0,"-",25509,0,0,0
"Albrandswaard","GM0613",2020-12-31,33,33,33,33,32,18,2020-11-01,15,0,0,1,-100,"&#x2798;",25857,0,0,3.86742468190432
"Westvoorne","GM0614",2020-12-31,10,10,10,10,10,6,2020-11-01,4,0,0,0,0,"-",14896,0,0,0
"Vlaardingen","GM0622",2020-12-31,104,104,104,104,99,62,2020-11-01,42,0,0,5,-100,"&#x2798;",73863,0,0,6.76928908925985
"Voorschoten","GM0626",2020-12-31,14,14,13,13,13,11,2020-11-01,3,0,1,1,100,"&#x279A;",25613,0,3.9042673642291,3.9042673642291
"Waddinxveen","GM0627",2020-12-31,50,50,45,45,44,27,2020-11-01,23,0,5,6,400,"&#x279A;",30123,0,16.598612356007,19.9183348272084
"Wassenaar","GM0629",2020-12-31,21,21,21,21,20,11,2020-11-01,10,0,0,1,-100,"&#x2798;",26782,0,0,3.73385109401837
"Woerden","GM0632",2020-12-31,79,79,79,79,76,64,2020-11-01,15,0,0,3,-100,"&#x2798;",52659,0,0,5.69703184640802
"Zoetermeer","GM0637",2020-12-31,98,98,94,94,88,70,2020-11-01,28,0,4,10,-33.3333333333333,"&#x2798;",125297,0,3.19241482238202,7.98103705595505
"Zoeterwoude","GM0638",2020-12-31,6,6,5,5,4,4,2020-11-01,2,0,1,2,0,"-",8794,0,11.3713895838071,22.7427791676143
"Zwijndrecht","GM0642",2020-12-31,40,40,40,40,35,30,2020-11-01,10,0,0,5,-100,"&#x2798;",44778,0,0,11.1661976863638
"Borsele","GM0654",2020-12-31,13,9,7,7,7,5,2020-11-01,8,4,6,6,600,"&#x279A;",22758,17.5762369276738,26.3643553915107,26.3643553915107
"Goes","GM0664",2020-12-31,33,33,31,31,30,15,2020-11-01,18,0,2,3,100,"&#x279A;",38556,0,5.18726008922087,7.78089013383131
"West Maas en Waal","GM0668",2020-12-31,24,24,24,24,24,24,2020-11-01,0,0,0,0,0,"-",19537,0,0,0
"Hulst","GM0677",2020-12-31,22,22,22,22,21,13,2020-11-01,9,0,0,1,-100,"&#x2798;",27593,0,0,3.62410756351249
"Kapelle","GM0678",2020-12-31,6,6,5,5,5,3,2020-11-01,3,0,1,1,100,"&#x279A;",12874,0,7.76759359950287,7.76759359950287
"Middelburg","GM0687",2020-12-31,34,31,29,29,29,21,2020-11-01,13,3,5,5,500,"&#x279A;",49009,6.12132465465527,10.2022077577588,10.2022077577588
"Reimerswaal","GM0703",2020-12-31,10,10,10,10,10,6,2020-11-01,4,0,0,0,0,"-",22916,0,0,0
"Terneuzen","GM0715",2020-12-31,49,48,42,41,40,25,2020-11-01,24,1,7,9,250,"&#x279A;",54435,1.83705336640029,12.8593735648021,16.5334802976026
"Tholen","GM0716",2020-12-31,51,51,51,51,51,45,2020-11-01,6,0,0,0,0,"-",25993,0,0,0
"Veere","GM0717",2020-12-31,10,10,10,10,10,8,2020-11-01,2,0,0,0,0,"-",21994,0,0,0
"Vlissingen","GM0718",2020-12-31,24,23,21,21,20,12,2020-11-01,12,1,3,4,200,"&#x279A;",44296,2.25754018421528,6.77262055264584,9.03016073686112
"De Ronde Venen","GM0736",2020-12-31,76,75,75,75,74,53,2020-11-01,23,1,1,2,0,"-",44642,2.24004300882577,2.24004300882577,4.48008601765154
"Tytsjerksteradiel","GM0737",2020-12-31,9,9,9,9,9,7,2020-11-01,2,0,0,0,0,"-",32049,0,0,0
"Asten","GM0743",2020-12-31,23,23,23,22,22,18,2020-11-01,5,0,0,1,-100,"&#x2798;",16768,0,0,5.96374045801527
"Baarle-Nassau","GM0744",2020-12-31,12,12,12,12,12,9,2020-11-01,3,0,0,0,0,"-",6917,0,0,0
"Bergen op Zoom","GM0748",2020-12-31,69,69,68,68,66,47,2020-11-01,22,0,1,3,-50,"&#x2798;",67609,0,1.47909302016004,4.43727906048011
"Best","GM0753",2020-12-31,41,41,41,40,39,35,2020-11-01,6,0,0,2,-100,"&#x2798;",30162,0,0,6.63086002254492
"Boekel","GM0755",2020-12-31,39,39,37,37,37,36,2020-11-01,3,0,2,2,200,"&#x279A;",10906,0,18.3385292499542,18.3385292499542
"Boxmeer","GM0756",2020-12-31,30,30,28,28,26,23,2020-11-01,7,0,2,4,0,"-",29580,0,6.76132521974307,13.5226504394861
"Boxtel","GM0757",2020-12-31,37,37,35,35,34,24,2020-11-01,13,0,2,3,100,"&#x279A;",30888,0,6.47500647500648,9.71250971250971
"Breda","GM0758",2020-12-31,217,217,212,212,211,184,2020-11-01,33,0,5,6,400,"&#x279A;",184190,0,2.71458819697052,3.25750583636462
"Deurne","GM0762",2020-12-31,69,69,65,65,64,58,2020-11-01,11,0,4,5,300,"&#x279A;",32455,0,12.3247573563395,15.4059466954244
"Pekela","GM0765",2020-12-31,11,11,10,10,10,6,2020-11-01,5,0,1,1,100,"&#x279A;",12173,0,8.21490183192311,8.21490183192311
"Dongen","GM0766",2020-12-31,39,39,39,39,38,30,2020-11-01,9,0,0,1,-100,"&#x2798;",26351,0,0,3.79492239383705
"Eersel","GM0770",2020-12-31,40,40,39,38,38,32,2020-11-01,8,0,1,2,0,"-",19491,0,5.1305730850136,10.2611461700272
"Eindhoven","GM0772",2020-12-31,289,286,278,278,267,210,2020-11-01,79,3,11,22,0,"-",235514,1.27380962490553,4.67063529132026,9.34127058264052
"Etten-Leur","GM0777",2020-12-31,61,61,61,61,60,51,2020-11-01,10,0,0,1,-100,"&#x2798;",43928,0,0,2.27645237661628
"Geertruidenberg","GM0779",2020-12-31,22,22,21,21,21,17,2020-11-01,5,0,1,1,100,"&#x279A;",21768,0,4.59389930172731,4.59389930172731
"Gilze en Rijen","GM0784",2020-12-31,30,30,30,30,30,24,2020-11-01,6,0,0,0,0,"-",26761,0,0,0
"Goirle","GM0785",2020-12-31,37,37,36,36,36,35,2020-11-01,2,0,1,1,100,"&#x279A;",23915,0,4.18147606104955,4.18147606104955
"Grave","GM0786",2020-12-31,28,28,28,28,28,24,2020-11-01,4,0,0,0,0,"-",12433,0,0,0
"Haaren","GM0788",2020-12-31,26,25,25,25,25,20,2020-11-01,6,1,1,1,100,"&#x279A;",14351,6.96815552923141,6.96815552923141,6.96815552923141
"Helmond","GM0794",2020-12-31,152,152,151,150,148,124,2020-11-01,28,0,1,4,-66.6666666666667,"&#x2798;",92574,0,1.08021690755504,4.32086763022015
"'s-Hertogenbosch","GM0796",2020-12-31,183,182,183,183,180,153,2020-11-01,30,1,0,3,-100,"&#x2798;",155541,0.642917301547502,0,1.92875190464251
"Heusden","GM0797",2020-12-31,68,68,68,68,64,50,2020-11-01,18,0,0,4,-100,"&#x2798;",44977,0,0,8.89343442203793
"Hilvarenbeek","GM0798",2020-12-31,18,18,18,18,18,15,2020-11-01,3,0,0,0,0,"-",15661,0,0,0
"Loon op Zand","GM0809",2020-12-31,39,39,39,39,38,30,2020-11-01,9,0,0,1,-100,"&#x2798;",23467,0,0,4.26130310648997
"Mill en Sint Hubert","GM0815",2020-12-31,14,14,14,14,14,9,2020-11-01,5,0,0,0,0,"-",11003,0,0,0
"Nuenen, Gerwen en Nederwetten","GM0820",2020-12-31,24,24,23,23,22,20,2020-11-01,4,0,1,2,0,"-",23640,0,4.23011844331641,8.46023688663283
"Oirschot","GM0823",2020-12-31,21,21,21,21,21,17,2020-11-01,4,0,0,0,0,"-",18826,0,0,0
"Oisterwijk","GM0824",2020-12-31,32,32,32,32,32,27,2020-11-01,5,0,0,0,0,"-",26436,0,0,0
"Oosterhout","GM0826",2020-12-31,67,66,62,62,61,52,2020-11-01,15,1,5,6,400,"&#x279A;",56225,1.77856825255669,8.89284126278346,10.6714095153402
"Oss","GM0828",2020-12-31,202,202,200,200,199,177,2020-11-01,25,0,2,3,100,"&#x279A;",92390,0,2.16473644333802,3.24710466500704
"Rucphen","GM0840",2020-12-31,27,25,25,25,25,16,2020-11-01,11,2,2,2,200,"&#x279A;",23077,8.66663777787407,8.66663777787407,8.66663777787407
"Sint-Michielsgestel","GM0845",2020-12-31,42,42,42,42,40,37,2020-11-01,5,0,0,2,-100,"&#x2798;",29476,0,0,6.78518116433709
"Someren","GM0847",2020-12-31,37,37,37,37,36,34,2020-11-01,3,0,0,1,-100,"&#x2798;",19364,0,0,5.16422226812642
"Son en Breugel","GM0848",2020-12-31,35,35,35,35,33,31,2020-11-01,4,0,0,2,-100,"&#x2798;",17539,0,0,11.403158674953
"Steenbergen","GM0851",2020-12-31,24,24,20,20,20,18,2020-11-01,6,0,4,4,400,"&#x279A;",24326,0,16.443311682973,16.443311682973
"Waterland","GM0852",2020-12-31,27,27,27,27,25,21,2020-11-01,6,0,0,2,-100,"&#x2798;",17324,0,0,11.5446779034865
"Tilburg","GM0855",2020-12-31,341,338,334,332,327,278,2020-11-01,63,3,7,14,0,"-",220536,1.36032212427903,3.17408495665107,6.34816991330214
"Uden","GM0856",2020-12-31,121,121,121,121,120,116,2020-11-01,5,0,0,1,-100,"&#x2798;",42207,0,0,2.36927523870448
"Valkenswaard","GM0858",2020-12-31,31,31,29,29,27,23,2020-11-01,8,0,2,4,0,"-",31241,0,6.40184373099453,12.8036874619891
"Veldhoven","GM0861",2020-12-31,51,51,49,49,44,38,2020-11-01,13,0,2,7,-60,"&#x2798;",45636,0,4.3825050398808,15.3387676395828
"Vught","GM0865",2020-12-31,51,51,51,51,50,43,2020-11-01,8,0,0,1,-100,"&#x2798;",26772,0,0,3.73524577917227
"Waalre","GM0866",2020-12-31,9,9,9,9,9,8,2020-11-01,1,0,0,0,0,"-",17528,0,0,0
"Waalwijk","GM0867",2020-12-31,62,61,59,59,58,45,2020-11-01,17,1,3,4,200,"&#x279A;",48886,2.04557542036575,6.13672626109725,8.182301681463
"Woensdrecht","GM0873",2020-12-31,12,12,12,12,11,10,2020-11-01,2,0,0,1,-100,"&#x2798;",21970,0,0,4.55166135639508
"Zundert","GM0879",2020-12-31,32,32,31,31,30,27,2020-11-01,5,0,1,2,0,"-",22026,0,4.54008898574412,9.08017797148824
"Wormerland","GM0880",2020-12-31,25,25,25,25,25,21,2020-11-01,4,0,0,0,0,"-",16256,0,0,0
"Landgraaf","GM0882",2020-12-31,61,61,58,58,57,55,2020-11-01,6,0,3,4,200,"&#x279A;",37302,0,8.04246421103426,10.7232856147123
"Beek","GM0888",2020-12-31,19,19,18,18,18,18,2020-11-01,1,0,1,1,100,"&#x279A;",15897,0,6.29049506196138,6.29049506196138
"Beesel","GM0889",2020-12-31,24,24,24,24,24,20,2020-11-01,4,0,0,0,0,"-",13452,0,0,0
"Bergen (L.)","GM0893",2020-12-31,12,12,12,12,12,10,2020-11-01,2,0,0,0,0,"-",13117,0,0,0
"Brunssum","GM0899",2020-12-31,60,59,59,59,58,50,2020-11-01,10,1,1,2,0,"-",27661,3.61519829362641,3.61519829362641,7.23039658725281
"Gennep","GM0907",2020-12-31,24,23,23,22,20,17,2020-11-01,7,1,1,4,-66.6666666666667,"&#x2798;",17002,5.88166098106105,5.88166098106105,23.5266439242442
"Heerlen","GM0917",2020-12-31,150,148,147,147,143,131,2020-11-01,19,2,3,7,-25,"&#x2798;",86805,2.30401474569437,3.45602211854156,8.0640516099303
"Kerkrade","GM0928",2020-12-31,92,92,86,86,82,70,2020-11-01,22,0,6,10,50,"&#x279A;",45517,0,13.1818880857702,21.9698134762836
"Maastricht","GM0935",2020-12-31,227,227,224,224,219,200,2020-11-01,27,0,3,8,-40,"&#x2798;",120484,0,2.48995717273663,6.63988579396434
"Meerssen","GM0938",2020-12-31,26,26,26,26,26,23,2020-11-01,3,0,0,0,0,"-",18707,0,0,0
"Mook en Middelaar","GM0944",2020-12-31,10,10,10,10,10,8,2020-11-01,2,0,0,0,0,"-",7897,0,0,0
"Nederweert","GM0946",2020-12-31,38,38,38,38,37,34,2020-11-01,4,0,0,1,-100,"&#x2798;",17161,0,0,5.82716624905309
"Roermond","GM0957",2020-12-31,70,70,68,68,68,65,2020-11-01,5,0,2,2,200,"&#x279A;",58769,0,3.40315472442955,3.40315472442955
"Simpelveld","GM0965",2020-12-31,22,22,22,22,22,19,2020-11-01,3,0,0,0,0,"-",10508,0,0,0
"Stein","GM0971",2020-12-31,55,55,55,55,55,49,2020-11-01,6,0,0,0,0,"-",24872,0,0,0
"Vaals","GM0981",2020-12-31,15,14,13,13,11,10,2020-11-01,5,1,2,4,0,"-",10084,9.91669972233241,19.8333994446648,39.6667988893296
"Venlo","GM0983",2020-12-31,171,171,166,164,156,144,2020-11-01,27,0,5,15,-50,"&#x2798;",101934,0,4.90513469499872,14.7154040849962
"Venray","GM0984",2020-12-31,49,49,48,47,47,42,2020-11-01,7,0,1,2,0,"-",43676,0,2.28958695851268,4.57917391702537
"Voerendaal","GM0986",2020-12-31,18,18,18,18,18,17,2020-11-01,1,0,0,0,0,"-",12483,0,0,0
"Weert","GM0988",2020-12-31,94,91,88,87,86,72,2020-11-01,22,3,6,8,200,"&#x279A;",50044,5.99472464231476,11.9894492846295,15.985932379506
"Valkenburg aan de Geul","GM0994",2020-12-31,27,27,26,26,25,20,2020-11-01,7,0,1,2,0,"-",16405,0,6.09570252971655,12.1914050594331
"Lelystad","GM0995",2020-12-31,105,104,101,100,99,85,2020-11-01,20,1,4,6,100,"&#x279A;",79759,1.25377700322221,5.01510801288883,7.52266201933324
"Horst aan de Maas","GM1507",2020-12-31,53,53,51,51,50,44,2020-11-01,9,0,2,3,100,"&#x279A;",42484,0,4.70765464645514,7.0614819696827
"Oude IJsselstreek","GM1509",2020-12-31,30,29,29,29,28,25,2020-11-01,5,1,1,2,0,"-",39333,2.54239442707142,2.54239442707142,5.08478885414283
"Teylingen","GM1525",2020-12-31,27,27,27,27,25,19,2020-11-01,8,0,0,2,-100,"&#x2798;",37737,0,0,5.29983835493017
"Utrechtse Heuvelrug","GM1581",2020-12-31,51,51,48,48,45,33,2020-11-01,18,0,3,6,0,"-",49965,0,6.00420294205944,12.0084058841189
"Oost Gelre","GM1586",2020-12-31,26,25,24,24,23,21,2020-11-01,5,1,2,3,100,"&#x279A;",29617,3.37643920721207,6.75287841442415,10.1293176216362
"Koggenland","GM1598",2020-12-31,13,13,13,13,13,9,2020-11-01,4,0,0,0,0,"-",22954,0,0,0
"Lansingerland","GM1621",2020-12-31,68,68,67,66,61,51,2020-11-01,17,0,1,7,-83.3333333333333,"&#x2798;",63267,0,1.58060284192391,11.0642198934674
"Leudal","GM1640",2020-12-31,62,61,60,60,58,54,2020-11-01,8,1,2,4,0,"-",36010,2.77700638711469,5.55401277422938,11.1080255484588
"Maasgouw","GM1641",2020-12-31,31,31,29,29,29,28,2020-11-01,3,0,2,2,200,"&#x279A;",23955,0,8.34898768524316,8.34898768524316
"Gemert-Bakel","GM1652",2020-12-31,84,84,84,84,82,79,2020-11-01,5,0,0,2,-100,"&#x2798;",30751,0,0,6.50385353321843
"Halderberge","GM1655",2020-12-31,38,38,37,37,35,26,2020-11-01,12,0,1,3,-50,"&#x2798;",30428,0,3.28644669383463,9.85934008150388
"Heeze-Leende","GM1658",2020-12-31,20,20,20,20,20,18,2020-11-01,2,0,0,0,0,"-",16207,0,0,0
"Laarbeek","GM1659",2020-12-31,46,45,44,44,42,42,2020-11-01,4,1,2,4,0,"-",22741,4.39734400422145,8.7946880084429,17.5893760168858
"Reusel-De Mierden","GM1667",2020-12-31,20,19,19,19,18,15,2020-11-01,5,1,1,2,0,"-",13138,7.61150860100472,7.61150860100472,15.2230172020094
"Roerdalen","GM1669",2020-12-31,30,30,29,29,29,27,2020-11-01,3,0,1,1,100,"&#x279A;",20572,0,4.86097608399767,4.86097608399767
"Roosendaal","GM1674",2020-12-31,65,65,65,64,63,46,2020-11-01,19,0,0,2,-100,"&#x2798;",77268,0,0,2.58839364290521
"Schouwen-Duiveland","GM1676",2020-12-31,22,19,18,18,18,13,2020-11-01,9,3,4,4,400,"&#x279A;",33960,8.8339222614841,11.7785630153121,11.7785630153121
"Aa en Hunze","GM1680",2020-12-31,3,3,2,2,2,1,2020-11-01,2,0,1,1,100,"&#x279A;",25394,0,3.93793809561314,3.93793809561314
"Borger-Odoorn","GM1681",2020-12-31,14,13,11,11,10,8,2020-11-01,6,1,3,4,200,"&#x279A;",25584,3.90869293308318,11.7260787992495,15.6347717323327
"Cuijk","GM1684",2020-12-31,22,22,22,22,20,18,2020-11-01,4,0,0,2,-100,"&#x2798;",25368,0,0,7.88394828129927
"Landerd","GM1685",2020-12-31,45,45,45,45,44,42,2020-11-01,3,0,0,1,-100,"&#x2798;",15831,0,0,6.31672035878972
"De Wolden","GM1690",2020-12-31,18,18,18,18,18,16,2020-11-01,2,0,0,0,0,"-",24374,0,0,0
"Noord-Beveland","GM1695",2020-12-31,3,3,3,3,3,1,2020-11-01,2,0,0,0,0,"-",7571,0,0,0
"Wijdemeren","GM1696",2020-12-31,17,17,17,17,17,11,2020-11-01,6,0,0,0,0,"-",24426,0,0,0
"Noordenveld","GM1699",2020-12-31,11,11,11,11,9,6,2020-11-01,5,0,0,2,-100,"&#x2798;",31211,0,0,6.40799718048124
"Twenterand","GM1700",2020-12-31,26,25,22,22,20,12,2020-11-01,14,1,4,6,100,"&#x279A;",33711,2.96639079232298,11.8655631692919,17.7983447539379
"Westerveld","GM1701",2020-12-31,11,11,10,10,10,9,2020-11-01,2,0,1,1,100,"&#x279A;",19620,0,5.09683995922528,5.09683995922528
"Sint Anthonis","GM1702",2020-12-31,21,21,21,21,21,21,2020-11-01,0,0,0,0,0,"-",11682,0,0,0
"Lingewaard","GM1705",2020-12-31,53,52,47,47,47,38,2020-11-01,15,1,6,6,600,"&#x279A;",46760,2.13857998289136,12.8314798973482,12.8314798973482
"Cranendonck","GM1706",2020-12-31,68,68,68,68,67,63,2020-11-01,5,0,0,1,-100,"&#x2798;",20971,0,0,4.76848981927424
"Steenwijkerland","GM1708",2020-12-31,21,21,19,19,19,15,2020-11-01,6,0,2,2,200,"&#x279A;",44323,0,4.51232994156533,4.51232994156533
"Moerdijk","GM1709",2020-12-31,32,32,30,30,27,20,2020-11-01,12,0,2,5,-33.3333333333333,"&#x2798;",37188,0,5.37807895019899,13.4451973754975
"Echt-Susteren","GM1711",2020-12-31,46,46,45,45,44,43,2020-11-01,3,0,1,2,0,"-",31774,0,3.14722729275508,6.29445458551016
"Sluis","GM1714",2020-12-31,25,25,20,20,19,10,2020-11-01,15,0,5,6,400,"&#x279A;",23176,0,21.5740421125302,25.8888505350362
"Drimmelen","GM1719",2020-12-31,35,35,32,32,31,21,2020-11-01,14,0,3,4,200,"&#x279A;",27332,0,10.9761451778136,14.6348602370847
"Bernheze","GM1721",2020-12-31,102,102,102,102,102,98,2020-11-01,4,0,0,0,0,"-",31412,0,0,0
"Alphen-Chaam","GM1723",2020-12-31,21,21,21,21,20,18,2020-11-01,3,0,0,1,-100,"&#x2798;",10355,0,0,9.65717044905842
"Bergeijk","GM1724",2020-12-31,24,24,22,22,22,20,2020-11-01,4,0,2,2,200,"&#x279A;",18728,0,10.6791969243913,10.6791969243913
"Bladel","GM1728",2020-12-31,27,27,27,27,26,23,2020-11-01,4,0,0,1,-100,"&#x2798;",20536,0,0,4.86949746786132
"Gulpen-Wittem","GM1729",2020-12-31,28,28,27,27,27,24,2020-11-01,4,0,1,1,100,"&#x279A;",14195,0,7.04473406128919,7.04473406128919
"Tynaarlo","GM1730",2020-12-31,13,13,13,13,13,11,2020-11-01,2,0,0,0,0,"-",33914,0,0,0
"Midden-Drenthe","GM1731",2020-12-31,13,13,13,13,12,6,2020-11-01,7,0,0,1,-100,"&#x2798;",33362,0,0,2.99742221689347
"Overbetuwe","GM1734",2020-12-31,65,64,63,63,63,62,2020-11-01,3,1,2,2,200,"&#x279A;",48125,2.07792207792208,4.15584415584416,4.15584415584416
"Hof van Twente","GM1735",2020-12-31,28,28,26,26,25,20,2020-11-01,8,0,2,3,100,"&#x279A;",35053,0,5.70564573645622,8.55846860468434
"Neder-Betuwe","GM1740",2020-12-31,52,52,51,51,48,44,2020-11-01,8,0,1,4,-66.6666666666667,"&#x2798;",24591,0,4.06652840470091,16.2661136188036
"Rijssen-Holten","GM1742",2020-12-31,36,36,36,35,34,30,2020-11-01,6,0,0,2,-100,"&#x2798;",38205,0,0,5.23491689569428
"Geldrop-Mierlo","GM1771",2020-12-31,54,53,51,50,47,37,2020-11-01,17,1,3,7,-25,"&#x2798;",40073,2.49544581139421,7.48633743418262,17.4681206797594
"Olst-Wijhe","GM1773",2020-12-31,12,12,12,12,12,12,2020-11-01,0,0,0,0,0,"-",18353,0,0,0
"Dinkelland","GM1774",2020-12-31,24,24,24,24,24,21,2020-11-01,3,0,0,0,0,"-",26588,0,0,0
"Westland","GM1783",2020-12-31,123,122,115,113,111,75,2020-11-01,48,1,8,12,100,"&#x279A;",111356,0.898020762240023,7.18416609792018,10.7762491468803
"Midden-Delfland","GM1842",2020-12-31,14,13,13,13,13,8,2020-11-01,6,1,1,1,100,"&#x279A;",19374,5.16155672550841,5.16155672550841,5.16155672550841
"Berkelland","GM1859",2020-12-31,30,30,30,30,30,19,2020-11-01,11,0,0,0,0,"-",43831,0,0,0
"Bronckhorst","GM1876",2020-12-31,22,22,22,22,21,18,2020-11-01,4,0,0,1,-100,"&#x2798;",36111,0,0,2.76923928996705
"Sittard-Geleen","GM1883",2020-12-31,155,153,147,146,142,128,2020-11-01,27,2,8,13,60,"&#x279A;",91822,2.17812724619372,8.71250898477489,14.1578271002592
"Kaag en Braassem","GM1884",2020-12-31,16,16,16,16,15,9,2020-11-01,7,0,0,1,-100,"&#x2798;",27557,0,0,3.62884203650615
"Dantumadiel","GM1891",2020-12-31,3,3,3,3,3,2,2020-11-01,1,0,0,0,0,"-",18942,0,0,0
"Zuidplas","GM1892",2020-12-31,54,54,51,51,49,32,2020-11-01,22,0,3,5,50,"&#x279A;",45014,0,6.6645932376594,11.107655396099
"Peel en Maas","GM1894",2020-12-31,150,150,149,149,148,146,2020-11-01,4,0,1,2,0,"-",43630,0,2.29200091680037,4.58400183360073
"Oldambt","GM1895",2020-12-31,18,15,14,14,11,10,2020-11-01,8,3,4,7,33.3333333333333,"&#x279A;",38288,7.83535311324697,10.4471374843293,18.2824905975763
"Zwartewaterland","GM1896",2020-12-31,40,40,39,39,39,35,2020-11-01,5,0,1,1,100,"&#x279A;",22794,0,4.38711941739054,4.38711941739054
"Súdwest-Fryslân","GM1900",2020-12-31,30,30,30,29,27,22,2020-11-01,8,0,0,3,-100,"&#x2798;",89958,0,0,3.33488961515374
"Bodegraven-Reeuwijk","GM1901",2020-12-31,36,36,32,32,30,15,2020-11-01,21,0,4,6,100,"&#x279A;",35260,0,11.3442994895065,17.0164492342598
"Eijsden-Margraten","GM1903",2020-12-31,62,62,62,62,62,59,2020-11-01,3,0,0,0,0,"-",25888,0,0,0
"Stichtse Vecht","GM1904",2020-12-31,74,74,72,72,71,51,2020-11-02,23,0,2,3,100,"&#x279A;",65167,0,3.06903801003575,4.60355701505363
"Hollands Kroon","GM1911",2020-12-31,36,35,34,34,34,26,2020-11-01,10,1,2,2,200,"&#x279A;",48618,2.05685137191987,4.11370274383973,4.11370274383973
"Leidschendam-Voorburg","GM1916",2020-12-31,86,84,78,78,74,41,2020-11-01,45,2,8,12,100,"&#x279A;",76431,2.61673928118172,10.4669571247269,15.7004356870903
"Goeree-Overflakkee","GM1924",2020-12-31,80,80,80,78,78,61,2020-11-01,19,0,0,2,-100,"&#x2798;",50488,0,0,3.96133734748851
"Pijnacker-Nootdorp","GM1926",2020-12-31,41,41,41,41,41,32,2020-11-01,9,0,0,0,0,"-",55552,0,0,0
"Nissewaard","GM1930",2020-12-31,105,105,105,105,102,74,2020-11-01,31,0,0,3,-100,"&#x2798;",85300,0,0,3.51699882766706
"Krimpenerwaard","GM1931",2020-12-31,86,86,78,78,74,58,2020-11-01,28,0,8,12,100,"&#x279A;",56491,0,14.1615478571808,21.2423217857712
"De Fryske Marren","GM1940",2020-12-31,31,31,31,31,28,24,2020-11-01,7,0,0,3,-100,"&#x2798;",51651,0,0,5.80821281291747
"Gooise Meren","GM1942",2020-12-31,41,41,39,38,37,29,2020-11-01,12,0,2,4,0,"-",58439,0,3.42237204606513,6.84474409213025
"Berg en Dal","GM1945",2020-12-31,45,45,45,45,45,41,2020-11-01,4,0,0,0,0,"-",35017,0,0,0
"Meierijstad","GM1948",2020-12-31,229,229,228,228,226,217,2020-11-01,12,0,1,3,-50,"&#x2798;",81607,0,1.22538507726053,3.67615523178159
"Waadhoeke","GM1949",2020-12-31,20,20,19,19,18,15,2020-11-01,5,0,1,2,0,"-",46085,0,2.16990343929695,4.3398068785939
"Westerwolde","GM1950",2020-12-31,15,14,14,14,14,12,2020-11-01,3,1,1,1,100,"&#x279A;",25976,3.84970742223591,3.84970742223591,3.84970742223591
"Midden-Groningen","GM1952",2020-12-31,24,23,20,19,19,10,2020-11-01,14,1,4,5,300,"&#x279A;",60761,1.64579253139349,6.58317012557397,8.22896265696746
"Beekdaelen","GM1954",2020-12-31,65,65,60,59,57,52,2020-11-01,13,0,5,8,66.6666666666667,"&#x279A;",36073,0,13.8607823025532,22.177251684085
"Montferland","GM1955",2020-12-31,31,31,30,30,29,25,2020-11-01,6,0,1,2,0,"-",36068,0,2.77254075634912,5.54508151269824
"Altena","GM1959",2020-12-31,59,60,59,57,56,40,2020-11-01,19,-1,0,3,-100,"&#x2798;",56333,-1.77515843289014,0,5.32547529867041
"West Betuwe","GM1960",2020-12-31,74,74,73,73,71,54,2020-11-01,20,0,1,3,-50,"&#x2798;",51405,0,1.94533605680381,5.83600817041144
"Vijfheerenlanden","GM1961",2020-12-31,65,65,64,63,61,48,2020-11-01,17,0,1,4,-66.6666666666667,"&#x2798;",57751,0,1.73157174767537,6.92628699070146
"Hoeksche Waard","GM1963",2020-12-31,94,94,92,92,89,84,2020-11-15,10,0,2,5,-33.3333333333333,"&#x2798;",87822,0,2.27733369770672,5.69333424426681
"Het Hogeland","GM1966",2020-12-31,16,15,14,14,13,7,2020-11-01,9,1,2,3,100,"&#x279A;",47888,2.08820581356499,4.17641162712997,6.26461744069495
"Westerkwartier","GM1969",2020-12-31,22,22,21,21,21,19,2020-11-01,3,0,1,1,100,"&#x279A;",63568,0,1.57311855021394,1.57311855021394
"Noardeast-Fryslân","GM1970",2020-12-31,18,18,16,16,14,7,2020-11-01,11,0,2,4,0,"-",45445,0,4.40092419408076,8.80184838816151
"Molenlanden","GM1978",2020-12-31,26,26,25,24,22,19,2020-11-23,7,0,1,4,-66.6666666666667,"&#x2798;",44072,0,2.26901434017063,9.07605736068252
