"municipality","Municipality_code","date","d0","d1","d7","d8","d14","dec1","lowest_since_dec1","lowest_since_dec1_date","current","increase_1d","increase_7d","increase_14d","increase_growth","growth","population","rel_increase_1d","rel_increase_7d","rel_increase_14d"
"Netherlands","",2021-01-17,38559,38369,37366,37190,35752,27922,27922,2020-12-01,10637,190,1193,2807,-26.0842627013631,"&#x2798;",17443797,1.08921240025896,6.83910733425756,16.0916800396152
"Unknown","",2021-01-17,1101,1095,1066,1061,1033,813,813,2020-12-01,288,6,35,68,6.06060606060606,"&#x279A;",NA,NA,NA,NA
"Groningen","GM0014",2021-01-17,138,138,133,132,126,76,76,2020-12-01,62,0,5,12,-28.5714285714286,"&#x2798;",233456,0,2.14173120416695,5.14015489000069
"Almere","GM0034",2021-01-17,147,147,142,141,133,86,86,2020-12-01,61,0,5,14,-44.4444444444444,"&#x2798;",214551,0,2.33044823841418,6.5252550675597
"Stadskanaal","GM0037",2021-01-17,40,40,39,39,37,22,22,2020-12-01,18,0,1,3,-50,"&#x2798;",31702,0,3.15437511828907,9.4631253548672
"Veendam","GM0047",2021-01-17,27,27,26,26,26,13,13,2020-12-01,14,0,1,1,100,"&#x279A;",27416,0,3.64750510650715,3.64750510650715
"Zeewolde","GM0050",2021-01-17,41,41,39,38,37,20,20,2020-12-01,21,0,2,4,0,"-",22836,0,8.75810124365038,17.5162024873008
"Achtkarspelen","GM0059",2021-01-17,23,22,19,19,17,10,10,2020-12-01,13,1,4,6,100,"&#x279A;",27881,3.58667192711883,14.3466877084753,21.520031562713
"Ameland","GM0060",2021-01-17,3,3,3,3,3,0,0,2020-12-01,3,0,0,0,0,"-",3747,0,0,0
"Harlingen","GM0072",2021-01-17,10,10,10,10,9,7,7,2020-12-01,3,0,0,1,-100,"&#x2798;",15835,0,0,6.31512472371329
"Heerenveen","GM0074",2021-01-17,48,48,45,44,42,32,32,2020-12-01,16,0,3,6,0,"-",50626,0,5.92580887291115,11.8516177458223
"Leeuwarden","GM0080",2021-01-17,112,109,102,102,95,65,65,2020-12-01,47,3,10,17,42.8571428571429,"&#x279A;",124517,2.40930957218693,8.03103190728977,13.6527542423926
"Ooststellingwerf","GM0085",2021-01-17,23,23,21,21,21,16,16,2020-12-01,7,0,2,2,200,"&#x279A;",25437,0,7.86256240908912,7.86256240908912
"Opsterland","GM0086",2021-01-17,33,32,29,28,23,16,16,2020-12-01,17,1,4,10,-33.3333333333333,"&#x2798;",29812,3.35435395142895,13.4174158057158,33.5435395142895
"Schiermonnikoog","GM0088",2021-01-17,1,1,1,1,1,1,1,2020-12-01,0,0,0,0,0,"-",936,0,0,0
"Smallingerland","GM0090",2021-01-17,51,51,49,49,44,29,29,2020-12-01,22,0,2,7,-60,"&#x2798;",56060,0,3.56760613628255,12.4866214769889
"Terschelling","GM0093",2021-01-17,2,2,1,1,1,1,1,2020-12-01,1,0,1,1,100,"&#x279A;",4883,0,20.4792135981978,20.4792135981978
"Vlieland","GM0096",2021-01-17,0,0,0,0,0,0,0,2020-12-01,0,0,0,0,0,"-",1200,0,0,0
"Weststellingwerf","GM0098",2021-01-17,17,17,16,15,15,10,10,2020-12-01,7,0,1,2,0,"-",26112,0,3.8296568627451,7.6593137254902
"Assen","GM0106",2021-01-17,64,63,61,61,56,35,35,2020-12-01,29,1,3,8,-40,"&#x2798;",68812,1.45323490088938,4.35970470266814,11.625879207115
"Coevorden","GM0109",2021-01-17,67,65,58,57,50,28,28,2020-12-01,39,2,9,17,12.5,"&#x279A;",35309,5.66427822934663,25.4892520320598,48.1463649494463
"Emmen","GM0114",2021-01-17,167,167,158,157,154,116,116,2020-12-01,51,0,9,13,125,"&#x279A;",106984,0,8.4124728931429,12.1513497345397
"Hoogeveen","GM0118",2021-01-17,102,101,96,95,92,56,56,2020-12-01,46,1,6,10,50,"&#x279A;",55604,1.79843176749874,10.7905906049924,17.9843176749874
"Meppel","GM0119",2021-01-17,26,25,25,25,22,11,11,2020-12-01,15,1,1,4,-66.6666666666667,"&#x2798;",34324,2.91341335508682,2.91341335508682,11.6536534203473
"Almelo","GM0141",2021-01-17,244,244,236,234,223,166,166,2020-12-01,78,0,8,21,-38.4615384615385,"&#x2798;",73180,0,10.9319486198415,28.6963651270839
"Borne","GM0147",2021-01-17,55,55,54,54,54,38,38,2020-12-01,17,0,1,1,100,"&#x279A;",23637,0,4.23065532851039,4.23065532851039
"Dalfsen","GM0148",2021-01-17,28,28,28,28,27,13,13,2020-12-01,15,0,0,1,-100,"&#x2798;",28919,0,0,3.45793423009094
"Deventer","GM0150",2021-01-17,196,195,190,189,182,133,133,2020-12-01,63,1,6,14,-25,"&#x2798;",101100,0.989119683481701,5.93471810089021,13.8476755687438
"Enschede","GM0153",2021-01-17,364,361,355,353,335,239,239,2020-12-01,125,3,9,29,-55,"&#x2798;",159872,1.87650120096077,5.62950360288231,18.1395116092874
"Haaksbergen","GM0158",2021-01-17,71,70,64,64,63,47,47,2020-12-01,24,1,7,8,600,"&#x279A;",24237,4.12592317531048,28.8814622271733,33.0073854024838
"Hardenberg","GM0160",2021-01-17,94,92,87,87,78,47,47,2020-12-01,47,2,7,16,-22.2222222222222,"&#x2798;",61327,3.26120632021785,11.4142221207625,26.0896505617428
"Hellendoorn","GM0163",2021-01-17,72,71,68,67,60,37,37,2020-12-01,35,1,4,12,-50,"&#x2798;",35903,2.78528256691641,11.1411302676657,33.423390802997
"Hengelo","GM0164",2021-01-17,182,180,173,173,163,127,127,2020-12-01,55,2,9,19,-10,"&#x2798;",81099,2.46612165378118,11.0975474420153,23.4281557109212
"Kampen","GM0166",2021-01-17,50,50,49,49,48,40,40,2020-12-01,10,0,1,2,0,"-",54438,0,1.83695212902752,3.67390425805503
"Losser","GM0168",2021-01-17,74,73,70,70,66,41,41,2020-12-01,33,1,4,8,0,"-",22867,4.37311409454673,17.4924563781869,34.9849127563738
"Noordoostpolder","GM0171",2021-01-17,51,50,47,47,43,26,26,2020-12-01,25,1,4,8,0,"-",47597,2.10097275038343,8.40389100153371,16.8077820030674
"Oldenzaal","GM0173",2021-01-17,91,91,90,89,83,58,58,2020-12-01,33,0,1,8,-85.7142857142857,"&#x2798;",31734,0,3.1511943026407,25.2095544211256
"Ommen","GM0175",2021-01-17,33,33,32,32,30,19,19,2020-12-01,14,0,1,3,-50,"&#x2798;",18272,0,5.47285464098074,16.4185639229422
"Raalte","GM0177",2021-01-17,53,53,52,52,50,36,36,2020-12-01,17,0,1,3,-50,"&#x2798;",37920,0,2.63713080168776,7.91139240506329
"Staphorst","GM0180",2021-01-17,30,29,29,29,26,15,15,2020-12-01,15,1,1,4,-66.6666666666667,"&#x2798;",17276,5.78837693910627,5.78837693910627,23.1535077564251
"Tubbergen","GM0183",2021-01-17,52,52,50,49,48,39,39,2020-12-01,13,0,2,4,0,"-",21322,0,9.37998311603039,18.7599662320608
"Urk","GM0184",2021-01-17,68,68,66,66,64,45,45,2020-12-01,23,0,2,4,0,"-",21208,0,9.43040362127499,18.86080724255
"Wierden","GM0189",2021-01-17,63,63,63,63,59,38,38,2020-12-01,25,0,0,4,-100,"&#x2798;",24532,0,0,16.3052339801076
"Zwolle","GM0193",2021-01-17,78,77,73,72,70,45,45,2020-12-01,33,1,5,8,66.6666666666667,"&#x279A;",129697,0.771027857236482,3.85513928618241,6.16822285789186
"Aalten","GM0197",2021-01-17,41,41,40,40,37,24,24,2020-12-01,17,0,1,4,-66.6666666666667,"&#x2798;",27133,0,3.68554896251797,14.7421958500719
"Apeldoorn","GM0200",2021-01-17,317,317,313,310,296,224,224,2020-12-01,93,0,4,21,-76.4705882352941,"&#x2798;",164717,0,2.42840751106443,12.7491394330883
"Arnhem","GM0202",2021-01-17,127,126,123,122,118,67,67,2020-12-01,60,1,4,9,-20,"&#x2798;",162353,0.615941805818186,2.46376722327274,5.54347625236368
"Barneveld","GM0203",2021-01-17,109,109,101,100,92,64,64,2020-12-01,45,0,8,17,-11.1111111111111,"&#x2798;",59938,0,13.347125362875,28.3626413961093
"Beuningen","GM0209",2021-01-17,51,51,50,50,47,37,37,2020-12-01,14,0,1,4,-66.6666666666667,"&#x2798;",26159,0,3.82277610000382,15.2911044000153
"Brummen","GM0213",2021-01-17,40,40,36,36,34,21,21,2020-12-01,19,0,4,6,100,"&#x279A;",20867,0,19.1690228590598,28.7535342885896
"Buren","GM0214",2021-01-17,75,75,74,74,70,47,47,2020-12-01,28,0,1,5,-75,"&#x2798;",26997,0,3.70411527206727,18.5205763603363
"Culemborg","GM0216",2021-01-17,77,76,74,74,71,60,60,2020-12-01,17,1,3,6,0,"-",29132,3.43265137992585,10.2979541397776,20.5959082795551
"Doesburg","GM0221",2021-01-17,19,19,17,17,16,10,10,2020-12-01,9,0,2,3,100,"&#x279A;",11061,0,18.08154778049,27.122321670735
"Doetinchem","GM0222",2021-01-17,94,94,92,91,85,66,66,2020-12-01,28,0,2,9,-71.4285714285714,"&#x2798;",58227,0,3.43483263777972,15.4567468700088
"Druten","GM0225",2021-01-17,65,65,63,63,60,47,47,2020-12-01,18,0,2,5,-33.3333333333333,"&#x2798;",18980,0,10.5374077976818,26.3435194942044
"Duiven","GM0226",2021-01-17,22,22,20,20,19,11,11,2020-12-01,11,0,2,3,100,"&#x279A;",25072,0,7.97702616464582,11.9655392469687
"Ede","GM0228",2021-01-17,261,260,248,245,230,172,172,2020-12-01,89,1,13,31,-27.7777777777778,"&#x2798;",118538,0.843611331387403,10.9669473080362,26.1519512730095
"Elburg","GM0230",2021-01-17,43,43,39,39,38,25,25,2020-12-01,18,0,4,5,300,"&#x279A;",23443,0,17.0626626285032,21.328328285629
"Epe","GM0232",2021-01-17,74,74,73,73,70,50,50,2020-12-01,24,0,1,4,-66.6666666666667,"&#x2798;",33198,0,3.0122296523887,12.0489186095548
"Ermelo","GM0233",2021-01-17,80,80,77,76,73,53,53,2020-12-01,27,0,3,7,-25,"&#x2798;",27044,0,11.093033574915,25.8837450081349
"Harderwijk","GM0243",2021-01-17,134,133,130,130,123,80,80,2020-12-01,54,1,4,11,-42.8571428571429,"&#x2798;",48657,2.05520274575087,8.22081098300347,22.6072302032596
"Hattem","GM0244",2021-01-17,12,12,11,11,10,9,9,2020-12-01,3,0,1,2,0,"-",12235,0,8.1732733959951,16.3465467919902
"Heerde","GM0246",2021-01-17,23,23,23,23,22,18,18,2020-12-01,5,0,0,1,-100,"&#x2798;",18744,0,0,5.33504054630815
"Heumen","GM0252",2021-01-17,43,43,42,42,40,33,33,2020-12-01,10,0,1,3,-50,"&#x2798;",16579,0,6.03172688340672,18.0951806502202
"Lochem","GM0262",2021-01-17,54,52,50,50,47,34,34,2020-12-01,20,2,4,7,33.3333333333333,"&#x279A;",33907,5.89848703807473,11.7969740761495,20.6447046332616
"Maasdriel","GM0263",2021-01-17,53,53,52,52,50,42,42,2020-12-01,11,0,1,3,-50,"&#x2798;",25441,0,3.93066310286545,11.7919893085964
"Nijkerk","GM0267",2021-01-17,86,86,84,84,76,57,57,2020-12-01,29,0,2,10,-75,"&#x2798;",43577,0,4.58957707047296,22.9478853523648
"Nijmegen","GM0268",2021-01-17,399,398,382,381,363,308,308,2020-12-01,91,1,17,36,-10.5263157894737,"&#x2798;",177463,0.563497743191539,9.57946163425616,20.2859187548954
"Oldebroek","GM0269",2021-01-17,33,33,32,32,29,14,14,2020-12-01,19,0,1,4,-66.6666666666667,"&#x2798;",23749,0,4.21070360857299,16.842814434292
"Putten","GM0273",2021-01-17,43,43,43,43,40,30,30,2020-12-01,13,0,0,3,-100,"&#x2798;",24384,0,0,12.3031496062992
"Renkum","GM0274",2021-01-17,36,36,35,35,33,22,22,2020-12-01,14,0,1,3,-50,"&#x2798;",31413,0,3.18339540954382,9.55018622863146
"Rheden","GM0275",2021-01-17,32,32,29,29,26,15,15,2020-12-01,17,0,3,6,0,"-",43565,0,6.88626190749455,13.7725238149891
"Rozendaal","GM0277",2021-01-17,1,1,1,1,1,0,0,2020-12-01,1,0,0,0,0,"-",1718,0,0,0
"Scherpenzeel","GM0279",2021-01-17,18,17,15,15,12,9,9,2020-12-01,9,1,3,6,0,"-",10110,9.89119683481701,29.673590504451,59.3471810089021
"Tiel","GM0281",2021-01-17,139,139,136,135,130,109,109,2020-12-01,30,0,3,9,-50,"&#x2798;",41899,0,7.16007541946108,21.4802262583833
"Voorst","GM0285",2021-01-17,58,58,56,56,54,35,35,2020-12-01,23,0,2,4,0,"-",24762,0,8.0768920119538,16.1537840239076
"Wageningen","GM0289",2021-01-17,63,64,60,60,56,47,47,2020-12-01,16,-1,3,7,-25,"&#x2798;",39719,-2.51768674941464,7.55306024824391,17.6238072459025
"Westervoort","GM0293",2021-01-17,18,18,16,16,16,9,9,2020-12-01,9,0,2,2,200,"&#x279A;",15017,0,13.3182393287607,13.3182393287607
"Winterswijk","GM0294",2021-01-17,39,39,36,36,34,33,33,2020-12-01,6,0,3,5,50,"&#x279A;",29007,0,10.3423311614438,17.2372186024063
"Wijchen","GM0296",2021-01-17,125,125,125,124,117,94,94,2020-12-01,31,0,0,8,-100,"&#x2798;",41259,0,0,19.389708911995
"Zaltbommel","GM0297",2021-01-17,65,65,62,62,58,40,40,2020-12-01,25,0,3,7,-25,"&#x2798;",29436,0,10.1916021198532,23.7804049463242
"Zevenaar","GM0299",2021-01-17,42,41,41,41,41,30,30,2020-12-01,12,1,1,1,100,"&#x279A;",44085,2.26834524214585,2.26834524214585,2.26834524214585
"Zutphen","GM0301",2021-01-17,81,81,80,80,78,57,57,2020-12-01,24,0,1,3,-50,"&#x2798;",48105,0,2.07878598898243,6.2363579669473
"Nunspeet","GM0302",2021-01-17,110,109,108,108,106,91,91,2020-12-01,19,1,2,4,0,"-",28017,3.56926151979155,7.13852303958311,14.2770460791662
"Dronten","GM0303",2021-01-17,84,84,83,83,79,52,52,2020-12-01,32,0,1,5,-75,"&#x2798;",41936,0,2.38458603586417,11.9229301793209
"Amersfoort","GM0307",2021-01-17,283,282,278,277,268,183,183,2020-12-01,100,1,5,15,-50,"&#x2798;",157547,0.634731223063594,3.17365611531797,9.52096834595391
"Baarn","GM0308",2021-01-17,28,28,28,28,27,21,21,2020-12-01,7,0,0,1,-100,"&#x2798;",24844,0,0,4.02511672838512
"De Bilt","GM0310",2021-01-17,81,81,81,81,79,65,65,2020-12-01,16,0,0,2,-100,"&#x2798;",43371,0,0,4.61137626524636
"Bunnik","GM0312",2021-01-17,27,27,27,27,27,20,20,2020-12-01,7,0,0,0,0,"-",15345,0,0,0
"Bunschoten","GM0313",2021-01-17,86,86,83,83,77,54,54,2020-12-01,32,0,3,9,-50,"&#x2798;",22036,0,13.6140860410238,40.8422581230713
"Eemnes","GM0317",2021-01-17,7,7,6,6,5,1,1,2020-12-01,6,0,1,2,0,"-",9361,0,10.6826193782716,21.3652387565431
"Houten","GM0321",2021-01-17,75,75,75,75,72,56,56,2020-12-01,19,0,0,3,-100,"&#x2798;",50206,0,0,5.97538142851452
"Leusden","GM0327",2021-01-17,35,34,34,34,34,23,23,2020-12-01,12,1,1,1,100,"&#x279A;",30522,3.27632527357316,3.27632527357316,3.27632527357316
"Lopik","GM0331",2021-01-17,33,33,33,33,33,30,30,2020-12-01,3,0,0,0,0,"-",14455,0,0,0
"Montfoort","GM0335",2021-01-17,30,30,30,30,28,24,24,2020-12-01,6,0,0,2,-100,"&#x2798;",13878,0,0,14.4112984579911
"Renswoude","GM0339",2021-01-17,7,7,7,7,6,4,4,2020-12-01,3,0,0,1,-100,"&#x2798;",5547,0,0,18.0277627546422
"Rhenen","GM0340",2021-01-17,43,43,42,42,40,28,28,2020-12-01,15,0,1,3,-50,"&#x2798;",20193,0,4.95221116228396,14.8566334868519
"Soest","GM0342",2021-01-17,96,93,91,91,86,61,61,2020-12-01,35,3,5,10,0,"-",46906,6.39577026393212,10.6596171065535,21.3192342131071
"Utrecht","GM0344",2021-01-17,790,785,772,767,735,631,631,2020-12-01,159,5,18,55,-51.3513513513513,"&#x2798;",359548,1.39063490827372,5.0062856697854,15.2969839910109
"Veenendaal","GM0345",2021-01-17,181,181,179,178,174,116,116,2020-12-01,65,0,2,7,-60,"&#x2798;",66945,0,2.98752707446411,10.4563447606244
"Woudenberg","GM0351",2021-01-17,27,27,26,26,25,17,17,2020-12-01,10,0,1,2,0,"-",13625,0,7.3394495412844,14.6788990825688
"Wijk bij Duurstede","GM0352",2021-01-17,46,46,44,44,42,29,29,2020-12-01,17,0,2,4,0,"-",23917,0,8.36225279090187,16.7245055818037
"IJsselstein","GM0353",2021-01-17,96,96,94,94,92,79,79,2020-12-01,17,0,2,4,0,"-",33855,0,5.90754689115345,11.8150937823069
"Zeist","GM0355",2021-01-17,112,112,110,110,107,81,81,2020-12-01,31,0,2,5,-33.3333333333333,"&#x2798;",65005,0,3.07668640873779,7.69171602184447
"Nieuwegein","GM0356",2021-01-17,118,117,115,115,111,93,93,2020-12-01,25,1,3,7,-25,"&#x2798;",63811,1.56712792465249,4.70138377395747,10.9698954725674
"Aalsmeer","GM0358",2021-01-17,42,42,42,42,38,30,30,2020-12-01,12,0,0,4,-100,"&#x2798;",31957,0,0,12.5168194761711
"Alkmaar","GM0361",2021-01-17,231,230,222,220,213,149,149,2020-12-01,82,1,9,18,0,"-",109841,0.910406860826103,8.19366174743493,16.3873234948699
"Amstelveen","GM0362",2021-01-17,168,168,165,164,159,137,137,2020-12-01,31,0,3,9,-50,"&#x2798;",90956,0,3.29829807819165,9.89489423457496
"Amsterdam","GM0363",2021-01-17,2380,2370,2319,2310,2244,1876,1876,2020-12-01,504,10,61,136,-18.6666666666667,"&#x2798;",873289,1.14509629687309,6.98508741092582,15.573309637474
"Beemster","GM0370",2021-01-17,12,12,11,11,11,9,9,2020-12-01,3,0,1,1,100,"&#x279A;",10073,0,9.92752903802243,9.92752903802243
"Bergen (NH.)","GM0373",2021-01-17,66,66,65,64,63,44,44,2020-12-01,22,0,1,3,-50,"&#x2798;",29706,0,3.36632330168989,10.0989699050697
"Beverwijk","GM0375",2021-01-17,52,52,51,51,49,39,39,2020-12-01,13,0,1,3,-50,"&#x2798;",41830,0,2.3906287353574,7.1718862060722
"Blaricum","GM0376",2021-01-17,7,7,7,7,6,3,3,2020-12-01,4,0,0,1,-100,"&#x2798;",11919,0,0,8.38996560114104
"Bloemendaal","GM0377",2021-01-17,10,10,10,10,7,6,6,2020-12-01,4,0,0,3,-100,"&#x2798;",23529,0,0,12.7502231289048
"Castricum","GM0383",2021-01-17,49,49,47,47,47,32,32,2020-12-01,17,0,2,2,200,"&#x279A;",36164,0,5.53036168565424,5.53036168565424
"Diemen","GM0384",2021-01-17,71,70,70,69,67,51,51,2020-12-01,20,1,1,4,-66.6666666666667,"&#x2798;",31304,3.19447993866599,3.19447993866599,12.7779197546639
"Edam-Volendam","GM0385",2021-01-17,99,98,97,97,94,78,78,2020-12-01,21,1,2,5,-33.3333333333333,"&#x2798;",36247,2.75884900819378,5.51769801638756,13.7942450409689
"Enkhuizen","GM0388",2021-01-17,60,60,58,56,52,29,29,2020-12-01,31,0,2,8,-66.6666666666667,"&#x2798;",18666,0,10.7146683810136,42.8586735240544
"Haarlem","GM0392",2021-01-17,131,130,130,128,122,76,76,2020-12-01,55,1,1,9,-87.5,"&#x2798;",162754,0.61442422306057,0.61442422306057,5.52981800754513
"Haarlemmermeer","GM0394",2021-01-17,184,182,180,178,158,110,110,2020-12-01,74,2,4,26,-81.8181818181818,"&#x2798;",157730,1.26798960248526,2.53597920497052,16.4838648323084
"Heemskerk","GM0396",2021-01-17,66,65,65,65,63,51,51,2020-12-01,15,1,1,3,-50,"&#x2798;",39233,2.54887467183239,2.54887467183239,7.64662401549716
"Heemstede","GM0397",2021-01-17,16,16,15,15,14,9,9,2020-12-01,7,0,1,2,0,"-",27494,0,3.63715719793409,7.27431439586819
"Heerhugowaard","GM0398",2021-01-17,99,99,96,96,88,66,66,2020-12-01,33,0,3,11,-62.5,"&#x2798;",58303,0,5.1455328199235,18.8669536730528
"Heiloo","GM0399",2021-01-17,32,32,32,31,26,20,20,2020-12-01,12,0,0,6,-100,"&#x2798;",24119,0,0,24.8766532609146
"Den Helder","GM0400",2021-01-17,78,78,73,71,67,37,37,2020-12-01,41,0,5,11,-16.6666666666667,"&#x2798;",56531,0,8.84470467531089,19.458350285684
"Hilversum","GM0402",2021-01-17,48,48,47,47,35,26,26,2020-12-01,22,0,1,13,-91.6666666666667,"&#x2798;",91247,0,1.09592644141725,14.2470437384243
"Hoorn","GM0405",2021-01-17,147,147,135,134,122,85,85,2020-12-01,62,0,12,25,-7.69230769230769,"&#x2798;",73579,0,16.3090012095843,33.9770858533005
"Huizen","GM0406",2021-01-17,39,39,39,39,37,24,24,2020-12-01,15,0,0,2,-100,"&#x2798;",41130,0,0,4.86263068319961
"Landsmeer","GM0415",2021-01-17,23,23,23,22,20,12,12,2020-12-01,11,0,0,3,-100,"&#x2798;",11564,0,0,25.9425804219993
"Langedijk","GM0416",2021-01-17,52,51,50,50,49,36,36,2020-12-01,16,1,2,3,100,"&#x279A;",28332,3.52957786248765,7.05915572497529,10.5887335874629
"Laren","GM0417",2021-01-17,12,12,12,11,10,7,7,2020-12-01,5,0,0,2,-100,"&#x2798;",11401,0,0,17.5423208490483
"Medemblik","GM0420",2021-01-17,82,81,78,78,74,44,44,2020-12-01,38,1,4,8,0,"-",45194,2.21268309952649,8.85073239810594,17.7014647962119
"Oostzaan","GM0431",2021-01-17,26,26,26,26,24,20,20,2020-12-01,6,0,0,2,-100,"&#x2798;",9685,0,0,20.6504904491482
"Opmeer","GM0432",2021-01-17,9,9,9,9,8,7,7,2020-12-01,2,0,0,1,-100,"&#x2798;",11988,0,0,8.34167500834168
"Ouder-Amstel","GM0437",2021-01-17,20,20,20,20,19,16,16,2020-12-01,4,0,0,1,-100,"&#x2798;",14120,0,0,7.08215297450425
"Purmerend","GM0439",2021-01-17,230,228,217,214,195,154,154,2020-12-01,76,2,13,35,-40.9090909090909,"&#x2798;",81708,2.44774073530132,15.9103147794586,42.835462867773
"Schagen","GM0441",2021-01-17,80,79,78,77,72,41,41,2020-12-01,39,1,2,8,-66.6666666666667,"&#x2798;",46546,2.14841232329309,4.29682464658617,17.1872985863447
"Texel","GM0448",2021-01-17,13,13,13,13,13,11,11,2020-12-01,2,0,0,0,0,"-",13658,0,0,0
"Uitgeest","GM0450",2021-01-17,18,18,18,18,17,13,13,2020-12-01,5,0,0,1,-100,"&#x2798;",13644,0,0,7.32922896511287
"Uithoorn","GM0451",2021-01-17,47,46,45,45,45,39,39,2020-12-01,8,1,2,2,200,"&#x279A;",30138,3.31807021036565,6.6361404207313,6.6361404207313
"Velsen","GM0453",2021-01-17,88,88,87,87,79,57,57,2020-12-01,31,0,1,9,-87.5,"&#x2798;",68683,0,1.45596435799252,13.1036792219326
"Weesp","GM0457",2021-01-17,21,21,20,20,18,14,14,2020-12-01,7,0,1,3,-50,"&#x2798;",20459,0,4.8878244293465,14.6634732880395
"Zandvoort","GM0473",2021-01-17,16,16,16,16,14,9,9,2020-12-01,7,0,0,2,-100,"&#x2798;",17168,0,0,11.6495806150979
"Zaanstad","GM0479",2021-01-17,424,424,416,416,406,327,327,2020-12-01,97,0,8,18,-20,"&#x2798;",157106,0,5.09210342062047,11.4572326963961
"Alblasserdam","GM0482",2021-01-17,74,74,70,70,67,49,49,2020-12-01,25,0,4,7,33.3333333333333,"&#x279A;",20193,0,19.8088446491358,34.6654781359877
"Alphen aan den Rijn","GM0484",2021-01-17,231,231,228,226,221,162,162,2020-12-01,69,0,3,10,-57.1428571428571,"&#x2798;",112552,0,2.66543464354254,8.8847821451418
"Barendrecht","GM0489",2021-01-17,120,120,118,116,113,91,91,2020-12-01,29,0,2,7,-60,"&#x2798;",48635,0,4.11226482985504,14.3929269044927
"Drechterland","GM0498",2021-01-17,33,33,30,30,29,19,19,2020-12-01,14,0,3,4,200,"&#x279A;",19834,0,15.1255419985883,20.167389331451
"Brielle","GM0501",2021-01-17,47,47,46,46,44,34,34,2020-12-01,13,0,1,3,-50,"&#x2798;",17408,0,5.74448529411765,17.2334558823529
"Capelle aan den IJssel","GM0502",2021-01-17,241,241,234,232,223,180,180,2020-12-01,61,0,7,18,-36.3636363636364,"&#x2798;",67204,0,10.4160466638891,26.7841199928576
"Delft","GM0503",2021-01-17,196,195,186,185,179,145,145,2020-12-01,51,1,10,17,42.8571428571429,"&#x279A;",103880,0.962649210627647,9.62649210627647,16.36503658067
"Dordrecht","GM0505",2021-01-17,409,408,400,399,387,306,306,2020-12-01,103,1,9,22,-30.7692307692308,"&#x2798;",119184,0.83903879715398,7.55134917438582,18.4588535373876
"Gorinchem","GM0512",2021-01-17,78,77,70,70,60,44,44,2020-12-01,34,1,8,18,-20,"&#x2798;",37405,2.67343937976206,21.3875150380965,48.1219088357172
"Gouda","GM0513",2021-01-17,210,210,206,205,201,162,162,2020-12-01,48,0,4,9,-20,"&#x2798;",73754,0,5.42343466117092,12.2027279876346
"'s-Gravenhage","GM0518",2021-01-17,1468,1461,1421,1414,1383,1171,1171,2020-12-01,297,7,47,85,23.6842105263158,"&#x279A;",548076,1.27719513352163,8.5754530393595,15.5087980499055
"Hardinxveld-Giessendam","GM0523",2021-01-17,30,30,27,27,26,15,15,2020-12-01,15,0,3,4,200,"&#x279A;",18399,0,16.3052339801076,21.7403119734768
"Hellevoetsluis","GM0530",2021-01-17,91,91,88,88,74,61,61,2020-12-01,30,0,3,17,-78.5714285714286,"&#x2798;",40235,0,7.45619485522555,42.2517708462781
"Hendrik-Ido-Ambacht","GM0531",2021-01-17,89,89,87,87,81,67,67,2020-12-01,22,0,2,8,-66.6666666666667,"&#x2798;",31255,0,6.39897616381379,25.5959046552552
"Stede Broec","GM0532",2021-01-17,61,60,57,57,49,36,36,2020-12-01,25,1,4,12,-50,"&#x2798;",21768,4.59389930172731,18.3755972069092,55.1267916207277
"Hillegom","GM0534",2021-01-17,19,19,19,19,16,11,11,2020-12-01,8,0,0,3,-100,"&#x2798;",22217,0,0,13.5031732457127
"Katwijk","GM0537",2021-01-17,168,168,159,158,150,97,97,2020-12-01,71,0,9,18,0,"-",66005,0,13.6353306567684,27.2706613135369
"Krimpen aan den IJssel","GM0542",2021-01-17,81,81,77,77,77,57,57,2020-12-01,24,0,4,4,400,"&#x279A;",29443,0,13.585572122406,13.585572122406
"Leiden","GM0546",2021-01-17,180,179,177,176,172,137,137,2020-12-01,43,1,3,8,-40,"&#x2798;",124121,0.805665439369647,2.41699631810894,6.44532351495718
"Leiderdorp","GM0547",2021-01-17,67,67,66,66,62,50,50,2020-12-01,17,0,1,5,-75,"&#x2798;",27374,0,3.6531014831592,18.265507415796
"Lisse","GM0553",2021-01-17,40,40,39,39,39,21,21,2020-12-01,19,0,1,1,100,"&#x279A;",22999,0,4.34801513109266,4.34801513109266
"Maassluis","GM0556",2021-01-17,95,95,94,94,92,80,80,2020-12-01,15,0,1,3,-50,"&#x2798;",33557,0,2.98000417200584,8.94001251601752
"Nieuwkoop","GM0569",2021-01-17,45,45,44,44,42,23,23,2020-12-01,22,0,1,3,-50,"&#x2798;",29146,0,3.43100253894188,10.2930076168256
"Noordwijk","GM0575",2021-01-17,92,91,89,89,86,66,66,2020-12-01,26,1,3,6,0,"-",43998,2.27283058320833,6.81849174962498,13.63698349925
"Oegstgeest","GM0579",2021-01-17,39,39,38,38,37,30,30,2020-12-01,9,0,1,2,0,"-",25061,0,3.9902637564343,7.9805275128686
"Oudewater","GM0589",2021-01-17,37,37,37,37,36,33,33,2020-12-01,4,0,0,1,-100,"&#x2798;",10156,0,0,9.84639621898385
"Papendrecht","GM0590",2021-01-17,90,90,89,89,88,63,63,2020-12-01,27,0,1,2,0,"-",32142,0,3.11119407628648,6.22238815257296
"Ridderkerk","GM0597",2021-01-17,145,142,139,136,135,102,102,2020-12-01,43,3,6,10,50,"&#x279A;",46633,6.43321253189801,12.866425063796,21.4440417729934
"Rotterdam","GM0599",2021-01-17,2384,2376,2342,2336,2283,1943,1943,2020-12-01,441,8,42,101,-28.8135593220339,"&#x2798;",652742,1.22559908815428,6.43439521280996,15.4731884879478
"Rijswijk","GM0603",2021-01-17,144,144,140,140,136,113,113,2020-12-01,31,0,4,8,0,"-",55236,0,7.24165399377218,14.4833079875444
"Schiedam","GM0606",2021-01-17,237,237,234,234,230,196,196,2020-12-01,41,0,3,7,-25,"&#x2798;",79316,0,3.78233899843663,8.82545766301881
"Sliedrecht","GM0610",2021-01-17,111,111,106,105,98,60,60,2020-12-01,51,0,5,13,-37.5,"&#x2798;",25570,0,19.5541650371529,50.8408290965976
"Albrandswaard","GM0613",2021-01-17,67,67,67,67,62,55,55,2020-12-01,12,0,0,5,-100,"&#x2798;",25806,0,0,19.3753390684337
"Westvoorne","GM0614",2021-01-17,23,23,22,21,20,15,15,2020-12-01,8,0,1,3,-50,"&#x2798;",14893,0,6.7145638890754,20.1436916672262
"Vlaardingen","GM0622",2021-01-17,189,188,188,187,179,156,156,2020-12-01,33,1,1,10,-88.8888888888889,"&#x2798;",73950,1.35226504394861,1.35226504394861,13.5226504394861
"Voorschoten","GM0626",2021-01-17,33,33,32,31,30,20,20,2020-12-01,13,0,1,3,-50,"&#x2798;",25643,0,3.89969972312132,11.699099169364
"Waddinxveen","GM0627",2021-01-17,74,73,72,72,70,55,55,2020-12-01,19,1,2,4,0,"-",30320,3.29815303430079,6.59630606860158,13.1926121372032
"Wassenaar","GM0629",2021-01-17,40,39,36,36,33,26,26,2020-12-01,14,1,4,7,33.3333333333333,"&#x279A;",26845,3.72508847085118,14.9003538834047,26.0756192959583
"Woerden","GM0632",2021-01-17,128,128,126,125,123,100,100,2020-12-01,28,0,2,5,-33.3333333333333,"&#x2798;",52671,0,3.79715593020827,9.49288982552068
"Zoetermeer","GM0637",2021-01-17,258,258,250,249,244,184,184,2020-12-01,74,0,8,14,33.3333333333333,"&#x279A;",125284,0,6.38549216180837,11.1746112831646
"Zoeterwoude","GM0638",2021-01-17,16,15,15,15,14,9,9,2020-12-01,7,1,1,2,0,"-",8813,11.3468739362306,11.3468739362306,22.6937478724611
"Zwijndrecht","GM0642",2021-01-17,152,152,149,149,147,109,109,2020-12-01,43,0,3,5,50,"&#x279A;",44763,0,6.70196367535688,11.1699394589281
"Borsele","GM0654",2021-01-17,23,23,22,22,17,9,9,2020-12-01,14,0,1,6,-80,"&#x2798;",22779,0,4.39000834101585,26.3400500460951
"Goes","GM0664",2021-01-17,49,48,45,45,44,32,32,2020-12-01,17,1,4,5,300,"&#x279A;",38571,2.59262139949703,10.3704855979881,12.9631069974852
"West Maas en Waal","GM0668",2021-01-17,40,40,40,40,38,33,33,2020-12-01,7,0,0,2,-100,"&#x2798;",19560,0,0,10.2249488752556
"Hulst","GM0677",2021-01-17,39,39,39,37,34,29,29,2020-12-01,10,0,0,5,-100,"&#x2798;",27563,0,0,18.1402604941407
"Kapelle","GM0678",2021-01-17,10,10,10,10,10,7,7,2020-12-01,3,0,0,0,0,"-",12842,0,0,0
"Middelburg","GM0687",2021-01-17,44,44,41,41,41,31,31,2020-12-01,13,0,3,3,300,"&#x279A;",48973,0,6.12582443387173,6.12582443387173
"Reimerswaal","GM0703",2021-01-17,28,25,24,23,20,14,14,2020-12-01,14,3,4,8,0,"-",22931,13.0827264401901,17.4436352535868,34.8872705071737
"Terneuzen","GM0715",2021-01-17,94,94,90,90,85,63,63,2020-12-01,31,0,4,9,-20,"&#x2798;",54486,0,7.34133538890724,16.5180046250413
"Tholen","GM0716",2021-01-17,69,69,65,65,65,58,58,2020-12-01,11,0,4,4,400,"&#x279A;",26050,0,15.3550863723608,15.3550863723608
"Veere","GM0717",2021-01-17,17,17,16,16,15,14,14,2020-12-01,3,0,1,2,0,"-",21981,0,4.54938355852782,9.09876711705564
"Vlissingen","GM0718",2021-01-17,46,46,43,42,38,28,28,2020-12-01,18,0,3,8,-40,"&#x2798;",44330,0,6.76742612226483,18.0464696593729
"De Ronde Venen","GM0736",2021-01-17,119,119,116,116,114,95,95,2020-12-01,24,0,3,5,50,"&#x279A;",44696,0,6.7120100232683,11.1866833721138
"Tytsjerksteradiel","GM0737",2021-01-17,21,21,18,18,14,7,7,2020-12-01,14,0,3,7,-25,"&#x2798;",32039,0,9.36358812697025,21.8483722962639
"Asten","GM0743",2021-01-17,44,44,44,44,42,38,38,2020-12-01,6,0,0,2,-100,"&#x2798;",16802,0,0,11.9033448399
"Baarle-Nassau","GM0744",2021-01-17,19,19,19,19,19,18,18,2020-12-01,1,0,0,0,0,"-",6901,0,0,0
"Bergen op Zoom","GM0748",2021-01-17,172,168,163,161,158,124,124,2020-12-01,48,4,9,14,80,"&#x279A;",67501,5.92583813573132,13.3331358053955,20.7404334750596
"Best","GM0753",2021-01-17,98,98,90,90,82,51,51,2020-12-01,47,0,8,16,0,"-",30196,0,26.4935753079878,52.9871506159756
"Boekel","GM0755",2021-01-17,40,40,38,38,38,35,35,2020-12-01,5,0,2,2,200,"&#x279A;",10922,0,18.3116645303058,18.3116645303058
"Boxmeer","GM0756",2021-01-17,88,88,83,81,80,56,56,2020-12-01,32,0,5,8,66.6666666666667,"&#x279A;",29592,0,16.8964585022979,27.0343336036767
"Boxtel","GM0757",2021-01-17,87,87,85,85,83,52,52,2020-12-01,35,0,2,4,0,"-",32675,0,6.12088752869166,12.2417750573833
"Breda","GM0758",2021-01-17,453,451,445,444,435,365,365,2020-12-01,88,2,8,18,-20,"&#x2798;",184151,1.08606523993896,4.34426095975585,9.77458715945067
"Deurne","GM0762",2021-01-17,118,118,114,113,111,93,93,2020-12-01,25,0,4,7,33.3333333333333,"&#x279A;",32482,0,12.3145126531617,21.5503971430331
"Pekela","GM0765",2021-01-17,25,24,20,20,19,9,9,2020-12-01,16,1,5,6,400,"&#x279A;",12163,8.22165584148648,41.1082792074324,49.3299350489189
"Dongen","GM0766",2021-01-17,101,100,98,96,91,65,65,2020-12-01,36,1,3,10,-57.1428571428571,"&#x2798;",26358,3.79391456104408,11.3817436831323,37.9391456104409
"Eersel","GM0770",2021-01-17,84,84,83,83,82,73,73,2020-12-01,11,0,1,2,0,"-",19494,0,5.12978352313532,10.2595670462706
"Eindhoven","GM0772",2021-01-17,642,637,614,613,589,457,457,2020-12-01,185,5,28,53,12,"&#x279A;",235728,2.12108871241431,11.8780967895201,22.4835403515917
"Etten-Leur","GM0777",2021-01-17,116,116,116,116,112,100,100,2020-12-01,16,0,0,4,-100,"&#x2798;",43881,0,0,9.11556254415351
"Geertruidenberg","GM0779",2021-01-17,50,49,45,45,39,32,32,2020-12-01,18,1,5,11,-16.6666666666667,"&#x2798;",21792,4.58883994126285,22.9441997063142,50.4772393538913
"Gilze en Rijen","GM0784",2021-01-17,61,61,59,59,58,44,44,2020-12-01,17,0,2,3,100,"&#x279A;",26806,0,7.46101619040513,11.1915242856077
"Goirle","GM0785",2021-01-17,83,83,82,82,80,65,65,2020-12-01,18,0,1,3,-50,"&#x2798;",23939,0,4.17728392998872,12.5318517899662
"Grave","GM0786",2021-01-17,54,54,54,54,51,46,46,2020-12-01,8,0,0,3,-100,"&#x2798;",12429,0,0,24.1370987207338
"Helmond","GM0794",2021-01-17,309,308,300,296,286,245,245,2020-12-01,64,1,9,23,-35.7142857142857,"&#x2798;",92614,1.07975036171637,9.71775325544734,24.8342583194765
"'s-Hertogenbosch","GM0796",2021-01-17,374,374,372,372,355,285,285,2020-12-01,89,0,2,19,-88.2352941176471,"&#x2798;",155491,0,1.28624807866693,12.2193567473359
"Heusden","GM0797",2021-01-17,136,136,134,133,130,103,103,2020-12-01,33,0,2,6,-50,"&#x2798;",45008,0,4.44365446142908,13.3309633842872
"Hilvarenbeek","GM0798",2021-01-17,38,38,38,38,38,33,33,2020-12-01,5,0,0,0,0,"-",15683,0,0,0
"Loon op Zand","GM0809",2021-01-17,94,94,92,91,86,72,72,2020-12-01,22,0,2,8,-66.6666666666667,"&#x2798;",23497,0,8.5117249010512,34.0468996042048
"Mill en Sint Hubert","GM0815",2021-01-17,30,29,28,27,26,23,23,2020-12-01,7,1,2,4,0,"-",11003,9.08843042806507,18.1768608561301,36.3537217122603
"Nuenen, Gerwen en Nederwetten","GM0820",2021-01-17,55,54,50,49,47,40,40,2020-12-01,15,1,5,8,66.6666666666667,"&#x279A;",23657,4.22707866593397,21.1353933296699,33.8166293274718
"Oirschot","GM0823",2021-01-17,53,53,53,53,50,39,39,2020-12-01,14,0,0,3,-100,"&#x2798;",18838,0,0,15.9252574583289
"Oisterwijk","GM0824",2021-01-17,70,70,70,70,67,51,51,2020-12-01,19,0,0,3,-100,"&#x2798;",30700,0,0,9.77198697068404
"Oosterhout","GM0826",2021-01-17,157,157,157,156,154,113,113,2020-12-01,44,0,0,3,-100,"&#x2798;",56184,0,0,5.33959846219564
"Oss","GM0828",2021-01-17,304,301,299,299,295,280,280,2020-12-01,24,3,5,9,25,"&#x279A;",92442,3.24527812033491,5.40879686722485,9.73583436100474
"Rucphen","GM0840",2021-01-17,73,72,69,68,62,49,49,2020-12-01,24,1,4,11,-42.8571428571429,"&#x2798;",23089,4.33106674173849,17.324266966954,47.6417341591234
"Sint-Michielsgestel","GM0845",2021-01-17,82,82,81,81,80,64,64,2020-12-01,18,0,1,2,0,"-",29510,0,3.38868180277872,6.77736360555744
"Someren","GM0847",2021-01-17,53,53,51,51,49,36,36,2020-12-01,17,0,2,4,0,"-",19395,0,10.3119360659964,20.6238721319928
"Son en Breugel","GM0848",2021-01-17,52,52,51,51,51,44,44,2020-12-01,8,0,1,1,100,"&#x279A;",17526,0,5.7058085130663,5.7058085130663
"Steenbergen","GM0851",2021-01-17,71,71,69,69,67,54,54,2020-12-01,17,0,2,4,0,"-",24315,0,8.22537528274728,16.4507505654946
"Waterland","GM0852",2021-01-17,46,46,42,42,42,34,34,2020-12-01,12,0,4,4,400,"&#x279A;",17325,0,23.0880230880231,23.0880230880231
"Tilburg","GM0855",2021-01-17,775,773,765,765,752,615,615,2020-12-01,160,2,10,23,-23.0769230769231,"&#x2798;",221358,0.90351376503221,4.51756882516105,10.3904082978704
"Uden","GM0856",2021-01-17,149,149,148,147,145,136,136,2020-12-01,13,0,1,4,-66.6666666666667,"&#x2798;",42244,0,2.3672000757504,9.46880030300161
"Valkenswaard","GM0858",2021-01-17,78,78,72,71,68,54,54,2020-12-01,24,0,6,10,50,"&#x279A;",31253,0,19.1981569769302,31.9969282948837
"Veldhoven","GM0861",2021-01-17,141,141,139,138,130,99,99,2020-12-01,42,0,2,11,-77.7777777777778,"&#x2798;",45562,0,4.38962293139019,24.1429261226461
"Vught","GM0865",2021-01-17,95,95,95,95,92,69,69,2020-12-01,26,0,0,3,-100,"&#x2798;",30756,0,0,9.75419430355053
"Waalre","GM0866",2021-01-17,40,40,37,36,33,28,28,2020-12-01,12,0,3,7,-25,"&#x2798;",17519,0,17.1242650836235,39.9566185284548
"Waalwijk","GM0867",2021-01-17,178,177,176,176,172,136,136,2020-12-01,42,1,2,6,-50,"&#x2798;",48826,2.04808913283906,4.09617826567812,12.2885347970344
"Woensdrecht","GM0873",2021-01-17,44,44,43,43,42,36,36,2020-12-01,8,0,1,2,0,"-",22002,0,4.54504135987638,9.09008271975275
"Zundert","GM0879",2021-01-17,58,57,57,57,55,47,47,2020-12-01,11,1,1,3,-50,"&#x2798;",21995,4.54648783814503,4.54648783814503,13.6394635144351
"Wormerland","GM0880",2021-01-17,43,43,43,43,42,37,37,2020-12-01,6,0,0,1,-100,"&#x2798;",16295,0,0,6.13685179502915
"Landgraaf","GM0882",2021-01-17,107,106,104,104,102,77,77,2020-12-01,30,1,3,5,50,"&#x279A;",37325,2.67916945746819,8.03750837240455,13.3958472873409
"Beek","GM0888",2021-01-17,33,33,33,33,32,24,24,2020-12-01,9,0,0,1,-100,"&#x2798;",15872,0,0,6.30040322580645
"Beesel","GM0889",2021-01-17,11,11,11,11,11,9,9,2020-12-01,2,0,0,0,0,"-",13464,0,0,0
"Bergen (L.)","GM0893",2021-01-17,27,26,23,22,21,13,13,2020-12-01,14,1,4,6,100,"&#x279A;",13111,7.62718328121425,30.508733124857,45.7630996872855
"Brunssum","GM0899",2021-01-17,82,82,82,81,78,60,60,2020-12-01,22,0,0,4,-100,"&#x2798;",27655,0,0,14.4639305731332
"Gennep","GM0907",2021-01-17,43,43,42,42,40,27,27,2020-12-01,16,0,1,3,-50,"&#x2798;",17019,0,5.8757858863623,17.6273576590869
"Heerlen","GM0917",2021-01-17,220,216,216,216,211,170,170,2020-12-01,50,4,4,9,-20,"&#x2798;",86829,4.60675580739154,4.60675580739154,10.365200566631
"Kerkrade","GM0928",2021-01-17,124,119,118,118,114,98,98,2020-12-01,26,5,6,10,50,"&#x279A;",45499,10.9892525110442,13.187103013253,21.9785050220884
"Maastricht","GM0935",2021-01-17,348,348,338,338,327,241,241,2020-12-01,107,0,10,21,-9.09090909090909,"&#x2798;",120379,0,8.30709675275588,17.4449031807873
"Meerssen","GM0938",2021-01-17,41,41,40,39,38,29,29,2020-12-01,12,0,1,3,-50,"&#x2798;",18710,0,5.34473543559594,16.0342063067878
"Mook en Middelaar","GM0944",2021-01-17,22,22,22,21,20,18,18,2020-12-01,4,0,0,2,-100,"&#x2798;",7901,0,0,25.3132514871535
"Nederweert","GM0946",2021-01-17,42,42,40,38,35,29,29,2020-12-01,13,0,2,7,-60,"&#x2798;",17171,0,11.6475452798323,40.766408479413
"Roermond","GM0957",2021-01-17,154,152,152,152,146,121,121,2020-12-01,33,2,2,8,-66.6666666666667,"&#x2798;",58784,3.40228633641807,3.40228633641807,13.6091453456723
"Simpelveld","GM0965",2021-01-17,29,29,28,27,27,24,24,2020-12-01,5,0,1,2,0,"-",10495,0,9.52834683182468,19.0566936636494
"Stein","GM0971",2021-01-17,73,72,72,71,71,61,61,2020-12-01,12,1,1,2,0,"-",24876,4.01993889692877,4.01993889692877,8.03987779385753
"Vaals","GM0981",2021-01-17,22,21,21,21,20,14,14,2020-12-01,8,1,1,2,0,"-",10113,9.88826263225551,9.88826263225551,19.776525264511
"Venlo","GM0983",2021-01-17,30,30,30,30,29,20,20,2020-12-01,10,0,0,1,-100,"&#x2798;",101967,0,0,0.980709445212667
"Venray","GM0984",2021-01-17,40,40,40,40,38,29,29,2020-12-01,11,0,0,2,-100,"&#x2798;",43704,0,0,4.57624016108365
"Voerendaal","GM0986",2021-01-17,28,28,26,26,26,22,22,2020-12-01,6,0,2,2,200,"&#x279A;",12478,0,16.0282096489822,16.0282096489822
"Weert","GM0988",2021-01-17,133,132,129,128,123,75,75,2020-12-01,58,1,4,10,-33.3333333333333,"&#x2798;",50008,1.99968005119181,7.99872020476724,19.9968005119181
"Valkenburg aan de Geul","GM0994",2021-01-17,29,29,28,28,28,20,20,2020-12-01,9,0,1,1,100,"&#x279A;",16399,0,6.09793280078054,6.09793280078054
"Lelystad","GM0995",2021-01-17,202,202,200,200,194,147,147,2020-12-01,55,0,2,8,-66.6666666666667,"&#x2798;",79703,0,2.50931583503758,10.0372633401503
"Horst aan de Maas","GM1507",2021-01-17,13,13,13,13,13,10,10,2020-12-01,3,0,0,0,0,"-",42464,0,0,0
"Oude IJsselstreek","GM1509",2021-01-17,66,64,62,62,58,47,47,2020-12-01,19,2,4,8,0,"-",39348,5.08285046253939,10.1657009250788,20.3314018501576
"Teylingen","GM1525",2021-01-17,65,65,60,60,54,42,42,2020-12-01,23,0,5,11,-16.6666666666667,"&#x2798;",37761,0,13.2411747570244,29.1305844654538
"Utrechtse Heuvelrug","GM1581",2021-01-17,80,78,78,78,74,53,53,2020-12-01,27,2,2,6,-50,"&#x2798;",49962,4.00304231215724,4.00304231215724,12.0091269364717
"Oost Gelre","GM1586",2021-01-17,65,65,64,64,61,53,53,2020-12-01,12,0,1,4,-66.6666666666667,"&#x2798;",29574,0,3.38134848177453,13.5253939270981
"Koggenland","GM1598",2021-01-17,29,28,28,28,26,19,19,2020-12-01,10,1,1,3,-50,"&#x2798;",22932,4.36071864643293,4.36071864643293,13.0821559392988
"Lansingerland","GM1621",2021-01-17,126,126,124,124,119,102,102,2020-12-01,24,0,2,7,-60,"&#x2798;",63295,0,3.15980725175764,11.0593253811517
"Leudal","GM1640",2021-01-17,89,89,84,84,82,66,66,2020-12-01,23,0,5,7,150,"&#x279A;",36027,0,13.8784800288672,19.4298720404141
"Maasgouw","GM1641",2021-01-17,60,60,58,57,56,42,42,2020-12-01,18,0,2,4,0,"-",23976,0,8.34167500834168,16.6833500166834
"Gemert-Bakel","GM1652",2021-01-17,115,115,112,112,109,97,97,2020-12-01,18,0,3,6,0,"-",30751,0,9.75578029982765,19.5115605996553
"Halderberge","GM1655",2021-01-17,85,85,82,82,82,69,69,2020-12-01,16,0,3,3,300,"&#x279A;",30461,0,9.84865894094088,9.84865894094088
"Heeze-Leende","GM1658",2021-01-17,39,39,39,39,38,29,29,2020-12-01,10,0,0,1,-100,"&#x2798;",16222,0,0,6.16446800641105
"Laarbeek","GM1659",2021-01-17,79,79,77,77,75,64,64,2020-12-01,15,0,2,4,0,"-",22787,0,8.77693421687805,17.5538684337561
"Reusel-De Mierden","GM1667",2021-01-17,41,40,40,40,39,35,35,2020-12-01,6,1,1,2,0,"-",13123,7.62020879372095,7.62020879372095,15.2404175874419
"Roerdalen","GM1669",2021-01-17,48,48,46,46,44,40,40,2020-12-01,8,0,2,4,0,"-",20612,0,9.70308558121483,19.4061711624297
"Roosendaal","GM1674",2021-01-17,194,190,185,185,182,151,151,2020-12-01,43,4,9,12,200,"&#x279A;",77256,5.17759138448794,11.6495806150979,15.5327741534638
"Schouwen-Duiveland","GM1676",2021-01-17,33,33,33,33,31,23,23,2020-12-01,10,0,0,2,-100,"&#x2798;",33990,0,0,5.88408355398647
"Aa en Hunze","GM1680",2021-01-17,11,10,9,9,8,5,5,2020-12-01,6,1,2,3,100,"&#x279A;",25366,3.94228494835607,7.88456989671213,11.8268548450682
"Borger-Odoorn","GM1681",2021-01-17,31,31,31,30,24,13,13,2020-12-01,18,0,0,7,-100,"&#x2798;",25587,0,0,27.3576425528589
"Cuijk","GM1684",2021-01-17,52,51,50,50,46,37,37,2020-12-01,15,1,2,6,-50,"&#x2798;",25373,3.9411973357506,7.8823946715012,23.6471840145036
"Landerd","GM1685",2021-01-17,54,54,52,52,51,48,48,2020-12-01,6,0,2,3,100,"&#x279A;",15838,0,12.6278570526582,18.9417855789872
"De Wolden","GM1690",2021-01-17,32,32,30,30,29,21,21,2020-12-01,11,0,2,3,100,"&#x279A;",24374,0,8.20546483958316,12.3081972593747
"Noord-Beveland","GM1695",2021-01-17,4,4,4,4,4,4,4,2020-12-01,0,0,0,0,0,"-",7570,0,0,0
"Wijdemeren","GM1696",2021-01-17,18,18,17,17,15,12,12,2020-12-01,6,0,1,3,-50,"&#x2798;",24440,0,4.09165302782324,12.2749590834697
"Noordenveld","GM1699",2021-01-17,15,15,15,15,12,8,8,2020-12-01,7,0,0,3,-100,"&#x2798;",31216,0,0,9.61045617631984
"Twenterand","GM1700",2021-01-17,118,116,111,110,102,55,55,2020-12-01,63,2,7,16,-22.2222222222222,"&#x2798;",33696,5.93542260208927,20.7739791073124,47.4833808167142
"Westerveld","GM1701",2021-01-17,14,14,14,14,14,8,8,2020-12-01,6,0,0,0,0,"-",19638,0,0,0
"Sint Anthonis","GM1702",2021-01-17,26,26,26,26,26,22,22,2020-12-01,4,0,0,0,0,"-",11687,0,0,0
"Lingewaard","GM1705",2021-01-17,73,73,68,68,66,37,37,2020-12-01,36,0,5,7,150,"&#x279A;",46781,0,10.6880998696052,14.9633398174473
"Cranendonck","GM1706",2021-01-17,70,70,70,69,66,57,57,2020-12-01,13,0,0,4,-100,"&#x2798;",21007,0,0,19.0412719569667
"Steenwijkerland","GM1708",2021-01-17,43,42,40,39,34,16,16,2020-12-01,27,1,3,9,-50,"&#x2798;",44301,2.25728538859168,6.77185616577504,20.3155684973251
"Moerdijk","GM1709",2021-01-17,83,82,80,80,77,57,57,2020-12-01,26,1,3,6,0,"-",37193,2.68867797703869,8.06603393111607,16.1320678622321
"Echt-Susteren","GM1711",2021-01-17,78,77,76,74,68,59,59,2020-12-01,19,1,2,10,-75,"&#x2798;",31751,3.14950710213852,6.29901420427703,31.4950710213852
"Sluis","GM1714",2021-01-17,41,41,40,40,40,22,22,2020-12-01,19,0,1,1,100,"&#x279A;",23143,0,4.32096098172233,4.32096098172233
"Drimmelen","GM1719",2021-01-17,66,66,63,63,62,43,43,2020-12-01,23,0,3,4,200,"&#x279A;",27334,0,10.9753420648277,14.6337894197703
"Bernheze","GM1721",2021-01-17,125,123,122,122,121,116,116,2020-12-01,9,2,3,4,200,"&#x279A;",31398,6.36983247340595,9.55474871010892,12.7396649468119
"Alphen-Chaam","GM1723",2021-01-17,40,40,40,40,40,38,38,2020-12-01,2,0,0,0,0,"-",10362,0,0,0
"Bergeijk","GM1724",2021-01-17,62,62,62,62,60,52,52,2020-12-01,10,0,0,2,-100,"&#x2798;",18745,0,0,10.669511869832
"Bladel","GM1728",2021-01-17,64,64,63,61,60,52,52,2020-12-01,12,0,1,4,-66.6666666666667,"&#x2798;",20552,0,4.86570650058388,19.4628260023355
"Gulpen-Wittem","GM1729",2021-01-17,36,35,34,34,33,28,28,2020-12-01,8,1,2,3,100,"&#x279A;",14184,7.05019740552736,14.1003948110547,21.1505922165821
"Tynaarlo","GM1730",2021-01-17,19,19,19,19,17,11,11,2020-12-01,8,0,0,2,-100,"&#x2798;",33927,0,0,5.89500987414154
"Midden-Drenthe","GM1731",2021-01-17,34,34,30,30,25,14,14,2020-12-01,20,0,4,9,-20,"&#x2798;",33357,0,11.9914860449081,26.9808436010433
"Overbetuwe","GM1734",2021-01-17,67,67,64,64,61,51,51,2020-12-01,16,0,3,6,0,"-",48147,0,6.23091781419403,12.4618356283881
"Hof van Twente","GM1735",2021-01-17,82,82,79,78,74,58,58,2020-12-01,24,0,3,8,-40,"&#x2798;",35037,0,8.56237691583184,22.8330051088849
"Neder-Betuwe","GM1740",2021-01-17,88,88,85,85,81,64,64,2020-12-01,24,0,3,7,-25,"&#x2798;",24634,0,12.1782901680604,28.4160103921409
"Rijssen-Holten","GM1742",2021-01-17,97,96,94,93,88,60,60,2020-12-01,37,1,3,9,-50,"&#x2798;",38182,2.61903514745168,7.85710544235504,23.5713163270651
"Geldrop-Mierlo","GM1771",2021-01-17,123,122,120,119,114,85,85,2020-12-01,38,1,3,9,-50,"&#x2798;",40097,2.49395216599746,7.48185649799237,22.4455694939771
"Olst-Wijhe","GM1773",2021-01-17,17,17,17,17,16,12,12,2020-12-01,5,0,0,1,-100,"&#x2798;",18348,0,0,5.45018530630041
"Dinkelland","GM1774",2021-01-17,68,66,64,63,62,48,48,2020-12-01,20,2,4,6,100,"&#x279A;",26616,7.51427712654043,15.0285542530809,22.5428313796213
"Westland","GM1783",2021-01-17,265,265,255,253,236,177,177,2020-12-01,88,0,10,29,-47.3684210526316,"&#x2798;",111342,0,8.98133678216666,26.0458766682833
"Midden-Delfland","GM1842",2021-01-17,45,45,44,44,41,28,28,2020-12-01,17,0,1,4,-66.6666666666667,"&#x2798;",19378,0,5.16049127876974,20.641965115079
"Berkelland","GM1859",2021-01-17,78,78,75,74,72,62,62,2020-12-01,16,0,3,6,0,"-",43821,0,6.84603272403642,13.6920654480728
"Bronckhorst","GM1876",2021-01-17,65,65,65,64,63,47,47,2020-12-01,18,0,0,2,-100,"&#x2798;",36103,0,0,5.53970584161981
"Sittard-Geleen","GM1883",2021-01-17,215,212,208,208,207,168,168,2020-12-01,47,3,7,8,600,"&#x279A;",91781,3.26865037426047,7.62685087327443,8.71640099802791
"Kaag en Braassem","GM1884",2021-01-17,47,46,46,45,39,26,26,2020-12-01,21,1,1,8,-85.7142857142857,"&#x2798;",27547,3.63015936399608,3.63015936399608,29.0412749119686
"Dantumadiel","GM1891",2021-01-17,17,17,13,12,10,3,3,2020-12-01,14,0,4,7,33.3333333333333,"&#x279A;",18927,0,21.1338299783378,36.9842024620912
"Zuidplas","GM1892",2021-01-17,106,104,90,89,83,67,67,2020-12-01,39,2,16,23,128.571428571429,"&#x279A;",45015,4.44296345662557,35.5437076530046,51.094079751194
"Peel en Maas","GM1894",2021-01-17,38,38,38,37,36,34,34,2020-12-01,4,0,0,2,-100,"&#x2798;",43695,0,0,4.57718274402106
"Oldambt","GM1895",2021-01-17,58,58,49,49,47,21,21,2020-12-01,37,0,9,11,350,"&#x279A;",38281,0,23.510357618662,28.7348815339202
"Zwartewaterland","GM1896",2021-01-17,29,29,27,27,26,18,18,2020-12-01,11,0,2,3,100,"&#x279A;",22797,0,8.77308417774269,13.159626266614
"Súdwest-Fryslân","GM1900",2021-01-17,84,84,78,77,73,46,46,2020-12-01,38,0,6,11,20,"&#x279A;",89930,0,6.67185588791282,12.2317357945068
"Bodegraven-Reeuwijk","GM1901",2021-01-17,76,75,73,73,69,52,52,2020-12-01,24,1,3,7,-25,"&#x2798;",35288,2.83382452958513,8.50147358875538,19.8367717070959
"Eijsden-Margraten","GM1903",2021-01-17,81,81,78,77,76,64,64,2020-12-01,17,0,3,5,50,"&#x279A;",25903,0,11.5816700768251,19.3027834613751
"Stichtse Vecht","GM1904",2021-01-17,147,147,143,143,139,106,106,2020-12-01,41,0,4,8,0,"-",65142,0,6.14043167234657,12.2808633446931
"Hollands Kroon","GM1911",2021-01-17,75,74,73,73,71,40,40,2020-12-01,35,1,2,4,0,"-",48532,2.06049616747713,4.12099233495426,8.24198466990851
"Leidschendam-Voorburg","GM1916",2021-01-17,146,145,141,141,136,105,105,2020-12-01,41,1,5,10,0,"-",76451,1.30802736393245,6.54013681966227,13.0802736393245
"Goeree-Overflakkee","GM1924",2021-01-17,151,149,142,142,138,108,108,2020-12-01,43,2,9,13,125,"&#x279A;",50567,3.9551486147092,17.7981687661914,25.7084659956098
"Pijnacker-Nootdorp","GM1926",2021-01-17,84,84,79,79,79,70,70,2020-12-01,14,0,5,5,500,"&#x279A;",55592,0,8.99409987048496,8.99409987048496
"Nissewaard","GM1930",2021-01-17,234,230,227,226,223,172,172,2020-12-01,62,4,7,11,75,"&#x279A;",85302,4.68922182363837,8.20613819136714,12.8953600150055
"Krimpenerwaard","GM1931",2021-01-17,152,152,149,149,139,115,115,2020-12-01,37,0,3,13,-70,"&#x2798;",56559,0,5.30419561873442,22.9848476811825
"De Fryske Marren","GM1940",2021-01-17,51,50,49,49,44,33,33,2020-12-01,18,1,2,7,-60,"&#x2798;",51735,1.93292741857543,3.86585483715087,13.530491930028
"Gooise Meren","GM1942",2021-01-17,45,44,41,41,37,24,24,2020-12-01,21,1,4,8,0,"-",58466,1.71039578558478,6.84158314233914,13.6831662846783
"Berg en Dal","GM1945",2021-01-17,99,98,96,96,94,79,79,2020-12-01,20,1,3,5,50,"&#x279A;",35015,2.85591889190347,8.56775667571041,14.2795944595173
"Meierijstad","GM1948",2021-01-17,333,333,326,325,322,299,299,2020-12-01,34,0,7,11,75,"&#x279A;",81653,0,8.57286321384395,13.4716421931833
"Waadhoeke","GM1949",2021-01-17,34,34,34,34,31,14,14,2020-12-01,20,0,0,3,-100,"&#x2798;",46082,0,0,6.51013410876264
"Westerwolde","GM1950",2021-01-17,35,35,30,30,29,19,19,2020-12-01,16,0,5,6,400,"&#x279A;",26284,0,19.0229797595495,22.8275757114594
"Midden-Groningen","GM1952",2021-01-17,84,84,77,75,70,42,42,2020-12-01,42,0,7,14,0,"-",60745,0,11.5235821878344,23.0471643756688
"Beekdaelen","GM1954",2021-01-17,91,90,89,89,86,68,68,2020-12-01,23,1,2,5,-33.3333333333333,"&#x2798;",36073,2.77215646051063,5.54431292102126,13.8607823025532
"Montferland","GM1955",2021-01-17,57,57,54,54,51,42,42,2020-12-01,15,0,3,6,0,"-",36062,0,8.31900615606456,16.6380123121291
"Altena","GM1959",2021-01-17,161,161,159,156,150,99,99,2020-12-01,62,0,2,11,-77.7777777777778,"&#x2798;",56308,0,3.55189315905378,19.5354123747958
"West Betuwe","GM1960",2021-01-17,150,149,148,147,142,114,114,2020-12-01,36,1,2,8,-66.6666666666667,"&#x2798;",51489,1.94216240362019,3.88432480724038,15.5372992289615
"Vijfheerenlanden","GM1961",2021-01-17,122,122,117,117,109,90,90,2020-12-01,32,0,5,13,-37.5,"&#x2798;",57786,0,8.65261482019866,22.4967985325165
"Hoeksche Waard","GM1963",2021-01-17,195,195,191,190,183,150,150,2020-12-01,45,0,4,12,-50,"&#x2798;",87963,0,4.547366506372,13.642099519116
"Het Hogeland","GM1966",2021-01-17,29,29,27,27,22,13,13,2020-12-01,16,0,2,7,-60,"&#x2798;",47859,0,4.17894230970141,14.6262980839549
"Westerkwartier","GM1969",2021-01-17,67,67,63,63,60,39,39,2020-12-01,28,0,4,7,33.3333333333333,"&#x279A;",63603,0,6.28901152461362,11.0057701680738
"Noardeast-Fryslân","GM1970",2021-01-17,48,48,40,39,32,14,14,2020-12-01,34,0,8,16,0,"-",45479,0,17.5905362914752,35.1810725829504
"Molenlanden","GM1978",2021-01-17,84,84,83,83,81,60,60,2020-12-01,24,0,1,3,-50,"&#x2798;",44105,0,2.26731663076749,6.80194989230246
"Eemsdelta","GM1979",2021-01-17,72,72,68,67,59,25,25,2020-12-01,47,0,4,13,-55.5555555555556,"&#x2798;",45606,0,8.77077577511731,28.5050212691313
