"municipality","Municipality_code","date","d0","d1","d7","d8","d14","dec1","lowest_since_dec1","lowest_since_dec1_date","current","increase_1d","increase_7d","increase_14d","increase_growth","growth","population","rel_increase_1d","rel_increase_7d","rel_increase_14d"
"Netherlands","",2021-01-12,37537,37168,36170,35902,34457,27910,27910,2020-12-01,9627,369,1367,3080,-20.1984821949796,"&#x2798;",17443797,2.11536513523976,7.83659658502102,17.656706277882
"Unknown","",2021-01-12,1080,1071,1045,1038,1008,816,816,2020-12-01,264,9,35,72,-5.40540540540541,"&#x2798;",NA,NA,NA,NA
"Groningen","GM0014",2021-01-12,133,134,129,128,115,76,76,2020-12-01,57,-1,4,18,-71.4285714285714,"&#x2798;",233456,-0.42834624083339,1.71338496333356,7.71023233500103
"Almere","GM0034",2021-01-12,143,141,131,131,114,86,86,2020-12-01,57,2,12,29,-29.4117647058823,"&#x2798;",214551,0.932179295365671,5.59307577219402,13.5165997828022
"Stadskanaal","GM0037",2021-01-12,39,37,35,35,34,21,21,2020-12-01,18,2,4,5,300,"&#x279A;",31702,6.30875023657813,12.6175004731563,15.7718755914453
"Veendam","GM0047",2021-01-12,26,26,26,26,25,13,13,2020-12-01,13,0,0,1,-100,"&#x2798;",27416,0,0,3.64750510650715
"Zeewolde","GM0050",2021-01-12,40,38,36,36,34,20,20,2020-12-01,20,2,4,6,100,"&#x279A;",22836,8.75810124365038,17.5162024873008,26.2743037309511
"Achtkarspelen","GM0059",2021-01-12,20,19,17,17,17,10,10,2020-12-01,10,1,3,3,300,"&#x279A;",27881,3.58667192711883,10.7600157813565,10.7600157813565
"Ameland","GM0060",2021-01-12,3,3,3,3,3,0,0,2020-12-01,3,0,0,0,0,"-",3747,0,0,0
"Harlingen","GM0072",2021-01-12,10,10,10,9,9,7,7,2020-12-01,3,0,0,1,-100,"&#x2798;",15835,0,0,6.31512472371329
"Heerenveen","GM0074",2021-01-12,48,45,42,42,40,32,32,2020-12-01,16,3,6,8,200,"&#x279A;",50626,5.92580887291115,11.8516177458223,15.8021569944297
"Leeuwarden","GM0080",2021-01-12,118,101,97,97,87,65,65,2020-12-01,53,17,21,31,110,"&#x279A;",124517,13.6527542423926,16.8651670053085,24.8961989125983
"Ooststellingwerf","GM0085",2021-01-12,22,22,21,21,21,16,16,2020-12-01,6,0,1,1,100,"&#x279A;",25437,0,3.93128120454456,3.93128120454456
"Opsterland","GM0086",2021-01-12,30,28,26,24,21,16,16,2020-12-01,14,2,4,9,-20,"&#x2798;",29812,6.70870790285791,13.4174158057158,30.1891855628606
"Schiermonnikoog","GM0088",2021-01-12,1,1,1,1,1,1,1,2020-12-01,0,0,0,0,0,"-",936,0,0,0
"Smallingerland","GM0090",2021-01-12,49,49,45,45,41,29,29,2020-12-01,20,0,4,8,0,"-",56060,0,7.13521227256511,14.2704245451302
"Terschelling","GM0093",2021-01-12,2,1,1,1,1,1,1,2020-12-01,1,1,1,1,100,"&#x279A;",4883,20.4792135981978,20.4792135981978,20.4792135981978
"Vlieland","GM0096",2021-01-12,0,0,0,0,0,0,0,2020-12-01,0,0,0,0,0,"-",1200,0,0,0
"Weststellingwerf","GM0098",2021-01-12,17,17,15,15,15,10,10,2020-12-01,7,0,2,2,200,"&#x279A;",26112,0,7.6593137254902,7.6593137254902
"Assen","GM0106",2021-01-12,61,61,58,58,53,35,35,2020-12-01,26,0,3,8,-40,"&#x2798;",68812,0,4.35970470266814,11.625879207115
"Coevorden","GM0109",2021-01-12,60,59,52,51,45,28,28,2020-12-01,32,1,8,15,14.2857142857143,"&#x279A;",35309,2.83213911467331,22.6571129173865,42.4820867200997
"Emmen","GM0114",2021-01-12,160,159,155,155,146,116,116,2020-12-01,44,1,5,14,-44.4444444444444,"&#x2798;",106984,0.934719210349211,4.67359605174606,13.086068944889
"Hoogeveen","GM0118",2021-01-12,98,96,93,93,86,56,56,2020-12-01,42,2,5,12,-28.5714285714286,"&#x2798;",55604,3.59686353499748,8.9921588374937,21.5811812099849
"Meppel","GM0119",2021-01-12,25,25,24,22,19,11,11,2020-12-01,14,0,1,6,-80,"&#x2798;",34324,0,2.91341335508682,17.4804801305209
"Almelo","GM0141",2021-01-12,239,236,228,226,213,166,166,2020-12-01,73,3,11,26,-26.6666666666667,"&#x2798;",73180,4.09948073244056,15.031429352282,35.5288330144848
"Borne","GM0147",2021-01-12,54,54,54,54,52,38,38,2020-12-01,16,0,0,2,-100,"&#x2798;",23637,0,0,8.46131065702077
"Dalfsen","GM0148",2021-01-12,28,28,27,27,25,13,13,2020-12-01,15,0,1,3,-50,"&#x2798;",28919,0,3.45793423009094,10.3738026902728
"Deventer","GM0150",2021-01-12,193,191,185,183,177,133,133,2020-12-01,60,2,8,16,0,"-",101100,1.9782393669634,7.91295746785361,15.8259149357072
"Enschede","GM0153",2021-01-12,356,354,342,339,325,239,239,2020-12-01,117,2,14,31,-17.6470588235294,"&#x2798;",159872,1.25100080064051,8.75700560448359,19.3905124099279
"Haaksbergen","GM0158",2021-01-12,66,64,62,62,59,47,47,2020-12-01,19,2,4,7,33.3333333333333,"&#x279A;",24237,8.25184635062095,16.5036927012419,28.8814622271733
"Hardenberg","GM0160",2021-01-12,88,87,81,80,72,47,47,2020-12-01,41,1,7,16,-22.2222222222222,"&#x2798;",61327,1.63060316010892,11.4142221207625,26.0896505617428
"Hellendoorn","GM0163",2021-01-12,69,68,65,62,56,37,37,2020-12-01,32,1,4,13,-55.5555555555556,"&#x2798;",35903,2.78528256691641,11.1411302676657,36.2086733699134
"Hengelo","GM0164",2021-01-12,176,173,169,169,158,127,127,2020-12-01,49,3,7,18,-36.3636363636364,"&#x2798;",81099,3.69918248067177,8.63142578823413,22.1950948840306
"Kampen","GM0166",2021-01-12,49,49,49,49,47,40,40,2020-12-01,9,0,0,2,-100,"&#x2798;",54438,0,0,3.67390425805503
"Losser","GM0168",2021-01-12,71,71,68,67,64,41,41,2020-12-01,30,0,3,7,-25,"&#x2798;",22867,0,13.1193422836402,30.6117986618271
"Noordoostpolder","GM0171",2021-01-12,49,47,46,45,39,26,26,2020-12-01,23,2,3,10,-57.1428571428571,"&#x2798;",47597,4.20194550076685,6.30291825115028,21.0097275038343
"Oldenzaal","GM0173",2021-01-12,91,91,84,83,81,58,58,2020-12-01,33,0,7,10,133.333333333333,"&#x279A;",31734,0,22.0583601184849,31.511943026407
"Ommen","GM0175",2021-01-12,32,32,32,32,28,19,19,2020-12-01,13,0,0,4,-100,"&#x2798;",18272,0,0,21.8914185639229
"Raalte","GM0177",2021-01-12,52,51,49,49,49,36,36,2020-12-01,16,1,3,3,300,"&#x279A;",37920,2.63713080168776,7.91139240506329,7.91139240506329
"Staphorst","GM0180",2021-01-12,29,29,28,27,24,15,15,2020-12-01,14,0,1,5,-75,"&#x2798;",17276,0,5.78837693910627,28.9418846955314
"Tubbergen","GM0183",2021-01-12,51,50,49,49,46,39,39,2020-12-01,12,1,2,5,-33.3333333333333,"&#x2798;",21322,4.6899915580152,9.37998311603039,23.449957790076
"Urk","GM0184",2021-01-12,66,66,64,64,61,45,45,2020-12-01,21,0,2,5,-33.3333333333333,"&#x2798;",21208,0,9.43040362127499,23.5760090531875
"Wierden","GM0189",2021-01-12,63,63,62,59,58,38,38,2020-12-01,25,0,1,5,-75,"&#x2798;",24532,0,4.0763084950269,20.3815424751345
"Zwolle","GM0193",2021-01-12,76,73,71,70,67,45,45,2020-12-01,31,3,5,9,25,"&#x279A;",129697,2.31308357170945,3.85513928618241,6.93925071512834
"Aalten","GM0197",2021-01-12,40,39,38,37,36,24,24,2020-12-01,16,1,2,4,0,"-",27133,3.68554896251797,7.37109792503593,14.7421958500719
"Apeldoorn","GM0200",2021-01-12,315,314,307,301,283,224,224,2020-12-01,91,1,8,32,-66.6666666666667,"&#x2798;",164717,0.607101877766108,4.85681502212886,19.4272600885155
"Arnhem","GM0202",2021-01-12,123,123,118,118,115,67,67,2020-12-01,56,0,5,8,66.6666666666667,"&#x279A;",162353,0,3.07970902909093,4.92753444654549
"Barneveld","GM0203",2021-01-12,102,101,97,93,85,64,64,2020-12-01,38,1,5,17,-58.3333333333333,"&#x2798;",59938,1.66839067035937,8.34195335179686,28.3626413961093
"Beuningen","GM0209",2021-01-12,50,50,49,47,46,37,37,2020-12-01,13,0,1,4,-66.6666666666667,"&#x2798;",26159,0,3.82277610000382,15.2911044000153
"Brummen","GM0213",2021-01-12,37,35,35,34,31,21,21,2020-12-01,16,2,2,6,-50,"&#x2798;",20867,9.58451142952988,9.58451142952988,28.7535342885896
"Buren","GM0214",2021-01-12,74,74,70,70,66,47,47,2020-12-01,27,0,4,8,0,"-",26997,0,14.8164610882691,29.6329221765381
"Culemborg","GM0216",2021-01-12,74,73,71,71,71,60,60,2020-12-01,14,1,3,3,300,"&#x279A;",29132,3.43265137992585,10.2979541397776,10.2979541397776
"Doesburg","GM0221",2021-01-12,17,17,17,17,14,10,10,2020-12-01,7,0,0,3,-100,"&#x2798;",11061,0,0,27.122321670735
"Doetinchem","GM0222",2021-01-12,91,90,87,86,80,66,66,2020-12-01,25,1,4,11,-42.8571428571429,"&#x2798;",58227,1.71741631888986,6.86966527555945,18.8915795077885
"Druten","GM0225",2021-01-12,64,62,60,60,58,47,47,2020-12-01,17,2,4,6,100,"&#x279A;",18980,10.5374077976818,21.0748155953635,31.6122233930453
"Duiven","GM0226",2021-01-12,20,20,19,19,19,11,11,2020-12-01,9,0,1,1,100,"&#x279A;",25072,0,3.98851308232291,3.98851308232291
"Ede","GM0228",2021-01-12,253,250,236,234,221,172,172,2020-12-01,81,3,17,32,13.3333333333333,"&#x279A;",118538,2.53083399416221,14.3413926335859,26.9955626043969
"Elburg","GM0230",2021-01-12,40,39,38,38,35,25,25,2020-12-01,15,1,2,5,-33.3333333333333,"&#x2798;",23443,4.26566565712579,8.53133131425159,21.328328285629
"Epe","GM0232",2021-01-12,74,72,70,70,67,49,49,2020-12-01,25,2,4,7,33.3333333333333,"&#x279A;",33198,6.0244593047774,12.0489186095548,21.0856075667209
"Ermelo","GM0233",2021-01-12,77,76,75,75,71,53,53,2020-12-01,24,1,2,6,-50,"&#x2798;",27044,3.69767785830498,7.39535571660997,22.1860671498299
"Harderwijk","GM0243",2021-01-12,132,130,126,125,116,80,80,2020-12-01,52,2,6,16,-40,"&#x2798;",48657,4.11040549150174,12.3312164745052,32.8832439320139
"Hattem","GM0244",2021-01-12,12,11,11,11,10,9,9,2020-12-01,3,1,1,2,0,"-",12235,8.1732733959951,8.1732733959951,16.3465467919902
"Heerde","GM0246",2021-01-12,23,23,23,23,22,18,18,2020-12-01,5,0,0,1,-100,"&#x2798;",18744,0,0,5.33504054630815
"Heumen","GM0252",2021-01-12,43,42,42,41,40,33,33,2020-12-01,10,1,1,3,-50,"&#x2798;",16579,6.03172688340672,6.03172688340672,18.0951806502202
"Lochem","GM0262",2021-01-12,50,50,47,47,47,34,34,2020-12-01,16,0,3,3,300,"&#x279A;",33907,0,8.8477305571121,8.8477305571121
"Maasdriel","GM0263",2021-01-12,51,51,50,50,49,42,42,2020-12-01,9,0,1,2,0,"-",25441,0,3.93066310286545,7.86132620573091
"Nijkerk","GM0267",2021-01-12,85,84,81,80,74,57,57,2020-12-01,28,1,4,11,-42.8571428571429,"&#x2798;",43577,2.29478853523648,9.17915414094591,25.2426738876013
"Nijmegen","GM0268",2021-01-12,385,382,374,369,354,308,308,2020-12-01,77,3,11,31,-45,"&#x2798;",177463,1.69049322957462,6.19847517510692,17.4684300389377
"Oldebroek","GM0269",2021-01-12,32,32,30,30,28,14,14,2020-12-01,18,0,2,4,0,"-",23749,0,8.42140721714599,16.842814434292
"Putten","GM0273",2021-01-12,43,43,43,41,37,30,30,2020-12-01,13,0,0,6,-100,"&#x2798;",24384,0,0,24.6062992125984
"Renkum","GM0274",2021-01-12,35,35,33,33,33,22,22,2020-12-01,13,0,2,2,200,"&#x279A;",31413,0,6.36679081908764,6.36679081908764
"Rheden","GM0275",2021-01-12,30,29,27,27,26,15,15,2020-12-01,15,1,3,4,200,"&#x279A;",43565,2.29542063583152,6.88626190749455,9.18168254332607
"Rozendaal","GM0277",2021-01-12,1,1,1,1,0,0,0,2020-12-01,1,0,0,1,-100,"&#x2798;",1718,0,0,58.2072176949942
"Scherpenzeel","GM0279",2021-01-12,14,13,12,12,10,9,9,2020-12-01,5,1,2,4,0,"-",10110,9.89119683481701,19.782393669634,39.5647873392681
"Tiel","GM0281",2021-01-12,136,136,131,131,126,109,109,2020-12-01,27,0,5,10,0,"-",41899,0,11.9334590324351,23.8669180648703
"Voorst","GM0285",2021-01-12,57,57,54,54,53,35,35,2020-12-01,22,0,3,4,200,"&#x279A;",24762,0,12.1153380179307,16.1537840239076
"Wageningen","GM0289",2021-01-12,61,60,58,58,54,47,47,2020-12-01,14,1,3,7,-25,"&#x2798;",39719,2.51768674941464,7.55306024824391,17.6238072459025
"Westervoort","GM0293",2021-01-12,16,16,16,16,16,9,9,2020-12-01,7,0,0,0,0,"-",15017,0,0,0
"Winterswijk","GM0294",2021-01-12,36,35,35,35,34,33,33,2020-12-01,3,1,1,2,0,"-",29007,3.44744372048126,3.44744372048126,6.89488744096253
"Wijchen","GM0296",2021-01-12,124,124,119,119,117,94,94,2020-12-01,30,0,5,7,150,"&#x279A;",41259,0,12.1185680699968,16.9659952979956
"Zaltbommel","GM0297",2021-01-12,62,62,59,59,56,40,40,2020-12-01,22,0,3,6,0,"-",29436,0,10.1916021198532,20.3832042397065
"Zevenaar","GM0299",2021-01-12,41,40,40,40,39,30,30,2020-12-01,11,1,1,2,0,"-",44085,2.26834524214585,2.26834524214585,4.53669048429171
"Zutphen","GM0301",2021-01-12,81,80,79,79,77,57,57,2020-12-01,24,1,2,4,0,"-",48105,2.07878598898243,4.15757197796487,8.31514395592974
"Nunspeet","GM0302",2021-01-12,108,107,106,106,100,91,91,2020-12-01,17,1,2,8,-66.6666666666667,"&#x2798;",28017,3.56926151979155,7.13852303958311,28.5540921583324
"Dronten","GM0303",2021-01-12,83,82,81,80,75,52,52,2020-12-01,31,1,2,8,-66.6666666666667,"&#x2798;",41936,2.38458603586417,4.76917207172835,19.0766882869134
"Amersfoort","GM0307",2021-01-12,277,276,269,269,248,183,183,2020-12-01,94,1,8,29,-61.9047619047619,"&#x2798;",157547,0.634731223063594,5.07784978450875,18.4072054688442
"Baarn","GM0308",2021-01-12,28,27,26,26,25,21,21,2020-12-01,7,1,2,3,100,"&#x279A;",24844,4.02511672838512,8.05023345677025,12.0753501851554
"De Bilt","GM0310",2021-01-12,81,81,80,79,78,65,65,2020-12-01,16,0,1,3,-50,"&#x2798;",43371,0,2.30568813262318,6.91706439786954
"Bunnik","GM0312",2021-01-12,27,27,27,27,26,20,20,2020-12-01,7,0,0,1,-100,"&#x2798;",15345,0,0,6.5167807103291
"Bunschoten","GM0313",2021-01-12,84,83,77,77,73,54,54,2020-12-01,30,1,7,11,75,"&#x279A;",22036,4.53802868034126,31.7662007623888,49.9183154837539
"Eemnes","GM0317",2021-01-12,7,4,4,4,2,1,1,2020-12-01,6,3,3,5,50,"&#x279A;",9361,32.0478581348147,32.0478581348147,53.4130968913578
"Houten","GM0321",2021-01-12,75,74,73,72,66,56,56,2020-12-01,19,1,2,9,-71.4285714285714,"&#x2798;",50206,1.99179380950484,3.98358761900968,17.9261442855436
"Leusden","GM0327",2021-01-12,33,33,33,33,33,23,23,2020-12-01,10,0,0,0,0,"-",30522,0,0,0
"Lopik","GM0331",2021-01-12,33,33,33,33,33,30,30,2020-12-01,3,0,0,0,0,"-",14455,0,0,0
"Montfoort","GM0335",2021-01-12,30,30,30,30,28,24,24,2020-12-01,6,0,0,2,-100,"&#x2798;",13878,0,0,14.4112984579911
"Renswoude","GM0339",2021-01-12,7,7,7,7,6,4,4,2020-12-01,3,0,0,1,-100,"&#x2798;",5547,0,0,18.0277627546422
"Rhenen","GM0340",2021-01-12,42,41,40,39,36,27,27,2020-12-01,15,1,2,6,-50,"&#x2798;",20193,4.95221116228396,9.90442232456792,29.7132669737038
"Soest","GM0342",2021-01-12,91,91,88,87,82,61,61,2020-12-01,30,0,3,9,-50,"&#x2798;",46906,0,6.39577026393212,19.1873107917964
"Utrecht","GM0344",2021-01-12,775,769,745,738,717,630,630,2020-12-01,145,6,30,58,7.14285714285714,"&#x279A;",359548,1.66876188992847,8.34380944964233,16.1313649359752
"Veenendaal","GM0345",2021-01-12,181,180,176,176,166,116,116,2020-12-01,65,1,5,15,-50,"&#x2798;",66945,1.49376353723206,7.46881768616028,22.4064530584808
"Woudenberg","GM0351",2021-01-12,27,26,25,25,23,17,17,2020-12-01,10,1,2,4,0,"-",13625,7.3394495412844,14.6788990825688,29.3577981651376
"Wijk bij Duurstede","GM0352",2021-01-12,44,44,42,42,38,29,29,2020-12-01,15,0,2,6,-50,"&#x2798;",23917,0,8.36225279090187,25.0867583727056
"IJsselstein","GM0353",2021-01-12,95,94,92,92,91,79,79,2020-12-01,16,1,3,4,200,"&#x279A;",33855,2.95377344557672,8.86132033673017,11.8150937823069
"Zeist","GM0355",2021-01-12,110,110,109,108,103,81,81,2020-12-01,29,0,1,7,-83.3333333333333,"&#x2798;",65005,0,1.53834320436889,10.7684024305823
"Nieuwegein","GM0356",2021-01-12,117,116,112,111,110,93,93,2020-12-01,24,1,5,7,150,"&#x279A;",63811,1.56712792465249,7.83563962326245,10.9698954725674
"Aalsmeer","GM0358",2021-01-12,40,39,38,38,36,30,30,2020-12-01,10,1,2,4,0,"-",31957,3.12920486904278,6.25840973808555,12.5168194761711
"Alkmaar","GM0361",2021-01-12,224,223,214,213,200,149,149,2020-12-01,75,1,10,24,-28.5714285714286,"&#x2798;",109841,0.910406860826103,9.10406860826103,21.8497646598265
"Amstelveen","GM0362",2021-01-12,152,145,143,142,141,133,133,2020-12-01,19,7,9,11,350,"&#x279A;",90956,7.69602884911386,9.89489423457496,12.0937596200361
"Amsterdam","GM0363",2021-01-12,2330,2316,2267,2253,2200,1875,1875,2020-12-01,455,14,63,130,-5.97014925373134,"&#x2798;",873289,1.60313481562232,7.21410667030044,14.8862518593501
"Beemster","GM0370",2021-01-12,11,11,11,11,11,9,9,2020-12-01,2,0,0,0,0,"-",10073,0,0,0
"Bergen (NH.)","GM0373",2021-01-12,65,64,63,63,59,44,44,2020-12-01,21,1,2,6,-50,"&#x2798;",29706,3.36632330168989,6.73264660337979,20.1979398101394
"Beverwijk","GM0375",2021-01-12,53,50,49,49,47,39,39,2020-12-01,14,3,4,6,100,"&#x279A;",41830,7.1718862060722,9.5625149414296,14.3437724121444
"Blaricum","GM0376",2021-01-12,7,6,6,6,4,3,3,2020-12-01,4,1,1,3,-50,"&#x2798;",11919,8.38996560114104,8.38996560114104,25.1698968034231
"Bloemendaal","GM0377",2021-01-12,9,9,7,7,7,6,6,2020-12-01,3,0,2,2,200,"&#x279A;",23529,0,8.50014875260317,8.50014875260317
"Castricum","GM0383",2021-01-12,47,47,47,47,45,32,32,2020-12-01,15,0,0,2,-100,"&#x2798;",36164,0,0,5.53036168565424
"Diemen","GM0384",2021-01-12,70,70,68,67,65,51,51,2020-12-01,19,0,2,5,-33.3333333333333,"&#x2798;",31304,0,6.38895987733197,15.9723996933299
"Edam-Volendam","GM0385",2021-01-12,97,97,96,95,92,78,78,2020-12-01,19,0,1,5,-75,"&#x2798;",36247,0,2.75884900819378,13.7942450409689
"Enkhuizen","GM0388",2021-01-12,60,57,54,53,49,29,29,2020-12-01,31,3,6,11,20,"&#x279A;",18666,16.0720025715204,32.1440051430408,58.9306760955748
"Haarlem","GM0392",2021-01-12,130,129,124,122,113,76,76,2020-12-01,54,1,6,17,-45.4545454545455,"&#x2798;",162754,0.61442422306057,3.68654533836342,10.4452117920297
"Haarlemmermeer","GM0394",2021-01-12,180,180,170,163,155,110,110,2020-12-01,70,0,10,25,-33.3333333333333,"&#x2798;",157730,0,6.3399480124263,15.8498700310657
"Heemskerk","GM0396",2021-01-12,65,65,64,64,59,51,51,2020-12-01,14,0,1,6,-80,"&#x2798;",39233,0,2.54887467183239,15.2932480309943
"Heemstede","GM0397",2021-01-12,15,14,14,14,13,9,9,2020-12-01,6,1,1,2,0,"-",27494,3.63715719793409,3.63715719793409,7.27431439586819
"Heerhugowaard","GM0398",2021-01-12,95,95,89,89,80,66,66,2020-12-01,29,0,6,15,-33.3333333333333,"&#x2798;",58303,0,10.291065639847,25.7276640996175
"Heiloo","GM0399",2021-01-12,32,31,29,26,25,20,20,2020-12-01,12,1,3,7,-25,"&#x2798;",24119,4.14610887681911,12.4383266304573,29.0227621377337
"Den Helder","GM0400",2021-01-12,73,73,68,67,61,37,37,2020-12-01,36,0,5,12,-28.5714285714286,"&#x2798;",56531,0,8.84470467531089,21.2272912207461
"Hilversum","GM0402",2021-01-12,46,41,38,35,29,26,26,2020-12-01,20,5,8,17,-11.1111111111111,"&#x2798;",91247,5.47963220708626,8.76741153133802,18.6307495040933
"Hoorn","GM0405",2021-01-12,134,133,123,122,111,85,85,2020-12-01,49,1,11,23,-8.33333333333334,"&#x2798;",73579,1.35908343413202,14.9499177754522,31.2589189850365
"Huizen","GM0406",2021-01-12,38,32,31,31,27,24,24,2020-12-01,14,6,7,11,75,"&#x279A;",41130,14.5878920495988,17.0192073911986,26.7444687575979
"Landsmeer","GM0415",2021-01-12,23,22,21,21,18,12,12,2020-12-01,11,1,2,5,-33.3333333333333,"&#x2798;",11564,8.6475268073331,17.2950536146662,43.2376340366655
"Langedijk","GM0416",2021-01-12,50,50,49,49,44,36,36,2020-12-01,14,0,1,6,-80,"&#x2798;",28332,0,3.52957786248765,21.1774671749259
"Laren","GM0417",2021-01-12,12,12,11,11,8,7,7,2020-12-01,5,0,1,4,-66.6666666666667,"&#x2798;",11401,0,8.77116042452416,35.0846416980967
"Medemblik","GM0420",2021-01-12,79,78,74,74,66,44,44,2020-12-01,35,1,5,13,-37.5,"&#x2798;",45194,2.21268309952649,11.0634154976324,28.7648802938443
"Oostzaan","GM0431",2021-01-12,26,26,24,24,23,20,20,2020-12-01,6,0,2,3,100,"&#x279A;",9685,0,20.6504904491482,30.9757356737223
"Opmeer","GM0432",2021-01-12,9,9,9,8,8,7,7,2020-12-01,2,0,0,1,-100,"&#x2798;",11988,0,0,8.34167500834168
"Ouder-Amstel","GM0437",2021-01-12,20,19,18,18,18,16,16,2020-12-01,4,1,2,2,200,"&#x279A;",14120,7.08215297450425,14.1643059490085,14.1643059490085
"Purmerend","GM0439",2021-01-12,219,215,201,199,187,154,154,2020-12-01,65,4,18,32,28.5714285714286,"&#x279A;",81708,4.89548147060263,22.0296666177119,39.1638517648211
"Schagen","GM0441",2021-01-12,79,78,73,72,66,41,41,2020-12-01,38,1,6,13,-14.2857142857143,"&#x2798;",46546,2.14841232329309,12.8904739397585,27.9293602028101
"Texel","GM0448",2021-01-12,13,13,13,13,13,11,11,2020-12-01,2,0,0,0,0,"-",13658,0,0,0
"Uitgeest","GM0450",2021-01-12,18,18,17,17,17,13,13,2020-12-01,5,0,1,1,100,"&#x279A;",13644,0,7.32922896511287,7.32922896511287
"Uithoorn","GM0451",2021-01-12,43,42,42,42,41,39,39,2020-12-01,4,1,1,2,0,"-",30138,3.31807021036565,3.31807021036565,6.6361404207313
"Velsen","GM0453",2021-01-12,88,87,83,81,77,57,57,2020-12-01,31,1,5,11,-16.6666666666667,"&#x2798;",68683,1.45596435799252,7.27982178996258,16.0156079379177
"Weesp","GM0457",2021-01-12,20,20,18,18,18,14,14,2020-12-01,6,0,2,2,200,"&#x279A;",20459,0,9.77564885869299,9.77564885869299
"Zandvoort","GM0473",2021-01-12,16,16,14,14,14,9,9,2020-12-01,7,0,2,2,200,"&#x279A;",17168,0,11.6495806150979,11.6495806150979
"Zaanstad","GM0479",2021-01-12,416,416,410,410,395,327,327,2020-12-01,89,0,6,21,-60,"&#x2798;",157106,0,3.81907756546536,13.3667714791287
"Alblasserdam","GM0482",2021-01-12,70,70,68,68,64,49,49,2020-12-01,21,0,2,6,-50,"&#x2798;",20193,0,9.90442232456792,29.7132669737038
"Alphen aan den Rijn","GM0484",2021-01-12,229,229,223,223,215,162,162,2020-12-01,67,0,6,14,-25,"&#x2798;",112552,0,5.33086928708508,12.4386950031985
"Barendrecht","GM0489",2021-01-12,119,118,114,114,111,91,91,2020-12-01,28,1,5,8,66.6666666666667,"&#x279A;",48635,2.05613241492752,10.2806620746376,16.4490593194202
"Drechterland","GM0498",2021-01-12,30,30,29,29,26,19,19,2020-12-01,11,0,1,4,-66.6666666666667,"&#x2798;",19834,0,5.04184733286276,20.167389331451
"Brielle","GM0501",2021-01-12,46,46,44,44,41,34,34,2020-12-01,12,0,2,5,-33.3333333333333,"&#x2798;",17408,0,11.4889705882353,28.7224264705882
"Capelle aan den IJssel","GM0502",2021-01-12,234,234,229,224,210,180,180,2020-12-01,54,0,5,24,-73.6842105263158,"&#x2798;",67204,0,7.44003333134932,35.7121599904768
"Delft","GM0503",2021-01-12,191,187,180,180,173,144,144,2020-12-01,47,4,11,18,57.1428571428571,"&#x279A;",103880,3.85059684251059,10.5891413169041,17.3276857912977
"Dordrecht","GM0505",2021-01-12,400,399,391,386,373,306,306,2020-12-01,94,1,9,27,-50,"&#x2798;",119184,0.83903879715398,7.55134917438582,22.6540475231575
"Gorinchem","GM0512",2021-01-12,71,71,62,62,60,44,44,2020-12-01,27,0,9,11,350,"&#x279A;",37405,0,24.0609544178586,29.4078331773827
"Gouda","GM0513",2021-01-12,209,206,204,204,192,162,162,2020-12-01,47,3,5,17,-58.3333333333333,"&#x2798;",73754,4.06757599587819,6.77929332646365,23.0495973099764
"'s-Gravenhage","GM0518",2021-01-12,1433,1422,1397,1387,1358,1170,1170,2020-12-01,263,11,36,75,-7.69230769230769,"&#x2798;",548076,2.00702092410542,6.56843211525409,13.684233573446
"Hardinxveld-Giessendam","GM0523",2021-01-12,28,28,27,27,25,15,15,2020-12-01,13,0,1,3,-50,"&#x2798;",18399,0,5.4350779933692,16.3052339801076
"Hellevoetsluis","GM0530",2021-01-12,88,88,75,75,73,61,61,2020-12-01,27,0,13,15,550,"&#x279A;",40235,0,32.3101777059774,37.2809742761278
"Hendrik-Ido-Ambacht","GM0531",2021-01-12,87,86,83,82,80,67,67,2020-12-01,20,1,4,7,33.3333333333333,"&#x279A;",31255,3.19948808190689,12.7979523276276,22.3964165733483
"Stede Broec","GM0532",2021-01-12,57,57,54,52,44,36,36,2020-12-01,21,0,3,13,-70,"&#x2798;",21768,0,13.7816979051819,59.720690922455
"Hillegom","GM0534",2021-01-12,19,19,18,17,16,11,11,2020-12-01,8,0,1,3,-50,"&#x2798;",22217,0,4.50105774857091,13.5031732457127
"Katwijk","GM0537",2021-01-12,160,159,155,154,142,97,97,2020-12-01,63,1,5,18,-61.5384615384615,"&#x2798;",66005,1.51503673964094,7.57518369820468,27.2706613135369
"Krimpen aan den IJssel","GM0542",2021-01-12,79,78,77,77,70,57,57,2020-12-01,22,1,2,9,-71.4285714285714,"&#x2798;",29443,3.3963930306015,6.792786061203,30.5675372754135
"Leiden","GM0546",2021-01-12,178,177,175,173,170,137,137,2020-12-01,41,1,3,8,-40,"&#x2798;",124121,0.805665439369647,2.41699631810894,6.44532351495718
"Leiderdorp","GM0547",2021-01-12,66,66,63,62,61,50,50,2020-12-01,16,0,3,5,50,"&#x279A;",27374,0,10.9593044494776,18.265507415796
"Lisse","GM0553",2021-01-12,39,39,39,39,39,21,21,2020-12-01,18,0,0,0,0,"-",22999,0,0,0
"Maassluis","GM0556",2021-01-12,92,91,91,90,89,80,80,2020-12-01,12,1,1,3,-50,"&#x2798;",33557,2.98000417200584,2.98000417200584,8.94001251601752
"Nieuwkoop","GM0569",2021-01-12,44,44,43,43,38,23,23,2020-12-01,21,0,1,6,-80,"&#x2798;",29146,0,3.43100253894188,20.5860152336513
"Noordwijk","GM0575",2021-01-12,89,89,88,87,85,66,66,2020-12-01,23,0,1,4,-66.6666666666667,"&#x2798;",43998,0,2.27283058320833,9.09132233283331
"Oegstgeest","GM0579",2021-01-12,38,38,38,38,35,30,30,2020-12-01,8,0,0,3,-100,"&#x2798;",25061,0,0,11.9707912693029
"Oudewater","GM0589",2021-01-12,37,37,36,36,36,33,33,2020-12-01,4,0,1,1,100,"&#x279A;",10156,0,9.84639621898385,9.84639621898385
"Papendrecht","GM0590",2021-01-12,88,88,87,87,85,63,63,2020-12-01,25,0,1,3,-50,"&#x2798;",32142,0,3.11119407628648,9.33358222885944
"Ridderkerk","GM0597",2021-01-12,141,138,135,135,130,102,102,2020-12-01,39,3,6,11,20,"&#x279A;",46633,6.43321253189801,12.866425063796,23.5884459502927
"Rotterdam","GM0599",2021-01-12,2312,2304,2274,2266,2232,1943,1943,2020-12-01,369,8,38,80,-9.52380952380952,"&#x2798;",652742,1.22559908815428,5.82159566873282,12.2559908815428
"Rijswijk","GM0603",2021-01-12,141,140,139,137,134,113,113,2020-12-01,28,1,2,7,-60,"&#x2798;",55236,1.81041349844304,3.62082699688609,12.6728944891013
"Schiedam","GM0606",2021-01-12,227,227,226,226,223,196,196,2020-12-01,31,0,1,4,-66.6666666666667,"&#x2798;",79316,0,1.26077966614554,5.04311866458218
"Sliedrecht","GM0610",2021-01-12,107,106,99,98,90,60,60,2020-12-01,47,1,8,17,-11.1111111111111,"&#x2798;",25570,3.91083300743058,31.2866640594447,66.4841611263199
"Albrandswaard","GM0613",2021-01-12,66,66,63,62,62,55,55,2020-12-01,11,0,3,4,200,"&#x279A;",25806,0,11.6252034410602,15.500271254747
"Westvoorne","GM0614",2021-01-12,22,21,21,20,18,15,15,2020-12-01,7,1,1,4,-66.6666666666667,"&#x2798;",14893,6.7145638890754,6.7145638890754,26.8582555563016
"Vlaardingen","GM0622",2021-01-12,177,177,177,176,173,156,156,2020-12-01,21,0,0,4,-100,"&#x2798;",73950,0,0,5.40906017579446
"Voorschoten","GM0626",2021-01-12,33,32,30,30,30,20,20,2020-12-01,13,1,3,3,300,"&#x279A;",25643,3.89969972312132,11.699099169364,11.699099169364
"Waddinxveen","GM0627",2021-01-12,72,72,70,70,70,55,55,2020-12-01,17,0,2,2,200,"&#x279A;",30320,0,6.59630606860158,6.59630606860158
"Wassenaar","GM0629",2021-01-12,36,36,33,33,33,26,26,2020-12-01,10,0,3,3,300,"&#x279A;",26845,0,11.1752654125535,11.1752654125535
"Woerden","GM0632",2021-01-12,126,126,123,123,115,100,100,2020-12-01,26,0,3,11,-62.5,"&#x2798;",52671,0,5.69573389531241,20.8843576161455
"Zoetermeer","GM0637",2021-01-12,252,250,245,245,236,184,184,2020-12-01,68,2,7,16,-22.2222222222222,"&#x2798;",125284,1.59637304045209,5.58730564158232,12.7709843236167
"Zoeterwoude","GM0638",2021-01-12,15,15,14,14,14,9,9,2020-12-01,6,0,1,1,100,"&#x279A;",8813,0,11.3468739362306,11.3468739362306
"Zwijndrecht","GM0642",2021-01-12,147,147,147,147,142,109,109,2020-12-01,38,0,0,5,-100,"&#x2798;",44763,0,0,11.1699394589281
"Borsele","GM0654",2021-01-12,24,22,19,18,15,9,9,2020-12-01,15,2,5,9,25,"&#x279A;",22779,8.78001668203169,21.9500417050792,39.5100750691426
"Goes","GM0664",2021-01-12,46,45,44,44,44,32,32,2020-12-01,14,1,2,2,200,"&#x279A;",38571,2.59262139949703,5.18524279899406,5.18524279899406
"West Maas en Waal","GM0668",2021-01-12,39,39,38,38,38,33,33,2020-12-01,6,0,1,1,100,"&#x279A;",19560,0,5.11247443762781,5.11247443762781
"Hulst","GM0677",2021-01-12,39,39,35,34,34,29,29,2020-12-01,10,0,4,5,300,"&#x279A;",27563,0,14.5122083953126,18.1402604941407
"Kapelle","GM0678",2021-01-12,10,10,10,10,9,7,7,2020-12-01,3,0,0,1,-100,"&#x2798;",12842,0,0,7.78694907335306
"Middelburg","GM0687",2021-01-12,42,41,41,41,39,31,31,2020-12-01,11,1,1,3,-50,"&#x2798;",48973,2.04194147795724,2.04194147795724,6.12582443387173
"Reimerswaal","GM0703",2021-01-12,24,24,22,21,18,14,14,2020-12-01,10,0,2,6,-50,"&#x2798;",22931,0,8.72181762679342,26.1654528803803
"Terneuzen","GM0715",2021-01-12,90,90,88,85,81,63,63,2020-12-01,27,0,2,9,-71.4285714285714,"&#x2798;",54486,0,3.67066769445362,16.5180046250413
"Tholen","GM0716",2021-01-12,65,65,65,65,64,58,58,2020-12-01,7,0,0,1,-100,"&#x2798;",26050,0,0,3.83877159309021
"Veere","GM0717",2021-01-12,17,16,15,15,15,14,14,2020-12-01,3,1,2,2,200,"&#x279A;",21981,4.54938355852782,9.09876711705564,9.09876711705564
"Vlissingen","GM0718",2021-01-12,43,43,41,39,37,28,28,2020-12-01,15,0,2,6,-50,"&#x2798;",44330,0,4.51161741484322,13.5348522445297
"De Ronde Venen","GM0736",2021-01-12,116,114,112,112,111,95,95,2020-12-01,21,2,4,5,300,"&#x279A;",44696,4.47467334884553,8.94934669769107,11.1866833721138
"Tytsjerksteradiel","GM0737",2021-01-12,21,18,15,15,13,7,7,2020-12-01,14,3,6,8,200,"&#x279A;",32039,9.36358812697025,18.7271762539405,24.9695683385873
"Asten","GM0743",2021-01-12,44,44,43,42,41,38,38,2020-12-01,6,0,1,3,-50,"&#x2798;",16802,0,5.95167241995001,17.85501725985
"Baarle-Nassau","GM0744",2021-01-12,19,19,19,19,19,18,18,2020-12-01,1,0,0,0,0,"-",6901,0,0,0
"Bergen op Zoom","GM0748",2021-01-12,163,163,159,159,155,124,124,2020-12-01,39,0,4,8,0,"-",67501,0,5.92583813573132,11.8516762714626
"Best","GM0753",2021-01-12,92,90,86,84,72,51,51,2020-12-01,41,2,6,20,-57.1428571428571,"&#x2798;",30196,6.62339382699695,19.8701814809909,66.2339382699695
"Boekel","GM0755",2021-01-12,38,38,38,38,38,35,35,2020-12-01,3,0,0,0,0,"-",10922,0,0,0
"Boxmeer","GM0756",2021-01-12,85,82,81,80,74,56,56,2020-12-01,29,3,4,11,-42.8571428571429,"&#x2798;",29592,10.1378751013788,13.5171668018383,37.1722087050554
"Boxtel","GM0757",2021-01-12,84,84,84,82,79,52,52,2020-12-01,32,0,0,5,-100,"&#x2798;",32675,0,0,15.3022188217292
"Breda","GM0758",2021-01-12,447,445,438,438,425,365,365,2020-12-01,82,2,9,22,-30.7692307692308,"&#x2798;",184151,1.08606523993896,4.88729357972533,11.9467176393286
"Deurne","GM0762",2021-01-12,115,114,113,113,105,93,93,2020-12-01,22,1,2,10,-75,"&#x2798;",32482,3.07862816329044,6.15725632658087,30.7862816329044
"Pekela","GM0765",2021-01-12,21,20,19,19,17,9,9,2020-12-01,12,1,2,4,0,"-",12163,8.22165584148648,16.443311682973,32.8866233659459
"Dongen","GM0766",2021-01-12,99,97,92,91,86,65,65,2020-12-01,34,2,7,13,16.6666666666667,"&#x279A;",26358,7.58782912208817,26.5574019273086,49.3208892935731
"Eersel","GM0770",2021-01-12,83,83,83,83,82,73,73,2020-12-01,10,0,0,1,-100,"&#x2798;",19494,0,0,5.12978352313532
"Eindhoven","GM0772",2021-01-12,623,613,595,593,576,457,457,2020-12-01,166,10,28,47,47.3684210526316,"&#x279A;",235728,4.24217742482862,11.8780967895201,19.9382338966945
"Etten-Leur","GM0777",2021-01-12,116,116,113,113,111,100,100,2020-12-01,16,0,3,5,50,"&#x279A;",43881,0,6.83667190811513,11.3944531801919
"Geertruidenberg","GM0779",2021-01-12,47,45,40,40,38,32,32,2020-12-01,15,2,7,9,250,"&#x279A;",21792,9.1776798825257,32.1218795888399,41.2995594713656
"Gilze en Rijen","GM0784",2021-01-12,60,59,58,58,57,44,44,2020-12-01,16,1,2,3,100,"&#x279A;",26806,3.73050809520257,7.46101619040513,11.1915242856077
"Goirle","GM0785",2021-01-12,81,81,79,79,78,65,65,2020-12-01,16,0,2,3,100,"&#x279A;",23939,0,8.35456785997744,12.5318517899662
"Grave","GM0786",2021-01-12,54,54,52,51,49,46,46,2020-12-01,8,0,2,5,-33.3333333333333,"&#x2798;",12429,0,16.0913991471558,40.2284978678896
"Helmond","GM0794",2021-01-12,302,300,288,288,280,245,245,2020-12-01,57,2,14,22,75,"&#x279A;",92614,2.15950072343274,15.1165050640292,23.7545079577602
"'s-Hertogenbosch","GM0796",2021-01-12,364,364,357,355,343,284,284,2020-12-01,80,0,7,21,-50,"&#x2798;",155491,0,4.50186827533426,13.5056048260028
"Heusden","GM0797",2021-01-12,132,132,130,128,124,103,103,2020-12-01,29,0,2,8,-66.6666666666667,"&#x2798;",45008,0,4.44365446142908,17.7746178457163
"Hilvarenbeek","GM0798",2021-01-12,38,38,38,38,38,33,33,2020-12-01,5,0,0,0,0,"-",15683,0,0,0
"Loon op Zand","GM0809",2021-01-12,94,92,87,86,82,72,72,2020-12-01,22,2,7,12,40,"&#x279A;",23497,8.5117249010512,29.7910371536792,51.0703494063072
"Mill en Sint Hubert","GM0815",2021-01-12,28,28,26,26,25,23,23,2020-12-01,5,0,2,3,100,"&#x279A;",11003,0,18.1768608561301,27.2652912841952
"Nuenen, Gerwen en Nederwetten","GM0820",2021-01-12,50,50,48,48,44,40,40,2020-12-01,10,0,2,6,-50,"&#x2798;",23657,0,8.45415733186795,25.3624719956038
"Oirschot","GM0823",2021-01-12,53,53,53,53,48,39,39,2020-12-01,14,0,0,5,-100,"&#x2798;",18838,0,0,26.5420957638815
"Oisterwijk","GM0824",2021-01-12,70,70,70,68,64,51,51,2020-12-01,19,0,0,6,-100,"&#x2798;",30700,0,0,19.5439739413681
"Oosterhout","GM0826",2021-01-12,157,156,156,154,151,113,113,2020-12-01,44,1,1,6,-80,"&#x2798;",56184,1.77986615406521,1.77986615406521,10.6791969243913
"Oss","GM0828",2021-01-12,298,298,296,295,295,280,280,2020-12-01,18,0,2,3,100,"&#x279A;",92442,0,2.16351874688994,3.24527812033491
"Rucphen","GM0840",2021-01-12,69,69,64,62,60,49,49,2020-12-01,20,0,5,9,25,"&#x279A;",23089,0,21.6553337086924,38.9796006756464
"Sint-Michielsgestel","GM0845",2021-01-12,79,79,79,78,75,64,64,2020-12-01,15,0,0,4,-100,"&#x2798;",29510,0,0,13.5547272111149
"Someren","GM0847",2021-01-12,52,51,50,50,45,36,36,2020-12-01,16,1,2,7,-60,"&#x2798;",19395,5.15596803299819,10.3119360659964,36.0917762309874
"Son en Breugel","GM0848",2021-01-12,51,51,51,51,49,44,44,2020-12-01,7,0,0,2,-100,"&#x2798;",17526,0,0,11.4116170261326
"Steenbergen","GM0851",2021-01-12,69,69,68,67,64,54,54,2020-12-01,15,0,1,5,-75,"&#x2798;",24315,0,4.11268764137364,20.5634382068682
"Waterland","GM0852",2021-01-12,43,42,42,42,41,34,34,2020-12-01,9,1,1,2,0,"-",17325,5.77200577200577,5.77200577200577,11.5440115440115
"Tilburg","GM0855",2021-01-12,767,766,760,758,731,615,615,2020-12-01,152,1,7,36,-75.8620689655172,"&#x2798;",221358,0.451756882516105,3.16229817761274,16.2632477705798
"Uden","GM0856",2021-01-12,148,148,146,146,144,136,136,2020-12-01,12,0,2,4,0,"-",42244,0,4.7344001515008,9.46880030300161
"Valkenswaard","GM0858",2021-01-12,76,74,68,68,65,54,54,2020-12-01,22,2,8,11,166.666666666667,"&#x279A;",31253,6.39938565897674,25.597542635907,35.1966211243721
"Veldhoven","GM0861",2021-01-12,139,139,131,131,127,99,99,2020-12-01,40,0,8,12,100,"&#x279A;",45562,0,17.5584917255608,26.3377375883412
"Vught","GM0865",2021-01-12,92,92,90,89,87,69,69,2020-12-01,23,0,2,5,-33.3333333333333,"&#x2798;",30756,0,6.50279620236702,16.2569905059175
"Waalre","GM0866",2021-01-12,38,36,34,34,32,28,28,2020-12-01,10,2,4,6,100,"&#x279A;",17519,11.4161767224157,22.8323534448313,34.248530167247
"Waalwijk","GM0867",2021-01-12,176,176,174,172,169,136,136,2020-12-01,40,0,2,7,-60,"&#x2798;",48826,0,4.09617826567812,14.3366239298734
"Woensdrecht","GM0873",2021-01-12,43,43,42,42,40,36,36,2020-12-01,7,0,1,3,-50,"&#x2798;",22002,0,4.54504135987638,13.6351240796291
"Zundert","GM0879",2021-01-12,57,57,56,55,55,47,47,2020-12-01,10,0,1,2,0,"-",21995,0,4.54648783814503,9.09297567629007
"Wormerland","GM0880",2021-01-12,43,43,43,42,39,37,37,2020-12-01,6,0,0,4,-100,"&#x2798;",16295,0,0,24.5474071801166
"Landgraaf","GM0882",2021-01-12,103,101,101,101,95,77,77,2020-12-01,26,2,2,8,-66.6666666666667,"&#x2798;",37325,5.35833891493637,5.35833891493637,21.4333556597455
"Beek","GM0888",2021-01-12,33,33,32,32,32,24,24,2020-12-01,9,0,1,1,100,"&#x279A;",15872,0,6.30040322580645,6.30040322580645
"Beesel","GM0889",2021-01-12,11,11,11,11,10,9,9,2020-12-01,2,0,0,1,-100,"&#x2798;",13464,0,0,7.42721330956625
"Bergen (L.)","GM0893",2021-01-12,24,23,21,21,18,13,13,2020-12-01,11,1,3,6,0,"-",13111,7.62718328121425,22.8815498436427,45.7630996872855
"Brunssum","GM0899",2021-01-12,82,80,78,78,73,60,60,2020-12-01,22,2,4,9,-20,"&#x2798;",27655,7.23196528656662,14.4639305731332,32.5438437895498
"Gennep","GM0907",2021-01-12,43,42,40,40,38,27,27,2020-12-01,16,1,3,5,50,"&#x279A;",17019,5.8757858863623,17.6273576590869,29.3789294318115
"Heerlen","GM0917",2021-01-12,215,214,211,211,200,170,170,2020-12-01,45,1,4,15,-63.6363636363636,"&#x2798;",86829,1.15168895184789,4.60675580739154,17.2753342777183
"Kerkrade","GM0928",2021-01-12,118,117,116,114,113,97,97,2020-12-01,21,1,2,5,-33.3333333333333,"&#x2798;",45499,2.19785050220884,4.39570100441768,10.9892525110442
"Maastricht","GM0935",2021-01-12,341,338,333,331,308,241,241,2020-12-01,100,3,8,33,-68,"&#x2798;",120379,2.49212902582676,6.6456774022047,27.4134192840944
"Meerssen","GM0938",2021-01-12,40,39,37,37,37,29,29,2020-12-01,11,1,3,3,300,"&#x279A;",18710,5.34473543559594,16.0342063067878,16.0342063067878
"Mook en Middelaar","GM0944",2021-01-12,22,22,20,20,20,18,18,2020-12-01,4,0,2,2,200,"&#x279A;",7901,0,25.3132514871535,25.3132514871535
"Nederweert","GM0946",2021-01-12,42,41,37,37,35,29,29,2020-12-01,13,1,5,7,150,"&#x279A;",17171,5.82377263991614,29.1188631995807,40.766408479413
"Roermond","GM0957",2021-01-12,152,152,146,146,142,121,121,2020-12-01,31,0,6,10,50,"&#x279A;",58784,0,10.2068590092542,17.0114316820904
"Simpelveld","GM0965",2021-01-12,29,28,27,27,25,24,24,2020-12-01,5,1,2,4,0,"-",10495,9.52834683182468,19.0566936636494,38.1133873272987
"Stein","GM0971",2021-01-12,72,71,70,70,70,61,61,2020-12-01,11,1,2,2,200,"&#x279A;",24876,4.01993889692877,8.03987779385753,8.03987779385753
"Vaals","GM0981",2021-01-12,21,21,20,20,19,14,14,2020-12-01,7,0,1,2,0,"-",10113,0,9.88826263225551,19.776525264511
"Venlo","GM0983",2021-01-12,29,29,29,29,29,20,20,2020-12-01,9,0,0,0,0,"-",101967,0,0,0
"Venray","GM0984",2021-01-12,40,39,39,39,35,29,29,2020-12-01,11,1,1,5,-75,"&#x2798;",43704,2.28812008054183,2.28812008054183,11.4406004027091
"Voerendaal","GM0986",2021-01-12,26,25,25,25,25,22,22,2020-12-01,4,1,1,1,100,"&#x279A;",12478,8.0141048244911,8.0141048244911,8.0141048244911
"Weert","GM0988",2021-01-12,131,130,125,124,121,75,75,2020-12-01,56,1,6,10,50,"&#x279A;",50008,1.99968005119181,11.9980803071509,19.9968005119181
"Valkenburg aan de Geul","GM0994",2021-01-12,29,28,28,28,26,20,20,2020-12-01,9,1,1,3,-50,"&#x2798;",16399,6.09793280078054,6.09793280078054,18.2937984023416
"Lelystad","GM0995",2021-01-12,201,200,197,195,187,147,147,2020-12-01,54,1,4,14,-60,"&#x2798;",79703,1.25465791751879,5.01863167007515,17.565210845263
"Horst aan de Maas","GM1507",2021-01-12,13,13,13,13,13,10,10,2020-12-01,3,0,0,0,0,"-",42464,0,0,0
"Oude IJsselstreek","GM1509",2021-01-12,63,61,60,58,56,47,47,2020-12-01,16,2,3,7,-25,"&#x2798;",39348,5.08285046253939,7.62427569380909,17.7899766188879
"Teylingen","GM1525",2021-01-12,60,60,56,55,52,42,42,2020-12-01,18,0,4,8,0,"-",37761,0,10.5929398056196,21.1858796112391
"Utrechtse Heuvelrug","GM1581",2021-01-12,78,78,76,75,71,53,53,2020-12-01,25,0,2,7,-60,"&#x2798;",49962,0,4.00304231215724,14.0106480925503
"Oost Gelre","GM1586",2021-01-12,64,64,62,62,61,53,53,2020-12-01,11,0,2,3,100,"&#x279A;",29574,0,6.76269696354906,10.1440454453236
"Koggenland","GM1598",2021-01-12,28,28,27,26,24,19,19,2020-12-01,9,0,1,4,-66.6666666666667,"&#x2798;",22932,0,4.36071864643293,17.4428745857317
"Lansingerland","GM1621",2021-01-12,117,116,115,115,113,102,102,2020-12-01,15,1,2,4,0,"-",63295,1.57990362587882,3.15980725175764,6.31961450351529
"Leudal","GM1640",2021-01-12,88,87,82,82,79,66,66,2020-12-01,22,1,6,9,100,"&#x279A;",36027,2.77569600577345,16.6541760346407,24.981264051961
"Maasgouw","GM1641",2021-01-12,59,58,56,56,53,42,42,2020-12-01,17,1,3,6,0,"-",23976,4.17083750417084,12.5125125125125,25.025025025025
"Gemert-Bakel","GM1652",2021-01-12,112,112,112,110,104,97,97,2020-12-01,15,0,0,8,-100,"&#x2798;",30751,0,0,26.0154141328737
"Halderberge","GM1655",2021-01-12,83,83,82,82,81,69,69,2020-12-01,14,0,1,2,0,"-",30461,0,3.28288631364696,6.56577262729392
"Heeze-Leende","GM1658",2021-01-12,39,39,39,38,37,29,29,2020-12-01,10,0,0,2,-100,"&#x2798;",16222,0,0,12.3289360128221
"Laarbeek","GM1659",2021-01-12,77,77,76,75,74,64,64,2020-12-01,13,0,1,3,-50,"&#x2798;",22787,0,4.38846710843902,13.1654013253171
"Reusel-De Mierden","GM1667",2021-01-12,40,40,39,39,38,35,35,2020-12-01,5,0,1,2,0,"-",13123,0,7.62020879372095,15.2404175874419
"Roerdalen","GM1669",2021-01-12,47,47,45,45,43,40,40,2020-12-01,7,0,2,4,0,"-",20612,0,9.70308558121483,19.4061711624297
"Roosendaal","GM1674",2021-01-12,185,185,182,182,178,151,151,2020-12-01,34,0,3,7,-25,"&#x2798;",77256,0,3.88319353836595,9.06078492285389
"Schouwen-Duiveland","GM1676",2021-01-12,33,33,32,32,29,23,23,2020-12-01,10,0,1,4,-66.6666666666667,"&#x2798;",33990,0,2.94204177699323,11.7681671079729
"Aa en Hunze","GM1680",2021-01-12,9,9,8,8,8,5,5,2020-12-01,4,0,1,1,100,"&#x279A;",25366,0,3.94228494835607,3.94228494835607
"Borger-Odoorn","GM1681",2021-01-12,31,31,28,25,21,13,13,2020-12-01,18,0,3,10,-57.1428571428571,"&#x2798;",25587,0,11.7247039512252,39.0823465040841
"Cuijk","GM1684",2021-01-12,50,50,48,47,42,37,37,2020-12-01,13,0,2,8,-66.6666666666667,"&#x2798;",25373,0,7.8823946715012,31.5295786860048
"Landerd","GM1685",2021-01-12,52,52,52,52,49,48,48,2020-12-01,4,0,0,3,-100,"&#x2798;",15838,0,0,18.9417855789872
"De Wolden","GM1690",2021-01-12,30,30,30,30,25,21,21,2020-12-01,9,0,0,5,-100,"&#x2798;",24374,0,0,20.5136620989579
"Noord-Beveland","GM1695",2021-01-12,4,4,4,4,4,4,4,2020-12-01,0,0,0,0,0,"-",7570,0,0,0
"Wijdemeren","GM1696",2021-01-12,17,16,15,15,12,12,12,2020-12-01,5,1,2,5,-33.3333333333333,"&#x2798;",24440,4.09165302782324,8.18330605564648,20.4582651391162
"Noordenveld","GM1699",2021-01-12,15,15,12,12,12,8,8,2020-12-01,7,0,3,3,300,"&#x279A;",31216,0,9.61045617631984,9.61045617631984
"Twenterand","GM1700",2021-01-12,112,110,103,102,92,55,55,2020-12-01,57,2,9,20,-18.1818181818182,"&#x2798;",33696,5.93542260208927,26.7094017094017,59.3542260208927
"Westerveld","GM1701",2021-01-12,14,14,14,14,14,8,8,2020-12-01,6,0,0,0,0,"-",19638,0,0,0
"Sint Anthonis","GM1702",2021-01-12,26,26,26,26,25,22,22,2020-12-01,4,0,0,1,-100,"&#x2798;",11687,0,0,8.55651578677163
"Lingewaard","GM1705",2021-01-12,70,68,67,66,66,37,37,2020-12-01,33,2,3,4,200,"&#x279A;",46781,4.27523994784207,6.41285992176311,8.55047989568414
"Cranendonck","GM1706",2021-01-12,70,70,68,68,65,57,57,2020-12-01,13,0,2,5,-33.3333333333333,"&#x2798;",21007,0,9.52063597848336,23.8015899462084
"Steenwijkerland","GM1708",2021-01-12,41,40,35,35,32,16,16,2020-12-01,25,1,6,9,100,"&#x279A;",44301,2.25728538859168,13.5437123315501,20.3155684973251
"Moerdijk","GM1709",2021-01-12,81,79,77,76,74,56,56,2020-12-01,25,2,4,7,33.3333333333333,"&#x279A;",37193,5.37735595407738,10.7547119081548,18.8207458392708
"Echt-Susteren","GM1711",2021-01-12,77,75,70,70,64,59,59,2020-12-01,18,2,7,13,16.6666666666667,"&#x279A;",31751,6.29901420427703,22.0465497149696,40.9435923278007
"Sluis","GM1714",2021-01-12,40,40,40,40,39,22,22,2020-12-01,18,0,0,1,-100,"&#x2798;",23143,0,0,4.32096098172233
"Drimmelen","GM1719",2021-01-12,64,63,63,63,59,43,43,2020-12-01,21,1,1,5,-75,"&#x2798;",27334,3.65844735494256,3.65844735494256,18.2922367747128
"Bernheze","GM1721",2021-01-12,122,122,122,121,121,116,116,2020-12-01,6,0,0,1,-100,"&#x2798;",31398,0,0,3.18491623670297
"Alphen-Chaam","GM1723",2021-01-12,40,40,40,40,40,38,38,2020-12-01,2,0,0,0,0,"-",10362,0,0,0
"Bergeijk","GM1724",2021-01-12,62,62,61,60,59,52,52,2020-12-01,10,0,1,3,-50,"&#x2798;",18745,0,5.33475593491598,16.0042678047479
"Bladel","GM1728",2021-01-12,64,63,60,60,60,52,52,2020-12-01,12,1,4,4,400,"&#x279A;",20552,4.86570650058388,19.4628260023355,19.4628260023355
"Gulpen-Wittem","GM1729",2021-01-12,35,34,34,33,33,28,28,2020-12-01,7,1,1,2,0,"-",14184,7.05019740552736,7.05019740552736,14.1003948110547
"Tynaarlo","GM1730",2021-01-12,19,19,18,17,15,11,11,2020-12-01,8,0,1,4,-66.6666666666667,"&#x2798;",33927,0,2.94750493707077,11.7900197482831
"Midden-Drenthe","GM1731",2021-01-12,31,30,26,26,22,14,14,2020-12-01,17,1,5,9,25,"&#x279A;",33357,2.99787151122703,14.9893575561351,26.9808436010433
"Overbetuwe","GM1734",2021-01-12,64,63,61,61,61,51,51,2020-12-01,13,1,3,3,300,"&#x279A;",48147,2.07697260473134,6.23091781419403,6.23091781419403
"Hof van Twente","GM1735",2021-01-12,82,79,75,75,73,58,58,2020-12-01,24,3,7,9,250,"&#x279A;",35037,8.56237691583184,19.9788794702743,25.6871307474955
"Neder-Betuwe","GM1740",2021-01-12,87,85,83,82,79,64,64,2020-12-01,23,2,4,8,0,"-",24634,8.11886011204027,16.2377202240805,32.4754404481611
"Rijssen-Holten","GM1742",2021-01-12,95,94,89,89,82,60,60,2020-12-01,35,1,6,13,-14.2857142857143,"&#x2798;",38182,2.61903514745168,15.7142108847101,34.0474569168718
"Geldrop-Mierlo","GM1771",2021-01-12,121,120,117,116,110,85,85,2020-12-01,36,1,4,11,-42.8571428571429,"&#x2798;",40097,2.49395216599746,9.97580866398983,27.433473825972
"Olst-Wijhe","GM1773",2021-01-12,17,17,16,16,16,12,12,2020-12-01,5,0,1,1,100,"&#x279A;",18348,0,5.45018530630041,5.45018530630041
"Dinkelland","GM1774",2021-01-12,66,64,62,62,58,48,48,2020-12-01,18,2,4,8,0,"-",26616,7.51427712654043,15.0285542530809,30.0571085061617
"Westland","GM1783",2021-01-12,257,255,242,238,230,177,177,2020-12-01,80,2,15,27,25,"&#x279A;",111342,1.79626735643333,13.47200517325,24.24960931185
"Midden-Delfland","GM1842",2021-01-12,43,43,41,40,37,28,28,2020-12-01,15,0,2,6,-50,"&#x2798;",19378,0,10.3209825575395,30.9629476726184
"Berkelland","GM1859",2021-01-12,76,76,72,72,68,62,62,2020-12-01,14,0,4,8,0,"-",43821,0,9.12804363204856,18.2560872640971
"Bronckhorst","GM1876",2021-01-12,65,64,64,63,60,47,47,2020-12-01,18,1,1,5,-75,"&#x2798;",36103,2.7698529208099,2.7698529208099,13.8492646040495
"Sittard-Geleen","GM1883",2021-01-12,211,209,208,208,204,168,168,2020-12-01,43,2,3,7,-25,"&#x2798;",91781,2.17910024950698,3.26865037426047,7.62685087327443
"Kaag en Braassem","GM1884",2021-01-12,46,46,41,40,38,26,26,2020-12-01,20,0,5,8,66.6666666666667,"&#x279A;",27547,0,18.1507968199804,29.0412749119686
"Dantumadiel","GM1891",2021-01-12,15,12,10,10,9,3,3,2020-12-01,12,3,5,6,400,"&#x279A;",18927,15.8503724837534,26.4172874729223,31.7007449675067
"Zuidplas","GM1892",2021-01-12,93,90,86,84,80,67,67,2020-12-01,26,3,7,13,16.6666666666667,"&#x279A;",45015,6.66444518493835,15.5503720981895,28.8792624680662
"Peel en Maas","GM1894",2021-01-12,38,38,37,36,36,34,34,2020-12-01,4,0,1,2,0,"-",43695,0,2.28859137201053,4.57718274402106
"Oldambt","GM1895",2021-01-12,53,49,47,47,45,21,21,2020-12-01,32,4,6,8,200,"&#x279A;",38281,10.4490478305164,15.6735717457747,20.8980956610329
"Zwartewaterland","GM1896",2021-01-12,27,27,26,26,25,18,18,2020-12-01,9,0,1,2,0,"-",22797,0,4.38654208887134,8.77308417774269
"Súdwest-Fryslân","GM1900",2021-01-12,81,78,74,73,68,46,46,2020-12-01,35,3,7,13,16.6666666666667,"&#x279A;",89930,3.33592794395641,7.78383186923163,14.4556877571444
"Bodegraven-Reeuwijk","GM1901",2021-01-12,73,73,71,70,67,52,52,2020-12-01,21,0,2,6,-50,"&#x2798;",35288,0,5.66764905917026,17.0029471775108
"Eijsden-Margraten","GM1903",2021-01-12,78,77,75,75,72,64,64,2020-12-01,14,1,3,6,0,"-",25903,3.86055669227503,11.5816700768251,23.1633401536502
"Stichtse Vecht","GM1904",2021-01-12,144,142,139,139,135,106,106,2020-12-01,38,2,5,9,25,"&#x279A;",65142,3.07021583617328,7.67553959043321,13.8159712627798
"Hollands Kroon","GM1911",2021-01-12,73,73,72,72,66,40,40,2020-12-01,33,0,1,7,-83.3333333333333,"&#x2798;",48532,0,2.06049616747713,14.4234731723399
"Leidschendam-Voorburg","GM1916",2021-01-12,141,141,138,137,129,105,105,2020-12-01,36,0,3,12,-66.6666666666667,"&#x2798;",76451,0,3.92408209179736,15.6963283671894
"Goeree-Overflakkee","GM1924",2021-01-12,143,140,140,139,132,108,108,2020-12-01,35,3,3,11,-62.5,"&#x2798;",50567,5.9327229220638,5.9327229220638,21.7533173809006
"Pijnacker-Nootdorp","GM1926",2021-01-12,80,80,79,79,76,70,70,2020-12-01,10,0,1,4,-66.6666666666667,"&#x2798;",55592,0,1.79881997409699,7.19527989638797
"Nissewaard","GM1930",2021-01-12,228,227,224,223,215,172,172,2020-12-01,56,1,4,13,-55.5555555555556,"&#x2798;",85302,1.17230545590959,4.68922182363837,15.2399709268247
"Krimpenerwaard","GM1931",2021-01-12,151,150,144,141,138,115,115,2020-12-01,36,1,7,13,16.6666666666667,"&#x279A;",56559,1.76806520624481,12.3764564437136,22.9848476811825
"De Fryske Marren","GM1940",2021-01-12,50,49,47,46,41,33,33,2020-12-01,17,1,3,9,-50,"&#x2798;",51735,1.93292741857543,5.7987822557263,17.3963467671789
"Gooise Meren","GM1942",2021-01-12,41,35,34,33,28,24,24,2020-12-01,17,6,7,13,16.6666666666667,"&#x279A;",58466,10.2623747135087,11.9727704990935,22.2351452126022
"Berg en Dal","GM1945",2021-01-12,97,95,94,94,92,79,79,2020-12-01,18,2,3,5,50,"&#x279A;",35015,5.71183778380694,8.56775667571041,14.2795944595173
"Meierijstad","GM1948",2021-01-12,322,321,319,319,315,298,298,2020-12-01,24,1,3,7,-25,"&#x2798;",81653,1.22469474483485,3.67408423450455,8.57286321384395
"Waadhoeke","GM1949",2021-01-12,40,34,32,31,29,14,14,2020-12-01,26,6,8,11,166.666666666667,"&#x279A;",46082,13.0202682175253,17.360357623367,23.8704917321297
"Westerwolde","GM1950",2021-01-12,30,30,30,30,27,19,19,2020-12-01,11,0,0,3,-100,"&#x2798;",26284,0,0,11.4137878557297
"Midden-Groningen","GM1952",2021-01-12,78,75,72,71,66,42,42,2020-12-01,36,3,6,12,0,"-",60745,4.93867808050045,9.87735616100091,19.7547123220018
"Beekdaelen","GM1954",2021-01-12,89,89,88,87,84,68,68,2020-12-01,21,0,1,5,-75,"&#x2798;",36073,0,2.77215646051063,13.8607823025532
"Montferland","GM1955",2021-01-12,55,54,53,52,50,42,42,2020-12-01,13,1,2,5,-33.3333333333333,"&#x2798;",36062,2.77300205202152,5.54600410404304,13.8650102601076
"Altena","GM1959",2021-01-12,158,158,155,151,142,99,99,2020-12-01,59,0,3,16,-76.9230769230769,"&#x2798;",56308,0,5.32783973858066,28.4151452724302
"West Betuwe","GM1960",2021-01-12,148,148,143,142,138,114,114,2020-12-01,34,0,5,10,0,"-",51489,0,9.71081201810095,19.4216240362019
"Vijfheerenlanden","GM1961",2021-01-12,119,117,112,110,106,90,90,2020-12-01,29,2,7,13,16.6666666666667,"&#x279A;",57786,3.46104592807947,12.1136607482781,22.4967985325165
"Hoeksche Waard","GM1963",2021-01-12,192,190,185,183,177,150,150,2020-12-01,42,2,7,15,-12.5,"&#x2798;",87963,2.273683253186,7.95789138615099,17.052624398895
"Het Hogeland","GM1966",2021-01-12,28,27,24,23,22,13,13,2020-12-01,15,1,4,6,100,"&#x279A;",47859,2.08947115485071,8.35788461940283,12.5368269291042
"Westerkwartier","GM1969",2021-01-12,64,63,62,62,56,39,39,2020-12-01,25,1,2,8,-66.6666666666667,"&#x2798;",63603,1.5722528811534,3.14450576230681,12.5780230492272
"Noardeast-Fryslân","GM1970",2021-01-12,47,39,34,33,27,14,14,2020-12-01,33,8,13,20,85.7142857142857,"&#x279A;",45479,17.5905362914752,28.5846214736472,43.976340728688
"Molenlanden","GM1978",2021-01-12,82,82,82,80,75,60,60,2020-12-01,22,0,0,7,-100,"&#x2798;",44105,0,0,15.8712164153724
"Eemsdelta","GM1979",2021-01-12,70,67,63,60,53,25,25,2020-12-01,45,3,7,17,-30,"&#x2798;",45606,6.57808183133798,15.3488576064553,37.2757970442486
