"municipality","Municipality_code","date","d0","d1","d7","d8","d14","dec1","lowest_since_dec1","lowest_since_dec1_date","current","increase_1d","increase_7d","increase_14d","increase_growth","growth","population","rel_increase_1d","rel_increase_7d","rel_increase_14d"
"Netherlands","",2021-01-23,39856,39699,38716,38552,37242,27921,27921,2020-12-01,11935,157,1140,2614,-22.6594301221167,"&#x2798;",17443797,0.900033404424507,6.53527440155374,14.9852695488259
"Unknown","",2021-01-23,1133,1126,1103,1100,1061,813,813,2020-12-01,320,7,30,72,-28.5714285714286,"&#x2798;",NA,NA,NA,NA
"Groningen","GM0014",2021-01-23,144,141,139,138,132,76,76,2020-12-01,68,3,5,12,-28.5714285714286,"&#x2798;",233456,1.28503872250017,2.14173120416695,5.14015489000069
"Almere","GM0034",2021-01-23,149,148,147,147,141,86,86,2020-12-01,63,1,2,8,-66.6666666666667,"&#x2798;",214551,0.466089647682835,0.932179295365671,3.72871718146268
"Stadskanaal","GM0037",2021-01-23,43,43,40,39,39,22,22,2020-12-01,21,0,3,4,200,"&#x279A;",31702,0,9.4631253548672,12.6175004731563
"Veendam","GM0047",2021-01-23,31,30,28,28,26,13,13,2020-12-01,18,1,3,5,50,"&#x279A;",27416,3.64750510650715,10.9425153195214,18.2375255325357
"Zeewolde","GM0050",2021-01-23,42,42,41,41,38,20,20,2020-12-01,22,0,1,4,-66.6666666666667,"&#x2798;",22836,0,4.37905062182519,17.5162024873008
"Achtkarspelen","GM0059",2021-01-23,30,30,23,22,19,10,10,2020-12-01,20,0,7,11,75,"&#x279A;",27881,0,25.1067034898318,39.4533911983071
"Ameland","GM0060",2021-01-23,3,3,3,3,3,0,0,2020-12-01,3,0,0,0,0,"-",3747,0,0,0
"Harlingen","GM0072",2021-01-23,10,10,10,10,10,7,7,2020-12-01,3,0,0,0,0,"-",15835,0,0,0
"Heerenveen","GM0074",2021-01-23,51,51,48,48,44,32,32,2020-12-01,19,0,3,7,-25,"&#x2798;",50626,0,5.92580887291115,13.826887370126
"Leeuwarden","GM0080",2021-01-23,113,113,112,110,102,65,65,2020-12-01,48,0,1,11,-90,"&#x2798;",124517,0,0.803103190728977,8.83413509801874
"Ooststellingwerf","GM0085",2021-01-23,23,23,23,23,21,16,16,2020-12-01,7,0,0,2,-100,"&#x2798;",25437,0,0,7.86256240908912
"Opsterland","GM0086",2021-01-23,34,34,34,33,29,16,16,2020-12-01,18,0,0,5,-100,"&#x2798;",29812,0,0,16.7717697571448
"Schiermonnikoog","GM0088",2021-01-23,1,1,1,1,1,1,1,2020-12-01,0,0,0,0,0,"-",936,0,0,0
"Smallingerland","GM0090",2021-01-23,60,60,53,52,49,29,29,2020-12-01,31,0,7,11,75,"&#x279A;",56060,0,12.4866214769889,19.621833749554
"Terschelling","GM0093",2021-01-23,2,2,2,2,1,1,1,2020-12-01,1,0,0,1,-100,"&#x2798;",4883,0,0,20.4792135981978
"Vlieland","GM0096",2021-01-23,0,0,0,0,0,0,0,2020-12-01,0,0,0,0,0,"-",1200,0,0,0
"Weststellingwerf","GM0098",2021-01-23,18,18,17,17,15,10,10,2020-12-01,8,0,1,3,-50,"&#x2798;",26112,0,3.8296568627451,11.4889705882353
"Assen","GM0106",2021-01-23,70,68,65,64,61,35,35,2020-12-01,35,2,5,9,25,"&#x279A;",68812,2.90646980177876,7.2661745044469,13.0791141080044
"Coevorden","GM0109",2021-01-23,71,71,67,65,57,28,28,2020-12-01,43,0,4,14,-60,"&#x2798;",35309,0,11.3285564586933,39.6499476054264
"Emmen","GM0114",2021-01-23,182,182,167,167,157,116,116,2020-12-01,66,0,15,25,50,"&#x279A;",106984,0,14.0207881552382,23.3679802587303
"Hoogeveen","GM0118",2021-01-23,103,103,103,102,95,56,56,2020-12-01,47,0,0,8,-100,"&#x2798;",55604,0,0,14.3874541399899
"Meppel","GM0119",2021-01-23,28,28,27,26,25,11,11,2020-12-01,17,0,1,3,-50,"&#x2798;",34324,0,2.91341335508682,8.74024006526046
"Almelo","GM0141",2021-01-23,247,246,244,243,234,166,166,2020-12-01,81,1,3,13,-70,"&#x2798;",73180,1.36649357748019,4.09948073244056,17.7644165072424
"Borne","GM0147",2021-01-23,58,58,56,55,55,38,38,2020-12-01,20,0,2,3,100,"&#x279A;",23637,0,8.46131065702077,12.6919659855312
"Dalfsen","GM0148",2021-01-23,28,28,28,28,28,13,13,2020-12-01,15,0,0,0,0,"-",28919,0,0,0
"Deventer","GM0150",2021-01-23,203,201,195,194,189,133,133,2020-12-01,70,2,8,14,33.3333333333333,"&#x279A;",101100,1.9782393669634,7.91295746785361,13.8476755687438
"Enschede","GM0153",2021-01-23,375,374,364,359,353,239,239,2020-12-01,136,1,11,22,0,"-",159872,0.625500400320256,6.88050440352282,13.7610088070456
"Haaksbergen","GM0158",2021-01-23,75,75,71,70,63,47,47,2020-12-01,28,0,4,12,-50,"&#x2798;",24237,0,16.5036927012419,49.5110781037257
"Hardenberg","GM0160",2021-01-23,98,98,93,92,87,47,47,2020-12-01,51,0,5,11,-16.6666666666667,"&#x2798;",61327,0,8.15301580054462,17.9366347611982
"Hellendoorn","GM0163",2021-01-23,77,76,72,71,67,37,37,2020-12-01,40,1,5,10,0,"-",35903,2.78528256691641,13.9264128345821,27.8528256691641
"Hengelo","GM0164",2021-01-23,192,190,182,180,173,127,127,2020-12-01,65,2,10,19,11.1111111111111,"&#x279A;",81099,2.46612165378118,12.3306082689059,23.4281557109212
"Kampen","GM0166",2021-01-23,51,51,50,50,49,40,40,2020-12-01,11,0,1,2,0,"-",54438,0,1.83695212902752,3.67390425805503
"Losser","GM0168",2021-01-23,76,76,73,73,70,41,41,2020-12-01,35,0,3,6,0,"-",22867,0,13.1193422836402,26.2386845672804
"Noordoostpolder","GM0171",2021-01-23,54,54,51,50,47,26,26,2020-12-01,28,0,3,7,-25,"&#x2798;",47597,0,6.30291825115028,14.706809252684
"Oldenzaal","GM0173",2021-01-23,96,95,91,91,89,58,58,2020-12-01,38,1,5,7,150,"&#x279A;",31734,3.1511943026407,15.7559715132035,22.0583601184849
"Ommen","GM0175",2021-01-23,34,34,33,33,32,19,19,2020-12-01,15,0,1,2,0,"-",18272,0,5.47285464098074,10.9457092819615
"Raalte","GM0177",2021-01-23,62,62,53,53,52,36,36,2020-12-01,26,0,9,10,800,"&#x279A;",37920,0,23.7341772151899,26.3713080168776
"Staphorst","GM0180",2021-01-23,32,32,31,29,29,15,15,2020-12-01,17,0,1,3,-50,"&#x2798;",17276,0,5.78837693910627,17.3651308173188
"Tubbergen","GM0183",2021-01-23,55,55,52,52,49,39,39,2020-12-01,16,0,3,6,0,"-",21322,0,14.0699746740456,28.1399493480912
"Urk","GM0184",2021-01-23,69,69,68,68,66,45,45,2020-12-01,24,0,1,3,-50,"&#x2798;",21208,0,4.7152018106375,14.1456054319125
"Wierden","GM0189",2021-01-23,64,64,63,63,63,38,38,2020-12-01,26,0,1,1,100,"&#x279A;",24532,0,4.0763084950269,4.0763084950269
"Zwolle","GM0193",2021-01-23,80,79,77,77,72,45,45,2020-12-01,35,1,3,8,-40,"&#x2798;",129697,0.771027857236482,2.31308357170945,6.16822285789186
"Aalten","GM0197",2021-01-23,42,42,41,41,40,24,24,2020-12-01,18,0,1,2,0,"-",27133,0,3.68554896251797,7.37109792503593
"Apeldoorn","GM0200",2021-01-23,331,331,319,319,310,224,224,2020-12-01,107,0,12,21,33.3333333333333,"&#x279A;",164717,0,7.28522253319329,12.7491394330883
"Arnhem","GM0202",2021-01-23,129,129,127,127,122,67,67,2020-12-01,62,0,2,7,-60,"&#x2798;",162353,0,1.23188361163637,4.3115926407273
"Barneveld","GM0203",2021-01-23,115,115,111,110,100,64,64,2020-12-01,51,0,4,15,-63.6363636363636,"&#x2798;",59938,0,6.67356268143748,25.0258600553906
"Beuningen","GM0209",2021-01-23,53,53,53,53,50,37,37,2020-12-01,16,0,0,3,-100,"&#x2798;",26159,0,0,11.4683283000115
"Brummen","GM0213",2021-01-23,42,42,41,41,36,21,21,2020-12-01,21,0,1,6,-80,"&#x2798;",20867,0,4.79225571476494,28.7535342885896
"Buren","GM0214",2021-01-23,82,81,75,75,74,47,47,2020-12-01,35,1,7,8,600,"&#x279A;",26997,3.70411527206727,25.9288069044709,29.6329221765381
"Culemborg","GM0216",2021-01-23,83,83,77,75,74,60,60,2020-12-01,23,0,6,9,100,"&#x279A;",29132,0,20.5959082795551,30.8938624193327
"Doesburg","GM0221",2021-01-23,19,19,19,19,17,10,10,2020-12-01,9,0,0,2,-100,"&#x2798;",11061,0,0,18.08154778049
"Doetinchem","GM0222",2021-01-23,96,95,94,94,91,66,66,2020-12-01,30,1,2,5,-33.3333333333333,"&#x2798;",58227,1.71741631888986,3.43483263777972,8.58708159444931
"Druten","GM0225",2021-01-23,67,67,65,65,63,47,47,2020-12-01,20,0,2,4,0,"-",18980,0,10.5374077976818,21.0748155953635
"Duiven","GM0226",2021-01-23,22,22,22,22,20,11,11,2020-12-01,11,0,0,2,-100,"&#x2798;",25072,0,0,7.97702616464582
"Ede","GM0228",2021-01-23,274,274,262,261,245,172,172,2020-12-01,102,0,12,29,-29.4117647058823,"&#x2798;",118538,0,10.1233359766488,24.4647286102347
"Elburg","GM0230",2021-01-23,45,45,44,43,39,25,25,2020-12-01,20,0,1,6,-80,"&#x2798;",23443,0,4.26566565712579,25.5939939427548
"Epe","GM0232",2021-01-23,76,76,74,74,73,50,50,2020-12-01,26,0,2,3,100,"&#x279A;",33198,0,6.0244593047774,9.03668895716609
"Ermelo","GM0233",2021-01-23,83,83,82,81,76,53,53,2020-12-01,30,0,1,7,-83.3333333333333,"&#x2798;",27044,0,3.69767785830498,25.8837450081349
"Harderwijk","GM0243",2021-01-23,145,145,140,136,130,80,80,2020-12-01,65,0,5,15,-50,"&#x2798;",48657,0,10.2760137287543,30.828041186263
"Hattem","GM0244",2021-01-23,12,12,12,12,11,9,9,2020-12-01,3,0,0,1,-100,"&#x2798;",12235,0,0,8.1732733959951
"Heerde","GM0246",2021-01-23,25,25,23,23,23,18,18,2020-12-01,7,0,2,2,200,"&#x279A;",18744,0,10.6700810926163,10.6700810926163
"Heumen","GM0252",2021-01-23,45,45,43,43,42,33,33,2020-12-01,12,0,2,3,100,"&#x279A;",16579,0,12.0634537668134,18.0951806502202
"Lochem","GM0262",2021-01-23,55,55,54,52,50,34,34,2020-12-01,21,0,1,5,-75,"&#x2798;",33907,0,2.94924351903737,14.7462175951868
"Maasdriel","GM0263",2021-01-23,55,55,54,54,52,42,42,2020-12-01,13,0,1,3,-50,"&#x2798;",25441,0,3.93066310286545,11.7919893085964
"Nijkerk","GM0267",2021-01-23,92,92,89,88,84,57,57,2020-12-01,35,0,3,8,-40,"&#x2798;",43577,0,6.88436560570943,18.3583082818918
"Nijmegen","GM0268",2021-01-23,411,410,398,397,381,308,308,2020-12-01,103,1,13,30,-23.5294117647059,"&#x2798;",177463,0.563497743191539,7.32547066149,16.9049322957462
"Oldebroek","GM0269",2021-01-23,34,34,33,33,32,14,14,2020-12-01,20,0,1,2,0,"-",23749,0,4.21070360857299,8.42140721714599
"Putten","GM0273",2021-01-23,45,45,43,43,43,30,30,2020-12-01,15,0,2,2,200,"&#x279A;",24384,0,8.20209973753281,8.20209973753281
"Renkum","GM0274",2021-01-23,37,37,36,36,35,22,22,2020-12-01,15,0,1,2,0,"-",31413,0,3.18339540954382,6.36679081908764
"Rheden","GM0275",2021-01-23,33,33,32,32,29,15,15,2020-12-01,18,0,1,4,-66.6666666666667,"&#x2798;",43565,0,2.29542063583152,9.18168254332607
"Rozendaal","GM0277",2021-01-23,1,1,1,1,1,0,0,2020-12-01,1,0,0,0,0,"-",1718,0,0,0
"Scherpenzeel","GM0279",2021-01-23,19,19,18,18,15,9,9,2020-12-01,10,0,1,4,-66.6666666666667,"&#x2798;",10110,0,9.89119683481701,39.5647873392681
"Tiel","GM0281",2021-01-23,141,141,139,139,135,109,109,2020-12-01,32,0,2,6,-50,"&#x2798;",41899,0,4.77338361297406,14.3201508389222
"Voorst","GM0285",2021-01-23,58,58,58,58,56,35,35,2020-12-01,23,0,0,2,-100,"&#x2798;",24762,0,0,8.0768920119538
"Wageningen","GM0289",2021-01-23,63,63,63,63,60,47,47,2020-12-01,16,0,0,3,-100,"&#x2798;",39719,0,0,7.55306024824391
"Westervoort","GM0293",2021-01-23,18,18,18,18,16,9,9,2020-12-01,9,0,0,2,-100,"&#x2798;",15017,0,0,13.3182393287607
"Winterswijk","GM0294",2021-01-23,40,40,39,39,36,33,33,2020-12-01,7,0,1,4,-66.6666666666667,"&#x2798;",29007,0,3.44744372048126,13.7897748819251
"Wijchen","GM0296",2021-01-23,126,126,125,125,124,94,94,2020-12-01,32,0,1,2,0,"-",41259,0,2.42371361399937,4.84742722799874
"Zaltbommel","GM0297",2021-01-23,72,72,68,68,62,40,40,2020-12-01,32,0,4,10,-33.3333333333333,"&#x2798;",29436,0,13.588802826471,33.9720070661775
"Zevenaar","GM0299",2021-01-23,43,43,42,42,42,31,31,2020-12-01,12,0,1,1,100,"&#x279A;",44085,0,2.26834524214585,2.26834524214585
"Zutphen","GM0301",2021-01-23,81,81,81,81,80,57,57,2020-12-01,24,0,0,1,-100,"&#x2798;",48105,0,0,2.07878598898243
"Nunspeet","GM0302",2021-01-23,114,114,111,110,108,91,91,2020-12-01,23,0,3,6,0,"-",28017,0,10.7077845593747,21.4155691187493
"Dronten","GM0303",2021-01-23,87,87,85,85,83,52,52,2020-12-01,35,0,2,4,0,"-",41936,0,4.76917207172835,9.5383441434567
"Amersfoort","GM0307",2021-01-23,292,291,286,285,278,183,183,2020-12-01,109,1,6,14,-25,"&#x2798;",157547,0.634731223063594,3.80838733838156,8.88623712289031
"Baarn","GM0308",2021-01-23,29,29,28,28,28,21,21,2020-12-01,8,0,1,1,100,"&#x279A;",24844,0,4.02511672838512,4.02511672838512
"De Bilt","GM0310",2021-01-23,84,83,81,81,81,65,65,2020-12-01,19,1,3,3,300,"&#x279A;",43371,2.30568813262318,6.91706439786954,6.91706439786954
"Bunnik","GM0312",2021-01-23,28,28,27,27,27,20,20,2020-12-01,8,0,1,1,100,"&#x279A;",15345,0,6.5167807103291,6.5167807103291
"Bunschoten","GM0313",2021-01-23,87,87,87,87,83,54,54,2020-12-01,33,0,0,4,-100,"&#x2798;",22036,0,0,18.152114721365
"Eemnes","GM0317",2021-01-23,10,10,8,8,6,1,1,2020-12-01,9,0,2,4,0,"-",9361,0,21.3652387565431,42.7304775130862
"Houten","GM0321",2021-01-23,76,75,75,75,75,56,56,2020-12-01,20,1,1,1,100,"&#x279A;",50206,1.99179380950484,1.99179380950484,1.99179380950484
"Leusden","GM0327",2021-01-23,35,35,35,35,34,23,23,2020-12-01,12,0,0,1,-100,"&#x2798;",30522,0,0,3.27632527357316
"Lopik","GM0331",2021-01-23,33,33,33,33,33,30,30,2020-12-01,3,0,0,0,0,"-",14455,0,0,0
"Montfoort","GM0335",2021-01-23,30,30,30,30,30,24,24,2020-12-01,6,0,0,0,0,"-",13878,0,0,0
"Renswoude","GM0339",2021-01-23,7,7,7,7,7,4,4,2020-12-01,3,0,0,0,0,"-",5547,0,0,0
"Rhenen","GM0340",2021-01-23,45,45,42,42,41,28,28,2020-12-01,17,0,3,4,200,"&#x279A;",20193,0,14.8566334868519,19.8088446491358
"Soest","GM0342",2021-01-23,99,99,97,96,92,61,61,2020-12-01,38,0,2,7,-60,"&#x2798;",46906,0,4.26384684262141,14.9234639491749
"Utrecht","GM0344",2021-01-23,809,808,789,785,767,631,631,2020-12-01,178,1,20,42,-9.09090909090909,"&#x2798;",359548,0.278126981654744,5.56253963309489,11.6813332294993
"Veenendaal","GM0345",2021-01-23,184,184,182,182,178,116,116,2020-12-01,68,0,2,6,-50,"&#x2798;",66945,0,2.98752707446411,8.96258122339234
"Woudenberg","GM0351",2021-01-23,29,29,27,27,26,17,17,2020-12-01,12,0,2,3,100,"&#x279A;",13625,0,14.6788990825688,22.0183486238532
"Wijk bij Duurstede","GM0352",2021-01-23,48,48,46,46,44,29,29,2020-12-01,19,0,2,4,0,"-",23917,0,8.36225279090187,16.7245055818037
"IJsselstein","GM0353",2021-01-23,97,97,96,96,94,79,79,2020-12-01,18,0,1,3,-50,"&#x2798;",33855,0,2.95377344557672,8.86132033673017
"Zeist","GM0355",2021-01-23,113,113,112,112,110,81,81,2020-12-01,32,0,1,3,-50,"&#x2798;",65005,0,1.53834320436889,4.61502961310668
"Nieuwegein","GM0356",2021-01-23,121,121,119,118,116,93,93,2020-12-01,28,0,2,5,-33.3333333333333,"&#x2798;",63811,0,3.13425584930498,7.83563962326245
"Aalsmeer","GM0358",2021-01-23,44,44,42,42,42,30,30,2020-12-01,14,0,2,2,200,"&#x279A;",31957,0,6.25840973808555,6.25840973808555
"Alkmaar","GM0361",2021-01-23,240,236,231,229,221,149,149,2020-12-01,91,4,9,19,-10,"&#x2798;",109841,3.64162744330441,8.19366174743493,17.297730355696
"Amstelveen","GM0362",2021-01-23,171,171,168,168,164,137,137,2020-12-01,34,0,3,7,-25,"&#x2798;",90956,0,3.29829807819165,7.69602884911386
"Amsterdam","GM0363",2021-01-23,2463,2450,2389,2384,2313,1876,1876,2020-12-01,587,13,74,150,-2.63157894736842,"-",873289,1.48862518593501,8.47371259686083,17.1764444530963
"Beemster","GM0370",2021-01-23,13,13,12,12,11,9,9,2020-12-01,4,0,1,2,0,"-",10073,0,9.92752903802243,19.8550580760449
"Bergen (NH.)","GM0373",2021-01-23,68,68,66,66,64,44,44,2020-12-01,24,0,2,4,0,"-",29706,0,6.73264660337979,13.4652932067596
"Beverwijk","GM0375",2021-01-23,52,52,52,52,51,39,39,2020-12-01,13,0,0,1,-100,"&#x2798;",41830,0,0,2.3906287353574
"Blaricum","GM0376",2021-01-23,8,8,8,8,7,3,3,2020-12-01,5,0,0,1,-100,"&#x2798;",11919,0,0,8.38996560114104
"Bloemendaal","GM0377",2021-01-23,11,11,11,11,10,6,6,2020-12-01,5,0,0,1,-100,"&#x2798;",23529,0,0,4.25007437630159
"Castricum","GM0383",2021-01-23,50,50,49,49,47,32,32,2020-12-01,18,0,1,3,-50,"&#x2798;",36164,0,2.76518084282712,8.29554252848136
"Diemen","GM0384",2021-01-23,73,72,70,70,69,51,51,2020-12-01,22,1,3,4,200,"&#x279A;",31304,3.19447993866599,9.58343981599796,12.7779197546639
"Edam-Volendam","GM0385",2021-01-23,103,101,99,98,97,78,78,2020-12-01,25,2,4,6,100,"&#x279A;",36247,5.51769801638756,11.0353960327751,16.5530940491627
"Enkhuizen","GM0388",2021-01-23,61,61,60,60,56,29,29,2020-12-01,32,0,1,5,-75,"&#x2798;",18666,0,5.3573341905068,26.786670952534
"Haarlem","GM0392",2021-01-23,140,140,133,130,127,76,76,2020-12-01,64,0,7,13,16.6666666666667,"&#x279A;",162754,0,4.30096956142399,7.98751489978741
"Haarlemmermeer","GM0394",2021-01-23,191,190,185,184,178,110,110,2020-12-01,81,1,6,13,-14.2857142857143,"&#x2798;",157730,0.63399480124263,3.80396880745578,8.24193241615419
"Heemskerk","GM0396",2021-01-23,66,66,65,65,65,51,51,2020-12-01,15,0,1,1,100,"&#x279A;",39233,0,2.54887467183239,2.54887467183239
"Heemstede","GM0397",2021-01-23,18,18,17,16,15,9,9,2020-12-01,9,0,1,3,-50,"&#x2798;",27494,0,3.63715719793409,10.9114715938023
"Heerhugowaard","GM0398",2021-01-23,104,102,99,99,96,66,66,2020-12-01,38,2,5,8,66.6666666666667,"&#x279A;",58303,3.43035521328234,8.57588803320584,13.7214208531293
"Heiloo","GM0399",2021-01-23,34,34,32,32,31,20,20,2020-12-01,14,0,2,3,100,"&#x279A;",24119,0,8.29221775363821,12.4383266304573
"Den Helder","GM0400",2021-01-23,83,82,78,77,71,37,37,2020-12-01,46,1,5,12,-28.5714285714286,"&#x2798;",56531,1.76894093506218,8.84470467531089,21.2272912207461
"Hilversum","GM0402",2021-01-23,54,54,52,50,47,26,26,2020-12-01,28,0,2,7,-60,"&#x2798;",91247,0,2.1918528828345,7.67148508992076
"Hoorn","GM0405",2021-01-23,151,150,147,146,134,85,85,2020-12-01,66,1,4,17,-69.2307692307692,"&#x2798;",73579,1.35908343413202,5.43633373652809,23.1044183802444
"Huizen","GM0406",2021-01-23,43,43,39,39,39,24,24,2020-12-01,19,0,4,4,400,"&#x279A;",41130,0,9.72526136639922,9.72526136639922
"Landsmeer","GM0415",2021-01-23,23,23,23,23,22,12,12,2020-12-01,11,0,0,1,-100,"&#x2798;",11564,0,0,8.6475268073331
"Langedijk","GM0416",2021-01-23,53,53,52,51,50,36,36,2020-12-01,17,0,1,3,-50,"&#x2798;",28332,0,3.52957786248765,10.5887335874629
"Laren","GM0417",2021-01-23,14,14,14,14,12,7,7,2020-12-01,7,0,0,2,-100,"&#x2798;",11401,0,0,17.5423208490483
"Medemblik","GM0420",2021-01-23,92,92,82,82,78,44,44,2020-12-01,48,0,10,14,150,"&#x279A;",45194,0,22.1268309952649,30.9775633933708
"Oostzaan","GM0431",2021-01-23,27,27,26,26,26,20,20,2020-12-01,7,0,1,1,100,"&#x279A;",9685,0,10.3252452245741,10.3252452245741
"Opmeer","GM0432",2021-01-23,10,10,9,9,9,7,7,2020-12-01,3,0,1,1,100,"&#x279A;",11988,0,8.34167500834168,8.34167500834168
"Ouder-Amstel","GM0437",2021-01-23,20,20,20,20,20,16,16,2020-12-01,4,0,0,0,0,"-",14120,0,0,0
"Purmerend","GM0439",2021-01-23,242,241,230,229,215,154,154,2020-12-01,88,1,12,27,-20,"&#x2798;",81708,1.22387036765066,14.6864444118079,33.0444999265678
"Schagen","GM0441",2021-01-23,83,82,80,80,78,41,41,2020-12-01,42,1,3,5,50,"&#x279A;",46546,2.14841232329309,6.44523696987926,10.7420616164654
"Texel","GM0448",2021-01-23,13,13,13,13,13,11,11,2020-12-01,2,0,0,0,0,"-",13658,0,0,0
"Uitgeest","GM0450",2021-01-23,18,18,18,18,18,13,13,2020-12-01,5,0,0,0,0,"-",13644,0,0,0
"Uithoorn","GM0451",2021-01-23,49,49,47,47,45,39,39,2020-12-01,10,0,2,4,0,"-",30138,0,6.6361404207313,13.2722808414626
"Velsen","GM0453",2021-01-23,91,90,88,88,87,57,57,2020-12-01,34,1,3,4,200,"&#x279A;",68683,1.45596435799252,4.36789307397755,5.82385743197007
"Weesp","GM0457",2021-01-23,24,24,22,21,20,14,14,2020-12-01,10,0,2,4,0,"-",20459,0,9.77564885869299,19.551297717386
"Zandvoort","GM0473",2021-01-23,17,17,17,17,16,9,9,2020-12-01,8,0,0,1,-100,"&#x2798;",17168,0,0,5.82479030754893
"Zaanstad","GM0479",2021-01-23,429,429,424,423,416,327,327,2020-12-01,102,0,5,13,-37.5,"&#x2798;",157106,0,3.1825646378878,8.27466805850827
"Alblasserdam","GM0482",2021-01-23,75,75,75,74,71,49,49,2020-12-01,26,0,0,4,-100,"&#x2798;",20193,0,0,19.8088446491358
"Alphen aan den Rijn","GM0484",2021-01-23,241,238,231,231,226,162,162,2020-12-01,79,3,10,15,100,"&#x279A;",112552,2.66543464354254,8.8847821451418,13.3271732177127
"Barendrecht","GM0489",2021-01-23,125,124,120,120,116,91,91,2020-12-01,34,1,5,9,25,"&#x279A;",48635,2.05613241492752,10.2806620746376,18.5051917343477
"Drechterland","GM0498",2021-01-23,34,34,33,32,30,19,19,2020-12-01,15,0,1,4,-66.6666666666667,"&#x2798;",19834,0,5.04184733286276,20.167389331451
"Brielle","GM0501",2021-01-23,48,48,47,47,46,34,34,2020-12-01,14,0,1,2,0,"-",17408,0,5.74448529411765,11.4889705882353
"Capelle aan den IJssel","GM0502",2021-01-23,243,243,241,239,232,180,180,2020-12-01,63,0,2,11,-77.7777777777778,"&#x2798;",67204,0,2.97601333253973,16.3680733289685
"Delft","GM0503",2021-01-23,205,202,198,194,186,145,145,2020-12-01,60,3,7,19,-41.6666666666667,"&#x2798;",103880,2.88794763188294,6.73854447439353,18.2903350019253
"Dordrecht","GM0505",2021-01-23,421,417,411,410,401,306,306,2020-12-01,115,4,10,20,0,"-",119184,3.35615518861592,8.3903879715398,16.7807759430796
"Gorinchem","GM0512",2021-01-23,84,84,78,77,70,44,44,2020-12-01,40,0,6,14,-25,"&#x2798;",37405,0,16.0406362785724,37.4281513166689
"Gouda","GM0513",2021-01-23,216,213,210,210,205,162,162,2020-12-01,54,3,6,11,20,"&#x279A;",73754,4.06757599587819,8.13515199175638,14.91444531822
"'s-Gravenhage","GM0518",2021-01-23,1510,1507,1466,1461,1414,1171,1171,2020-12-01,339,3,44,96,-15.3846153846154,"&#x2798;",548076,0.547369342937841,8.02808369642166,17.5158189740109
"Hardinxveld-Giessendam","GM0523",2021-01-23,32,31,30,30,27,15,15,2020-12-01,17,1,2,5,-33.3333333333333,"&#x2798;",18399,5.4350779933692,10.8701559867384,27.175389966846
"Hellevoetsluis","GM0530",2021-01-23,94,94,92,92,88,61,61,2020-12-01,33,0,2,6,-50,"&#x2798;",40235,0,4.97079657015037,14.9123897104511
"Hendrik-Ido-Ambacht","GM0531",2021-01-23,94,93,89,89,87,67,67,2020-12-01,27,1,5,7,150,"&#x279A;",31255,3.19948808190689,15.9974404095345,22.3964165733483
"Stede Broec","GM0532",2021-01-23,68,66,61,60,57,36,36,2020-12-01,32,2,7,11,75,"&#x279A;",21768,9.18779860345461,32.1572951120911,50.5328923190004
"Hillegom","GM0534",2021-01-23,19,19,19,19,19,11,11,2020-12-01,8,0,0,0,0,"-",22217,0,0,0
"Katwijk","GM0537",2021-01-23,178,178,168,168,158,97,97,2020-12-01,81,0,10,20,0,"-",66005,0,15.1503673964094,30.3007347928187
"Krimpen aan den IJssel","GM0542",2021-01-23,90,90,85,84,80,57,57,2020-12-01,33,0,5,10,0,"-",29443,0,16.9819651530075,33.963930306015
"Leiden","GM0546",2021-01-23,187,184,180,179,176,137,137,2020-12-01,50,3,7,11,75,"&#x279A;",124121,2.41699631810894,5.63965807558753,8.86231983306612
"Leiderdorp","GM0547",2021-01-23,68,68,67,67,66,50,50,2020-12-01,18,0,1,2,0,"-",27374,0,3.6531014831592,7.3062029663184
"Lisse","GM0553",2021-01-23,44,43,42,42,39,21,21,2020-12-01,23,1,2,5,-33.3333333333333,"&#x2798;",22999,4.34801513109266,8.69603026218531,21.7400756554633
"Maassluis","GM0556",2021-01-23,98,98,97,97,94,80,80,2020-12-01,18,0,1,4,-66.6666666666667,"&#x2798;",33557,0,2.98000417200584,11.9200166880234
"Nieuwkoop","GM0569",2021-01-23,45,45,45,45,44,23,23,2020-12-01,22,0,0,1,-100,"&#x2798;",29146,0,0,3.43100253894188
"Noordwijk","GM0575",2021-01-23,95,95,91,91,89,66,66,2020-12-01,29,0,4,6,100,"&#x279A;",43998,0,9.09132233283331,13.63698349925
"Oegstgeest","GM0579",2021-01-23,39,39,39,39,38,30,30,2020-12-01,9,0,0,1,-100,"&#x2798;",25061,0,0,3.9902637564343
"Oudewater","GM0589",2021-01-23,39,38,37,37,37,33,33,2020-12-01,6,1,2,2,200,"&#x279A;",10156,9.84639621898385,19.6927924379677,19.6927924379677
"Papendrecht","GM0590",2021-01-23,93,93,91,91,90,63,63,2020-12-01,30,0,2,3,100,"&#x279A;",32142,0,6.22238815257296,9.33358222885944
"Ridderkerk","GM0597",2021-01-23,151,151,148,145,137,102,102,2020-12-01,49,0,3,14,-72.7272727272727,"&#x2798;",46633,0,6.43321253189801,30.0216584821907
"Rotterdam","GM0599",2021-01-23,2458,2455,2410,2403,2342,1943,1943,2020-12-01,515,3,48,116,-29.4117647058823,"&#x2798;",652742,0.459599658057854,7.35359452892567,17.771186778237
"Rijswijk","GM0603",2021-01-23,147,147,144,144,140,113,113,2020-12-01,34,0,3,7,-25,"&#x2798;",55236,0,5.43124049532913,12.6728944891013
"Schiedam","GM0606",2021-01-23,242,242,238,238,233,196,196,2020-12-01,46,0,4,9,-20,"&#x2798;",79316,0,5.04311866458218,11.3470169953099
"Sliedrecht","GM0610",2021-01-23,115,115,111,111,105,60,60,2020-12-01,55,0,4,10,-33.3333333333333,"&#x2798;",25570,0,15.6433320297223,39.1083300743058
"Albrandswaard","GM0613",2021-01-23,70,70,69,69,67,55,55,2020-12-01,15,0,1,3,-50,"&#x2798;",25806,0,3.87506781368674,11.6252034410602
"Westvoorne","GM0614",2021-01-23,26,26,25,25,21,15,15,2020-12-01,11,0,1,5,-75,"&#x2798;",14893,0,6.7145638890754,33.572819445377
"Vlaardingen","GM0622",2021-01-23,191,191,188,188,187,156,156,2020-12-01,35,0,3,4,200,"&#x279A;",73950,0,4.05679513184584,5.40906017579446
"Voorschoten","GM0626",2021-01-23,33,33,33,33,31,20,20,2020-12-01,13,0,0,2,-100,"&#x2798;",25643,0,0,7.79939944624264
"Waddinxveen","GM0627",2021-01-23,75,75,74,73,72,55,55,2020-12-01,20,0,1,3,-50,"&#x2798;",30320,0,3.29815303430079,9.89445910290237
"Wassenaar","GM0629",2021-01-23,41,41,39,39,36,26,26,2020-12-01,15,0,2,5,-33.3333333333333,"&#x2798;",26845,0,7.45017694170236,18.6254423542559
"Woerden","GM0632",2021-01-23,131,130,128,128,125,100,100,2020-12-01,31,1,3,6,0,"-",52671,1.89857796510414,5.69573389531241,11.3914677906248
"Zoetermeer","GM0637",2021-01-23,262,262,260,259,249,184,184,2020-12-01,78,0,2,13,-81.8181818181818,"&#x2798;",125284,0,1.59637304045209,10.3764247629386
"Zoeterwoude","GM0638",2021-01-23,16,16,15,15,15,9,9,2020-12-01,7,0,1,1,100,"&#x279A;",8813,0,11.3468739362306,11.3468739362306
"Zwijndrecht","GM0642",2021-01-23,158,157,156,155,150,109,109,2020-12-01,49,1,2,8,-66.6666666666667,"&#x2798;",44763,2.23398789178563,4.46797578357125,17.871903134285
"Borsele","GM0654",2021-01-23,24,23,23,23,22,9,9,2020-12-01,15,1,1,2,0,"-",22779,4.39000834101585,4.39000834101585,8.78001668203169
"Goes","GM0664",2021-01-23,53,53,49,48,45,32,32,2020-12-01,21,0,4,8,0,"-",38571,0,10.3704855979881,20.7409711959763
"West Maas en Waal","GM0668",2021-01-23,40,40,40,40,40,33,33,2020-12-01,7,0,0,0,0,"-",19560,0,0,0
"Hulst","GM0677",2021-01-23,39,39,39,39,37,29,29,2020-12-01,10,0,0,2,-100,"&#x2798;",27563,0,0,7.25610419765628
"Kapelle","GM0678",2021-01-23,10,10,10,10,10,7,7,2020-12-01,3,0,0,0,0,"-",12842,0,0,0
"Middelburg","GM0687",2021-01-23,46,46,44,44,41,31,31,2020-12-01,15,0,2,5,-33.3333333333333,"&#x2798;",48973,0,4.08388295591448,10.2097073897862
"Reimerswaal","GM0703",2021-01-23,33,32,28,25,23,14,14,2020-12-01,19,1,5,10,0,"-",22931,4.36090881339671,21.8045440669836,43.6090881339671
"Terneuzen","GM0715",2021-01-23,96,96,94,94,90,63,63,2020-12-01,33,0,2,6,-50,"&#x2798;",54486,0,3.67066769445362,11.0120030833609
"Tholen","GM0716",2021-01-23,71,70,69,69,65,58,58,2020-12-01,13,1,2,6,-50,"&#x2798;",26050,3.83877159309021,7.67754318618042,23.0326295585413
"Veere","GM0717",2021-01-23,19,19,18,18,16,14,14,2020-12-01,5,0,1,3,-50,"&#x2798;",21981,0,4.54938355852782,13.6481506755835
"Vlissingen","GM0718",2021-01-23,48,48,46,46,42,28,28,2020-12-01,20,0,2,6,-50,"&#x2798;",44330,0,4.51161741484322,13.5348522445297
"De Ronde Venen","GM0736",2021-01-23,125,125,119,119,116,95,95,2020-12-01,30,0,6,9,100,"&#x279A;",44696,0,13.4240200465366,20.1360300698049
"Tytsjerksteradiel","GM0737",2021-01-23,22,22,21,21,18,7,7,2020-12-01,15,0,1,4,-66.6666666666667,"&#x2798;",32039,0,3.12119604232342,12.4847841692937
"Asten","GM0743",2021-01-23,46,45,44,44,44,38,38,2020-12-01,8,1,2,2,200,"&#x279A;",16802,5.95167241995001,11.9033448399,11.9033448399
"Baarle-Nassau","GM0744",2021-01-23,19,19,19,19,19,18,18,2020-12-01,1,0,0,0,0,"-",6901,0,0,0
"Bergen op Zoom","GM0748",2021-01-23,182,179,176,175,165,124,124,2020-12-01,58,3,6,17,-45.4545454545455,"&#x2798;",67501,4.44437860179849,8.88875720359698,25.1848120768581
"Best","GM0753",2021-01-23,100,100,98,98,90,51,51,2020-12-01,49,0,2,10,-75,"&#x2798;",30196,0,6.62339382699695,33.1169691349848
"Boekel","GM0755",2021-01-23,41,40,40,40,38,35,35,2020-12-01,6,1,1,3,-50,"&#x2798;",10922,9.1558322651529,9.1558322651529,27.4674967954587
"Boxmeer","GM0756",2021-01-23,90,90,89,89,81,56,56,2020-12-01,34,0,1,9,-87.5,"&#x2798;",29592,0,3.37929170045958,30.4136253041363
"Boxtel","GM0757",2021-01-23,91,91,89,89,85,52,52,2020-12-01,39,0,2,6,-50,"&#x2798;",32675,0,6.12088752869166,18.362662586075
"Breda","GM0758",2021-01-23,460,457,454,451,444,365,365,2020-12-01,95,3,6,16,-40,"&#x2798;",184151,1.62909785990844,3.25819571981689,8.6885219195117
"Deurne","GM0762",2021-01-23,122,121,118,118,113,93,93,2020-12-01,29,1,4,9,-20,"&#x2798;",32482,3.07862816329044,12.3145126531617,27.7076534696139
"Pekela","GM0765",2021-01-23,26,26,25,25,20,9,9,2020-12-01,17,0,1,6,-80,"&#x2798;",12163,0,8.22165584148648,49.3299350489189
"Dongen","GM0766",2021-01-23,104,104,101,100,96,65,65,2020-12-01,39,0,3,8,-40,"&#x2798;",26358,0,11.3817436831323,30.3513164883527
"Eersel","GM0770",2021-01-23,84,84,84,84,83,73,73,2020-12-01,11,0,0,1,-100,"&#x2798;",19494,0,0,5.12978352313532
"Eindhoven","GM0772",2021-01-23,660,660,643,638,613,457,457,2020-12-01,203,0,17,47,-43.3333333333333,"&#x2798;",235728,0,7.21170162220865,19.9382338966945
"Etten-Leur","GM0777",2021-01-23,118,118,116,116,116,100,100,2020-12-01,18,0,2,2,200,"&#x279A;",43881,0,4.55778127207675,4.55778127207675
"Geertruidenberg","GM0779",2021-01-23,53,52,49,49,45,32,32,2020-12-01,21,1,4,8,0,"-",21792,4.58883994126285,18.3553597650514,36.7107195301028
"Gilze en Rijen","GM0784",2021-01-23,61,61,61,61,59,44,44,2020-12-01,17,0,0,2,-100,"&#x2798;",26806,0,0,7.46101619040513
"Goirle","GM0785",2021-01-23,86,85,83,83,82,65,65,2020-12-01,21,1,3,4,200,"&#x279A;",23939,4.17728392998872,12.5318517899662,16.7091357199549
"Grave","GM0786",2021-01-23,55,55,54,54,54,46,46,2020-12-01,9,0,1,1,100,"&#x279A;",12429,0,8.04569957357792,8.04569957357792
"Helmond","GM0794",2021-01-23,321,318,309,308,296,245,245,2020-12-01,76,3,12,25,-7.69230769230769,"&#x2798;",92614,3.23925108514911,12.9570043405965,26.9937590429093
"'s-Hertogenbosch","GM0796",2021-01-23,386,386,378,378,373,285,285,2020-12-01,101,0,8,13,60,"&#x279A;",155491,0,5.14499231466773,8.36061251133506
"Heusden","GM0797",2021-01-23,140,140,136,136,133,103,103,2020-12-01,37,0,4,7,33.3333333333333,"&#x279A;",45008,0,8.88730892285816,15.5527906150018
"Hilvarenbeek","GM0798",2021-01-23,38,38,38,38,38,33,33,2020-12-01,5,0,0,0,0,"-",15683,0,0,0
"Loon op Zand","GM0809",2021-01-23,99,98,94,94,91,72,72,2020-12-01,27,1,5,8,66.6666666666667,"&#x279A;",23497,4.2558624505256,21.279312252628,34.0468996042048
"Mill en Sint Hubert","GM0815",2021-01-23,31,31,30,30,27,23,23,2020-12-01,8,0,1,4,-66.6666666666667,"&#x2798;",11003,0,9.08843042806507,36.3537217122603
"Nuenen, Gerwen en Nederwetten","GM0820",2021-01-23,56,56,55,54,49,40,40,2020-12-01,16,0,1,7,-83.3333333333333,"&#x2798;",23657,0,4.22707866593397,29.5895506615378
"Oirschot","GM0823",2021-01-23,53,53,53,53,53,39,39,2020-12-01,14,0,0,0,0,"-",18838,0,0,0
"Oisterwijk","GM0824",2021-01-23,71,71,70,70,70,51,51,2020-12-01,20,0,1,1,100,"&#x279A;",30700,0,3.25732899022801,3.25732899022801
"Oosterhout","GM0826",2021-01-23,159,159,157,157,156,113,113,2020-12-01,46,0,2,3,100,"&#x279A;",56184,0,3.55973230813043,5.33959846219564
"Oss","GM0828",2021-01-23,309,307,304,302,299,280,280,2020-12-01,29,2,5,10,0,"-",92442,2.16351874688994,5.40879686722485,10.8175937344497
"Rucphen","GM0840",2021-01-23,77,77,74,74,69,49,49,2020-12-01,28,0,3,8,-40,"&#x2798;",23089,0,12.9932002252155,34.6485339339079
"Sint-Michielsgestel","GM0845",2021-01-23,83,83,82,82,81,64,64,2020-12-01,19,0,1,2,0,"-",29510,0,3.38868180277872,6.77736360555744
"Someren","GM0847",2021-01-23,56,56,54,53,51,36,36,2020-12-01,20,0,2,5,-33.3333333333333,"&#x2798;",19395,0,10.3119360659964,25.779840164991
"Son en Breugel","GM0848",2021-01-23,52,52,52,52,51,44,44,2020-12-01,8,0,0,1,-100,"&#x2798;",17526,0,0,5.7058085130663
"Steenbergen","GM0851",2021-01-23,71,71,71,71,69,54,54,2020-12-01,17,0,0,2,-100,"&#x2798;",24315,0,0,8.22537528274728
"Waterland","GM0852",2021-01-23,49,49,47,46,42,34,34,2020-12-01,15,0,2,7,-60,"&#x2798;",17325,0,11.5440115440115,40.4040404040404
"Tilburg","GM0855",2021-01-23,787,786,775,773,765,615,615,2020-12-01,172,1,12,22,20,"&#x279A;",221358,0.451756882516105,5.42108259019326,9.93865141535431
"Uden","GM0856",2021-01-23,152,152,149,149,147,136,136,2020-12-01,16,0,3,5,50,"&#x279A;",42244,0,7.10160022725121,11.836000378752
"Valkenswaard","GM0858",2021-01-23,78,78,78,77,71,54,54,2020-12-01,24,0,0,7,-100,"&#x2798;",31253,0,0,22.3978498064186
"Veldhoven","GM0861",2021-01-23,144,144,141,141,138,99,99,2020-12-01,45,0,3,6,0,"-",45562,0,6.58443439708529,13.1688687941706
"Vught","GM0865",2021-01-23,95,95,95,95,95,69,69,2020-12-01,26,0,0,0,0,"-",30756,0,0,0
"Waalre","GM0866",2021-01-23,41,41,40,40,36,28,28,2020-12-01,13,0,1,5,-75,"&#x2798;",17519,0,5.70808836120783,28.5404418060392
"Waalwijk","GM0867",2021-01-23,179,179,177,177,176,136,136,2020-12-01,43,0,2,3,100,"&#x279A;",48826,0,4.09617826567812,6.14426739851718
"Woensdrecht","GM0873",2021-01-23,50,49,47,46,43,36,36,2020-12-01,14,1,3,7,-25,"&#x2798;",22002,4.54504135987638,13.6351240796291,31.8152895191346
"Zundert","GM0879",2021-01-23,60,60,58,57,57,47,47,2020-12-01,13,0,2,3,100,"&#x279A;",21995,0,9.09297567629007,13.6394635144351
"Wormerland","GM0880",2021-01-23,44,44,43,43,43,37,37,2020-12-01,7,0,1,1,100,"&#x279A;",16295,0,6.13685179502915,6.13685179502915
"Landgraaf","GM0882",2021-01-23,111,111,109,108,104,77,77,2020-12-01,34,0,2,7,-60,"&#x2798;",37325,0,5.35833891493637,18.7541862022773
"Beek","GM0888",2021-01-23,33,33,33,33,33,23,23,2020-12-01,10,0,0,0,0,"-",15872,0,0,0
"Beesel","GM0889",2021-01-23,11,11,11,11,11,9,9,2020-12-01,2,0,0,0,0,"-",13464,0,0,0
"Bergen (L.)","GM0893",2021-01-23,28,28,27,26,22,13,13,2020-12-01,15,0,1,6,-80,"&#x2798;",13111,0,7.62718328121425,45.7630996872855
"Brunssum","GM0899",2021-01-23,87,86,82,82,81,60,60,2020-12-01,27,1,5,6,400,"&#x279A;",27655,3.61598264328331,18.0799132164166,21.6958958596999
"Gennep","GM0907",2021-01-23,44,44,43,43,42,27,27,2020-12-01,17,0,1,2,0,"-",17019,0,5.8757858863623,11.7515717727246
"Heerlen","GM0917",2021-01-23,222,222,220,220,217,170,170,2020-12-01,52,0,2,5,-33.3333333333333,"&#x2798;",86829,0,2.30337790369577,5.75844475923943
"Kerkrade","GM0928",2021-01-23,127,126,125,125,120,98,98,2020-12-01,29,1,2,7,-60,"&#x2798;",45499,2.19785050220884,4.39570100441768,15.3849535154619
"Maastricht","GM0935",2021-01-23,359,359,349,348,338,241,241,2020-12-01,118,0,10,21,-9.09090909090909,"&#x2798;",120379,0,8.30709675275588,17.4449031807873
"Meerssen","GM0938",2021-01-23,42,42,41,41,39,29,29,2020-12-01,13,0,1,3,-50,"&#x2798;",18710,0,5.34473543559594,16.0342063067878
"Mook en Middelaar","GM0944",2021-01-23,22,22,22,22,21,18,18,2020-12-01,4,0,0,1,-100,"&#x2798;",7901,0,0,12.6566257435768
"Nederweert","GM0946",2021-01-23,47,47,42,42,38,29,29,2020-12-01,18,0,5,9,25,"&#x279A;",17171,0,29.1188631995807,52.4139537592452
"Roermond","GM0957",2021-01-23,159,157,154,153,152,121,121,2020-12-01,38,2,5,7,150,"&#x279A;",58784,3.40228633641807,8.50571584104518,11.9080021774633
"Simpelveld","GM0965",2021-01-23,29,29,29,29,27,24,24,2020-12-01,5,0,0,2,-100,"&#x2798;",10495,0,0,19.0566936636494
"Stein","GM0971",2021-01-23,74,74,74,74,73,61,61,2020-12-01,13,0,0,1,-100,"&#x2798;",24876,0,0,4.01993889692877
"Vaals","GM0981",2021-01-23,23,23,23,22,21,14,14,2020-12-01,9,0,0,2,-100,"&#x2798;",10113,0,0,19.776525264511
"Venlo","GM0983",2021-01-23,30,30,30,30,30,20,20,2020-12-01,10,0,0,0,0,"-",101967,0,0,0
"Venray","GM0984",2021-01-23,40,40,40,40,40,29,29,2020-12-01,11,0,0,0,0,"-",43704,0,0,0
"Voerendaal","GM0986",2021-01-23,28,28,28,28,26,22,22,2020-12-01,6,0,0,2,-100,"&#x2798;",12478,0,0,16.0282096489822
"Weert","GM0988",2021-01-23,141,139,133,132,128,75,75,2020-12-01,66,2,8,13,60,"&#x279A;",50008,3.99936010238362,15.9974404095345,25.9958406654935
"Valkenburg aan de Geul","GM0994",2021-01-23,31,31,29,29,28,20,20,2020-12-01,11,0,2,3,100,"&#x279A;",16399,0,12.1958656015611,18.2937984023416
"Lelystad","GM0995",2021-01-23,206,206,202,202,200,147,147,2020-12-01,59,0,4,6,100,"&#x279A;",79703,0,5.01863167007515,7.52794750511273
"Horst aan de Maas","GM1507",2021-01-23,15,15,14,13,13,10,10,2020-12-01,5,0,1,2,0,"-",42464,0,2.35493594574228,4.70987189148455
"Oude IJsselstreek","GM1509",2021-01-23,70,70,65,64,62,47,47,2020-12-01,23,0,5,8,66.6666666666667,"&#x279A;",39348,0,12.7071261563485,20.3314018501576
"Teylingen","GM1525",2021-01-23,65,65,65,64,60,42,42,2020-12-01,23,0,0,5,-100,"&#x2798;",37761,0,0,13.2411747570244
"Utrechtse Heuvelrug","GM1581",2021-01-23,82,82,79,79,78,53,53,2020-12-01,29,0,3,4,200,"&#x279A;",49962,0,6.00456346823586,8.00608462431448
"Oost Gelre","GM1586",2021-01-23,65,65,65,64,64,53,53,2020-12-01,12,0,0,1,-100,"&#x2798;",29574,0,0,3.38134848177453
"Koggenland","GM1598",2021-01-23,29,29,29,28,28,19,19,2020-12-01,10,0,0,1,-100,"&#x2798;",22932,0,0,4.36071864643293
"Lansingerland","GM1621",2021-01-23,127,127,127,127,124,102,102,2020-12-01,25,0,0,3,-100,"&#x2798;",63295,0,0,4.73971087763646
"Leudal","GM1640",2021-01-23,92,91,89,89,84,66,66,2020-12-01,26,1,3,8,-40,"&#x2798;",36027,2.77569600577345,8.32708801732034,22.2055680461876
"Maasgouw","GM1641",2021-01-23,65,63,60,60,57,42,42,2020-12-01,23,2,5,8,66.6666666666667,"&#x279A;",23976,8.34167500834168,20.8541875208542,33.3667000333667
"Gemert-Bakel","GM1652",2021-01-23,115,115,115,115,112,97,97,2020-12-01,18,0,0,3,-100,"&#x2798;",30751,0,0,9.75578029982765
"Halderberge","GM1655",2021-01-23,90,88,86,86,82,69,69,2020-12-01,21,2,4,8,0,"-",30461,6.56577262729392,13.1315452545878,26.2630905091757
"Heeze-Leende","GM1658",2021-01-23,41,41,39,39,39,29,29,2020-12-01,12,0,2,2,200,"&#x279A;",16222,0,12.3289360128221,12.3289360128221
"Laarbeek","GM1659",2021-01-23,84,81,79,79,77,64,64,2020-12-01,20,3,5,7,150,"&#x279A;",22787,13.1654013253171,21.9423355421951,30.7192697590732
"Reusel-De Mierden","GM1667",2021-01-23,42,42,41,40,40,35,35,2020-12-01,7,0,1,2,0,"-",13123,0,7.62020879372095,15.2404175874419
"Roerdalen","GM1669",2021-01-23,49,49,48,48,46,40,40,2020-12-01,9,0,1,3,-50,"&#x2798;",20612,0,4.85154279060741,14.5546283718222
"Roosendaal","GM1674",2021-01-23,207,206,201,200,189,151,151,2020-12-01,56,1,6,18,-50,"&#x2798;",77256,1.29439784612198,7.7663870767319,23.2991612301957
"Schouwen-Duiveland","GM1676",2021-01-23,35,35,34,34,34,23,23,2020-12-01,12,0,1,1,100,"&#x279A;",33990,0,2.94204177699323,2.94204177699323
"Aa en Hunze","GM1680",2021-01-23,12,12,10,9,9,5,5,2020-12-01,7,0,2,3,100,"&#x279A;",25366,0,7.88456989671213,11.8268548450682
"Borger-Odoorn","GM1681",2021-01-23,31,31,31,31,30,13,13,2020-12-01,18,0,0,1,-100,"&#x2798;",25587,0,0,3.90823465040841
"Cuijk","GM1684",2021-01-23,52,52,52,51,50,37,37,2020-12-01,15,0,0,2,-100,"&#x2798;",25373,0,0,7.8823946715012
"Landerd","GM1685",2021-01-23,54,54,54,54,52,48,48,2020-12-01,6,0,0,2,-100,"&#x2798;",15838,0,0,12.6278570526582
"De Wolden","GM1690",2021-01-23,33,33,32,32,30,21,21,2020-12-01,12,0,1,3,-50,"&#x2798;",24374,0,4.10273241979158,12.3081972593747
"Noord-Beveland","GM1695",2021-01-23,5,5,4,4,4,4,4,2020-12-01,1,0,1,1,100,"&#x279A;",7570,0,13.2100396301189,13.2100396301189
"Wijdemeren","GM1696",2021-01-23,19,19,19,19,17,12,12,2020-12-01,7,0,0,2,-100,"&#x2798;",24440,0,0,8.18330605564648
"Noordenveld","GM1699",2021-01-23,16,15,15,15,15,8,8,2020-12-01,8,1,1,1,100,"&#x279A;",31216,3.20348539210661,3.20348539210661,3.20348539210661
"Twenterand","GM1700",2021-01-23,123,119,117,116,110,55,55,2020-12-01,68,4,6,13,-14.2857142857143,"&#x2798;",33696,11.8708452041785,17.8062678062678,38.5802469135802
"Westerveld","GM1701",2021-01-23,15,15,14,14,14,8,8,2020-12-01,7,0,1,1,100,"&#x279A;",19638,0,5.09216824523882,5.09216824523882
"Sint Anthonis","GM1702",2021-01-23,26,26,26,26,26,22,22,2020-12-01,4,0,0,0,0,"-",11687,0,0,0
"Lingewaard","GM1705",2021-01-23,73,73,73,73,68,37,37,2020-12-01,36,0,0,5,-100,"&#x2798;",46781,0,0,10.6880998696052
"Cranendonck","GM1706",2021-01-23,73,72,70,70,69,57,57,2020-12-01,16,1,3,4,200,"&#x279A;",21007,4.76031798924168,14.280953967725,19.0412719569667
"Steenwijkerland","GM1708",2021-01-23,43,43,42,42,39,16,16,2020-12-01,27,0,1,4,-66.6666666666667,"&#x2798;",44301,0,2.25728538859168,9.02914155436672
"Moerdijk","GM1709",2021-01-23,85,85,84,84,81,57,57,2020-12-01,28,0,1,4,-66.6666666666667,"&#x2798;",37193,0,2.68867797703869,10.7547119081548
"Echt-Susteren","GM1711",2021-01-23,81,80,78,78,74,59,59,2020-12-01,22,1,3,7,-25,"&#x2798;",31751,3.14950710213852,9.44852130641555,22.0465497149696
"Sluis","GM1714",2021-01-23,41,41,41,41,40,22,22,2020-12-01,19,0,0,1,-100,"&#x2798;",23143,0,0,4.32096098172233
"Drimmelen","GM1719",2021-01-23,69,69,66,66,63,43,43,2020-12-01,26,0,3,6,0,"-",27334,0,10.9753420648277,21.9506841296554
"Bernheze","GM1721",2021-01-23,125,125,125,124,122,116,116,2020-12-01,9,0,0,3,-100,"&#x2798;",31398,0,0,9.55474871010892
"Alphen-Chaam","GM1723",2021-01-23,40,40,40,40,40,38,38,2020-12-01,2,0,0,0,0,"-",10362,0,0,0
"Bergeijk","GM1724",2021-01-23,64,63,62,62,62,52,52,2020-12-01,12,1,2,2,200,"&#x279A;",18745,5.33475593491598,10.669511869832,10.669511869832
"Bladel","GM1728",2021-01-23,69,68,65,65,62,52,52,2020-12-01,17,1,4,7,33.3333333333333,"&#x279A;",20552,4.86570650058388,19.4628260023355,34.0599455040872
"Gulpen-Wittem","GM1729",2021-01-23,37,37,36,36,34,28,28,2020-12-01,9,0,1,3,-50,"&#x2798;",14184,0,7.05019740552736,21.1505922165821
"Tynaarlo","GM1730",2021-01-23,25,24,19,19,19,11,11,2020-12-01,14,1,6,6,600,"&#x279A;",33927,2.94750493707077,17.6850296224246,17.6850296224246
"Midden-Drenthe","GM1731",2021-01-23,37,37,34,34,30,14,14,2020-12-01,23,0,3,7,-25,"&#x2798;",33357,0,8.99361453368109,20.9851005785892
"Overbetuwe","GM1734",2021-01-23,68,68,67,67,64,51,51,2020-12-01,17,0,1,4,-66.6666666666667,"&#x2798;",48147,0,2.07697260473134,8.30789041892537
"Hof van Twente","GM1735",2021-01-23,85,85,82,82,78,58,58,2020-12-01,27,0,3,7,-25,"&#x2798;",35037,0,8.56237691583184,19.9788794702743
"Neder-Betuwe","GM1740",2021-01-23,89,89,88,88,85,64,64,2020-12-01,25,0,1,4,-66.6666666666667,"&#x2798;",24634,0,4.05943005602013,16.2377202240805
"Rijssen-Holten","GM1742",2021-01-23,105,103,96,96,93,60,60,2020-12-01,45,2,9,12,200,"&#x279A;",38182,5.23807029490336,23.5713163270651,31.4284217694201
"Geldrop-Mierlo","GM1771",2021-01-23,133,130,124,123,119,85,85,2020-12-01,48,3,9,14,80,"&#x279A;",40097,7.48185649799237,22.4455694939771,34.9153303239644
"Olst-Wijhe","GM1773",2021-01-23,17,17,17,17,17,12,12,2020-12-01,5,0,0,0,0,"-",18348,0,0,0
"Dinkelland","GM1774",2021-01-23,69,69,67,66,63,48,48,2020-12-01,21,0,2,6,-50,"&#x2798;",26616,0,7.51427712654043,22.5428313796213
"Westland","GM1783",2021-01-23,272,270,265,265,253,177,177,2020-12-01,95,2,7,19,-41.6666666666667,"&#x2798;",111342,1.79626735643333,6.28693574751666,17.0645398861166
"Midden-Delfland","GM1842",2021-01-23,45,45,45,45,44,28,28,2020-12-01,17,0,0,1,-100,"&#x2798;",19378,0,0,5.16049127876974
"Berkelland","GM1859",2021-01-23,81,80,78,78,74,62,62,2020-12-01,19,1,3,7,-25,"&#x2798;",43821,2.28201090801214,6.84603272403642,15.974076356085
"Bronckhorst","GM1876",2021-01-23,67,67,65,65,64,47,47,2020-12-01,20,0,2,3,100,"&#x279A;",36103,0,5.53970584161981,8.30955876242971
"Sittard-Geleen","GM1883",2021-01-23,220,219,217,214,210,167,167,2020-12-01,53,1,3,10,-57.1428571428571,"&#x2798;",91781,1.08955012475349,3.26865037426047,10.8955012475349
"Kaag en Braassem","GM1884",2021-01-23,47,47,47,47,45,26,26,2020-12-01,21,0,0,2,-100,"&#x2798;",27547,0,0,7.26031872799216
"Dantumadiel","GM1891",2021-01-23,18,18,17,17,12,3,3,2020-12-01,15,0,1,6,-80,"&#x2798;",18927,0,5.28345749458446,31.7007449675067
"Zuidplas","GM1892",2021-01-23,119,118,107,104,89,67,67,2020-12-01,52,1,12,30,-33.3333333333333,"&#x2798;",45015,2.22148172831278,26.6577807397534,66.6444518493835
"Peel en Maas","GM1894",2021-01-23,39,39,38,38,37,34,34,2020-12-01,5,0,1,2,0,"-",43695,0,2.28859137201053,4.57718274402106
"Oldambt","GM1895",2021-01-23,67,67,61,60,49,21,21,2020-12-01,46,0,6,18,-50,"&#x2798;",38281,0,15.6735717457747,47.020715237324
"Zwartewaterland","GM1896",2021-01-23,29,29,29,29,27,18,18,2020-12-01,11,0,0,2,-100,"&#x2798;",22797,0,0,8.77308417774269
"Súdwest-Fryslân","GM1900",2021-01-23,85,85,84,84,77,46,46,2020-12-01,39,0,1,8,-85.7142857142857,"&#x2798;",89930,0,1.1119759813188,8.89580785055043
"Bodegraven-Reeuwijk","GM1901",2021-01-23,79,79,76,75,73,52,52,2020-12-01,27,0,3,6,0,"-",35288,0,8.50147358875538,17.0029471775108
"Eijsden-Margraten","GM1903",2021-01-23,81,81,80,80,76,64,64,2020-12-01,17,0,1,5,-75,"&#x2798;",25903,0,3.86055669227503,19.3027834613751
"Stichtse Vecht","GM1904",2021-01-23,148,148,147,147,143,106,106,2020-12-01,42,0,1,5,-75,"&#x2798;",65142,0,1.53510791808664,7.67553959043321
"Hollands Kroon","GM1911",2021-01-23,80,78,75,75,73,40,40,2020-12-01,40,2,5,7,150,"&#x279A;",48532,4.12099233495426,10.3024808373856,14.4234731723399
"Leidschendam-Voorburg","GM1916",2021-01-23,153,151,146,144,141,105,105,2020-12-01,48,2,7,12,40,"&#x279A;",76451,2.61605472786491,9.15619154752718,15.6963283671894
"Goeree-Overflakkee","GM1924",2021-01-23,158,157,150,150,142,108,108,2020-12-01,50,1,8,16,0,"-",50567,1.9775743073546,15.8205944588368,31.6411889176736
"Pijnacker-Nootdorp","GM1926",2021-01-23,84,84,84,84,79,70,70,2020-12-01,14,0,0,5,-100,"&#x2798;",55592,0,0,8.99409987048496
"Nissewaard","GM1930",2021-01-23,247,246,237,234,229,172,172,2020-12-01,75,1,10,18,25,"&#x279A;",85302,1.17230545590959,11.7230545590959,21.1014982063727
"Krimpenerwaard","GM1931",2021-01-23,161,161,152,152,149,115,115,2020-12-01,46,0,9,12,200,"&#x279A;",56559,0,15.9125868562033,21.2167824749377
"De Fryske Marren","GM1940",2021-01-23,52,52,51,50,49,33,33,2020-12-01,19,0,1,3,-50,"&#x2798;",51735,0,1.93292741857543,5.7987822557263
"Gooise Meren","GM1942",2021-01-23,49,49,47,47,41,24,24,2020-12-01,25,0,2,8,-66.6666666666667,"&#x2798;",58466,0,3.42079157116957,13.6831662846783
"Berg en Dal","GM1945",2021-01-23,99,99,99,99,97,79,79,2020-12-01,20,0,0,2,-100,"&#x2798;",35015,0,0,5.71183778380694
"Meierijstad","GM1948",2021-01-23,336,335,335,335,326,299,299,2020-12-01,37,1,1,10,-88.8888888888889,"&#x2798;",81653,1.22469474483485,1.22469474483485,12.2469474483485
"Waadhoeke","GM1949",2021-01-23,35,35,34,34,34,14,14,2020-12-01,21,0,1,1,100,"&#x279A;",46082,0,2.17004470292088,2.17004470292088
"Westerwolde","GM1950",2021-01-23,38,37,35,35,30,19,19,2020-12-01,19,1,3,8,-40,"&#x2798;",26284,3.80459595190991,11.4137878557297,30.4367676152793
"Midden-Groningen","GM1952",2021-01-23,87,87,84,84,75,42,42,2020-12-01,45,0,3,12,-66.6666666666667,"&#x2798;",60745,0,4.93867808050045,19.7547123220018
"Beekdaelen","GM1954",2021-01-23,92,92,91,91,90,68,68,2020-12-01,24,0,1,2,0,"-",36073,0,2.77215646051063,5.54431292102126
"Montferland","GM1955",2021-01-23,60,60,57,57,54,42,42,2020-12-01,18,0,3,6,0,"-",36062,0,8.31900615606456,16.6380123121291
"Altena","GM1959",2021-01-23,162,162,161,161,156,99,99,2020-12-01,63,0,1,6,-80,"&#x2798;",56308,0,1.77594657952689,10.6556794771613
"West Betuwe","GM1960",2021-01-23,152,152,150,149,147,114,114,2020-12-01,38,0,2,5,-33.3333333333333,"&#x2798;",51489,0,3.88432480724038,9.71081201810095
"Vijfheerenlanden","GM1961",2021-01-23,125,125,122,122,117,90,90,2020-12-01,35,0,3,8,-40,"&#x2798;",57786,0,5.1915688921192,13.8441837123179
"Hoeksche Waard","GM1963",2021-01-23,204,204,199,199,192,150,150,2020-12-01,54,0,5,12,-28.5714285714286,"&#x2798;",87963,0,5.684208132965,13.642099519116
"Het Hogeland","GM1966",2021-01-23,32,31,30,30,27,13,13,2020-12-01,19,1,2,5,-33.3333333333333,"&#x2798;",47859,2.08947115485071,4.17894230970141,10.4473557742535
"Westerkwartier","GM1969",2021-01-23,69,68,67,67,63,39,39,2020-12-01,30,1,2,6,-50,"&#x2798;",63603,1.5722528811534,3.14450576230681,9.43351728692043
"Noardeast-Fryslân","GM1970",2021-01-23,56,56,48,48,39,14,14,2020-12-01,42,0,8,17,-11.1111111111111,"&#x2798;",45479,0,17.5905362914752,37.3798896193848
"Molenlanden","GM1978",2021-01-23,86,85,84,84,83,60,60,2020-12-01,26,1,2,3,100,"&#x279A;",44105,2.26731663076749,4.53463326153497,6.80194989230246
"Eemsdelta","GM1979",2021-01-23,75,75,72,72,67,25,25,2020-12-01,50,0,3,8,-40,"&#x2798;",45606,0,6.57808183133798,17.5415515502346
