"municipality","Municipality_code","date","d0","d1","d7","d8","d14","lowest_since_sep1","lowest_since_sep1_date","current","increase_1d","increase_7d","increase_14d","increase_growth","growth","population","rel_increase_1d","rel_increase_7d","rel_increase_14d"
"Netherlands","",2020-10-20,14029,13936,13470,13359,13020,11937,2020-08-01,2092,93,559,1009,24.2222222222222,"&#11014;",17443797,0.533140806442542,3.20457753549872,5.78429111505941
"Unknown","",2020-10-20,82,82,81,80,77,62,2020-08-02,20,0,1,5,-75,"&#11015;",NA,NA,NA,NA
"Appingedam","GM0003",2020-10-20,7,7,5,5,4,3,2020-08-01,4,0,2,3,100,"&#11014;",11523,0,17.3565911654951,26.0348867482426
"Delfzijl","GM0010",2020-10-20,7,7,7,6,6,6,2020-08-01,1,0,0,1,-100,"&#11015;",24609,0,0,4.06355398431468
"Groningen","GM0014",2020-10-20,26,26,24,24,19,18,2020-08-01,8,0,2,7,-60,"&#11015;",231112,0,0.86538128699505,3.02883450448267
"Loppersum","GM0024",2020-10-20,0,0,0,0,0,0,2020-08-01,0,0,0,0,0,"-",9477,0,0,0
"Almere","GM0034",2020-10-20,159,159,147,146,141,126,2020-08-01,33,0,12,18,100,"&#11014;",213660,0,5.616399887672,8.424599831508
"Stadskanaal","GM0037",2020-10-20,3,3,2,2,2,2,2020-08-01,1,0,1,1,100,"&#11014;",31581,0,3.16646084671163,3.16646084671163
"Veendam","GM0047",2020-10-20,2,2,2,2,2,2,2020-08-01,0,0,0,0,0,"-",27430,0,0,0
"Zeewolde","GM0050",2020-10-20,13,13,12,12,12,12,2020-08-01,1,0,1,1,100,"&#11014;",22680,0,4.40917107583774,4.40917107583774
"Achtkarspelen","GM0059",2020-10-20,0,0,0,0,0,0,2020-08-01,0,0,0,0,0,"-",27873,0,0,0
"Ameland","GM0060",2020-10-20,0,0,0,0,0,0,2020-08-01,0,0,0,0,0,"-",3752,0,0,0
"Harlingen","GM0072",2020-10-20,4,4,4,4,4,4,2020-08-01,0,0,0,0,0,"-",15793,0,0,0
"Heerenveen","GM0074",2020-10-20,16,16,15,15,14,13,2020-08-01,3,0,1,2,0,"-",50456,0,1.98192484540986,3.96384969081972
"Leeuwarden","GM0080",2020-10-20,44,44,42,42,39,33,2020-08-01,11,0,2,5,-33.3333333333333,"&#11015;",123625,0,1.61779575328615,4.04448938321537
"Ooststellingwerf","GM0085",2020-10-20,5,5,3,3,3,3,2020-08-01,2,0,2,2,200,"&#11014;&#11014;",25366,0,7.88456989671213,7.88456989671213
"Opsterland","GM0086",2020-10-20,8,8,8,8,7,7,2020-08-01,1,0,0,1,-100,"&#11015;",29743,0,0,3.36213562855126
"Schiermonnikoog","GM0088",2020-10-20,1,1,0,0,0,0,2020-08-01,1,0,1,1,100,"&#11014;",953,0,104.931794333683,104.931794333683
"Smallingerland","GM0090",2020-10-20,12,12,9,9,9,9,2020-08-01,3,0,3,3,300,"&#11014;&#11014;",56181,0,5.33988359053773,5.33988359053773
"Terschelling","GM0093",2020-10-20,1,1,0,0,0,0,2020-08-01,1,0,1,1,100,"&#11014;",4807,0,20.8029956313709,20.8029956313709
"Vlieland","GM0096",2020-10-20,0,0,0,0,0,0,2020-08-01,0,0,0,0,0,"-",1190,0,0,0
"Weststellingwerf","GM0098",2020-10-20,3,3,3,3,3,3,2020-08-01,0,0,0,0,0,"-",26018,0,0,0
"Assen","GM0106",2020-10-20,13,13,12,12,12,12,2020-08-01,1,0,1,1,100,"&#11014;",68798,0,1.45353062589029,1.45353062589029
"Coevorden","GM0109",2020-10-20,14,14,14,14,13,13,2020-08-01,1,0,0,1,-100,"&#11015;",35303,0,0,2.83262045718494
"Emmen","GM0114",2020-10-20,43,42,35,35,24,20,2020-08-01,23,1,8,19,-27.2727272727273,"&#11015;",107078,0.933898653318142,7.47118922654514,17.7440744130447
"Hoogeveen","GM0118",2020-10-20,26,26,26,24,21,19,2020-08-01,7,0,0,5,-100,"&#11015;",55566,0,0,8.99830831803621
"Meppel","GM0119",2020-10-20,11,11,11,11,11,11,2020-08-01,0,0,0,0,0,"-",34125,0,0,0
"Almelo","GM0141",2020-10-20,31,31,31,30,27,22,2020-08-26,9,0,0,4,-100,"&#11015;",73175,0,0,5.46634779637855
"Borne","GM0147",2020-10-20,15,15,15,15,14,14,2020-08-01,1,0,0,1,-100,"&#11015;",23489,0,0,4.25731193324535
"Dalfsen","GM0148",2020-10-20,17,17,17,16,16,16,2020-08-01,1,0,0,1,-100,"&#11015;",28837,0,0,3.46776710476124
"Deventer","GM0150",2020-10-20,50,50,50,49,49,47,2020-08-01,3,0,0,1,-100,"&#11015;",100913,0,0,0.990952602737011
"Enschede","GM0153",2020-10-20,64,64,60,60,59,54,2020-08-01,10,0,4,5,300,"&#11014;&#11014;",158918,0,2.51702135692621,3.14627669615777
"Haaksbergen","GM0158",2020-10-20,16,16,16,15,15,14,2020-08-01,2,0,0,1,-100,"&#11015;",24275,0,0,4.11946446961895
"Hardenberg","GM0160",2020-10-20,23,23,23,23,23,23,2020-08-01,0,0,0,0,0,"-",61194,0,0,0
"Hellendoorn","GM0163",2020-10-20,13,13,11,9,8,8,2020-08-01,5,0,2,5,-33.3333333333333,"&#11015;",35959,0,5.56188993019828,13.9047248254957
"Hengelo","GM0164",2020-10-20,37,37,34,34,29,21,2020-08-01,16,0,3,8,-40,"&#11015;",81047,0,3.70155588732464,9.87081569953237
"Kampen","GM0166",2020-10-20,60,60,60,60,60,59,2020-08-01,1,0,0,0,0,"-",54409,0,0,0
"Losser","GM0168",2020-10-20,11,11,11,11,11,7,2020-08-01,4,0,0,0,0,"-",22780,0,0,0
"Noordoostpolder","GM0171",2020-10-20,18,17,17,17,17,14,2020-08-01,4,1,1,1,100,"&#11014;",47618,2.10004620101642,2.10004620101642,2.10004620101642
"Oldenzaal","GM0173",2020-10-20,18,18,15,15,15,13,2020-08-01,5,0,3,3,300,"&#11014;&#11014;",31792,0,9.43633618520382,9.43633618520382
"Ommen","GM0175",2020-10-20,9,9,9,9,9,9,2020-08-01,0,0,0,0,0,"-",18179,0,0,0
"Raalte","GM0177",2020-10-20,25,25,25,24,24,24,2020-08-01,1,0,0,1,-100,"&#11015;",37782,0,0,2.64676300884019
"Staphorst","GM0180",2020-10-20,8,8,8,8,8,8,2020-08-01,0,0,0,0,0,"-",17217,0,0,0
"Tubbergen","GM0183",2020-10-20,12,12,12,12,12,12,2020-08-01,0,0,0,0,0,"-",21271,0,0,0
"Urk","GM0184",2020-10-20,23,23,23,23,23,23,2020-08-01,0,0,0,0,0,"-",21135,0,0,0
"Wierden","GM0189",2020-10-20,7,7,7,7,7,5,2020-08-01,2,0,0,0,0,"-",24474,0,0,0
"Zwolle","GM0193",2020-10-20,54,54,53,53,53,53,2020-08-01,1,0,1,1,100,"&#11014;",129213,0,0.773915937250896,0.773915937250896
"Aalten","GM0197",2020-10-20,13,13,11,11,9,9,2020-08-01,4,0,2,4,0,"-",27116,0,7.37571913261543,14.7514382652309
"Apeldoorn","GM0200",2020-10-20,109,109,106,106,103,97,2020-08-01,12,0,3,6,0,"-",164140,0,1.82770805410016,3.65541610820032
"Arnhem","GM0202",2020-10-20,81,81,77,76,74,67,2020-08-01,14,0,4,7,33.3333333333333,"&#11014;",161961,0,2.46973036718716,4.32202814257753
"Barneveld","GM0203",2020-10-20,23,23,21,20,19,18,2020-08-01,5,0,2,4,0,"-",59676,0,3.35143106106307,6.70286212212615
"Beuningen","GM0209",2020-10-20,20,20,20,20,19,19,2020-08-01,1,0,0,1,-100,"&#11015;",26054,0,0,3.83818223689261
"Brummen","GM0213",2020-10-20,18,18,18,18,18,18,2020-08-01,0,0,0,0,0,"-",20838,0,0,0
"Buren","GM0214",2020-10-20,23,23,20,19,19,17,2020-08-01,6,0,3,4,200,"&#11014;&#11014;",27021,0,11.102475852115,14.8033011361534
"Culemborg","GM0216",2020-10-20,24,24,24,24,24,21,2020-08-01,3,0,0,0,0,"-",29020,0,0,0
"Doesburg","GM0221",2020-10-20,10,10,10,10,9,9,2020-08-01,1,0,0,1,-100,"&#11015;",11028,0,0,9.06782734856728
"Doetinchem","GM0222",2020-10-20,30,30,28,28,27,26,2020-08-01,4,0,2,3,100,"&#11014;",58104,0,3.44210381385103,5.16315572077654
"Druten","GM0225",2020-10-20,25,25,25,25,25,25,2020-08-01,0,0,0,0,0,"-",18973,0,0,0
"Duiven","GM0226",2020-10-20,16,16,16,15,15,14,2020-08-01,2,0,0,1,-100,"&#11015;",25062,0,0,3.99010454073897
"Ede","GM0228",2020-10-20,70,69,64,63,60,53,2020-08-01,17,1,6,10,50,"&#11014;",117966,0.84770188020277,5.08621128121662,8.4770188020277
"Elburg","GM0230",2020-10-20,28,28,28,28,28,28,2020-08-01,0,0,0,0,0,"-",23343,0,0,0
"Epe","GM0232",2020-10-20,51,51,51,51,49,48,2020-08-01,3,0,0,2,-100,"&#11015;",33171,0,0,6.02936299779928
"Ermelo","GM0233",2020-10-20,33,33,33,33,33,33,2020-08-01,0,0,0,0,0,"-",26991,0,0,0
"Harderwijk","GM0243",2020-10-20,46,46,44,44,44,42,2020-08-01,4,0,2,2,200,"&#11014;&#11014;",48623,0,4.1132797235876,4.1132797235876
"Hattem","GM0244",2020-10-20,18,18,18,18,18,16,2020-08-01,2,0,0,0,0,"-",12241,0,0,0
"Heerde","GM0246",2020-10-20,55,55,55,55,55,55,2020-08-01,0,0,0,0,0,"-",18645,0,0,0
"Heumen","GM0252",2020-10-20,19,19,19,19,19,17,2020-08-01,2,0,0,0,0,"-",16589,0,0,0
"Lochem","GM0262",2020-10-20,16,16,16,16,16,15,2020-08-01,1,0,0,0,0,"-",33847,0,0,0
"Maasdriel","GM0263",2020-10-20,17,16,16,16,15,15,2020-08-01,2,1,1,2,0,"-",25434,3.93174490839034,3.93174490839034,7.86348981678069
"Nijkerk","GM0267",2020-10-20,26,25,22,22,22,22,2020-08-01,4,1,4,4,400,"&#11014;&#11014;",43417,2.30324527258908,9.21298109035631,9.21298109035631
"Nijmegen","GM0268",2020-10-20,164,163,155,155,147,128,2020-08-01,36,1,9,17,12.5,"&#11014;",176669,0.566030259977698,5.09427233979929,9.62251441962087
"Oldebroek","GM0269",2020-10-20,40,40,40,40,40,40,2020-08-01,0,0,0,0,0,"-",23670,0,0,0
"Putten","GM0273",2020-10-20,11,11,10,10,10,10,2020-08-01,1,0,1,1,100,"&#11014;",24220,0,4.12881915772089,4.12881915772089
"Renkum","GM0274",2020-10-20,14,14,14,14,14,14,2020-08-01,0,0,0,0,0,"-",31401,0,0,0
"Rheden","GM0275",2020-10-20,35,35,34,34,34,34,2020-08-01,1,0,1,1,100,"&#11014;",43565,0,2.29542063583152,2.29542063583152
"Rozendaal","GM0277",2020-10-20,1,1,1,1,1,1,2020-08-01,0,0,0,0,0,"-",1697,0,0,0
"Scherpenzeel","GM0279",2020-10-20,5,5,5,5,4,4,2020-08-01,1,0,0,1,-100,"&#11015;",10000,0,0,10
"Tiel","GM0281",2020-10-20,46,45,45,44,43,42,2020-08-01,4,1,1,3,-50,"&#11015;",41962,2.38310852676231,2.38310852676231,7.14932558028693
"Voorst","GM0285",2020-10-20,17,17,17,17,17,17,2020-08-01,0,0,0,0,0,"-",24702,0,0,0
"Wageningen","GM0289",2020-10-20,22,22,21,21,21,20,2020-08-01,2,0,1,1,100,"&#11014;",39134,0,2.55532273726172,2.55532273726172
"Westervoort","GM0293",2020-10-20,12,12,12,12,12,12,2020-08-01,0,0,0,0,0,"-",15013,0,0,0
"Winterswijk","GM0294",2020-10-20,7,7,7,7,7,7,2020-08-01,0,0,0,0,0,"-",28893,0,0,0
"Wijchen","GM0296",2020-10-20,49,48,48,48,46,44,2020-08-01,5,1,1,3,-50,"&#11015;",41179,2.42842225406154,2.42842225406154,7.28526676218461
"Zaltbommel","GM0297",2020-10-20,23,22,22,22,21,20,2020-08-01,3,1,1,2,0,"-",29225,3.42172797262618,3.42172797262618,6.84345594525235
"Zevenaar","GM0299",2020-10-20,53,53,51,51,49,45,2020-08-01,8,0,2,4,0,"-",44011,0,4.54431846583809,9.08863693167617
"Zutphen","GM0301",2020-10-20,32,32,31,31,31,30,2020-08-01,2,0,1,1,100,"&#11014;",48077,0,2.07999667200532,2.07999667200532
"Nunspeet","GM0302",2020-10-20,60,60,58,58,57,55,2020-08-01,5,0,2,3,100,"&#11014;",27862,0,7.17823558969205,10.7673533845381
"Dronten","GM0303",2020-10-20,36,36,34,34,32,30,2020-08-01,6,0,2,4,0,"-",41677,0,4.798809895146,9.59761979029201
"Amersfoort","GM0307",2020-10-20,88,88,88,81,81,62,2020-08-01,26,0,0,7,-100,"&#11015;",157521,0,0,4.44385193085366
"Baarn","GM0308",2020-10-20,12,12,12,12,12,11,2020-08-01,1,0,0,0,0,"-",24823,0,0,0
"De Bilt","GM0310",2020-10-20,31,31,30,30,30,27,2020-08-01,4,0,1,1,100,"&#11014;",43190,0,2.31535077564251,2.31535077564251
"Bunnik","GM0312",2020-10-20,12,12,12,10,10,9,2020-08-01,3,0,0,2,-100,"&#11015;",15262,0,0,13.1044424059756
"Bunschoten","GM0313",2020-10-20,13,13,12,12,12,9,2020-08-01,4,0,1,1,100,"&#11014;",21930,0,4.55996352029184,4.55996352029184
"Eemnes","GM0317",2020-10-20,2,2,2,2,2,2,2020-08-01,0,0,0,0,0,"-",9323,0,0,0
"Houten","GM0321",2020-10-20,32,31,30,28,28,24,2020-08-01,8,1,2,4,0,"-",50290,1.98846689202625,3.9769337840525,7.95386756810499
"Leusden","GM0327",2020-10-20,10,9,9,9,9,9,2020-08-01,1,1,1,1,100,"&#11014;",30486,3.2801941874959,3.2801941874959,3.2801941874959
"Lopik","GM0331",2020-10-20,22,21,21,20,20,19,2020-08-01,3,1,1,2,0,"-",14483,6.90464682731478,6.90464682731478,13.8092936546296
"Montfoort","GM0335",2020-10-20,15,15,15,15,15,13,2020-08-01,2,0,0,0,0,"-",13889,0,0,0
"Renswoude","GM0339",2020-10-20,5,5,5,5,5,5,2020-08-01,0,0,0,0,0,"-",5517,0,0,0
"Rhenen","GM0340",2020-10-20,12,12,12,11,11,11,2020-08-01,1,0,0,1,-100,"&#11015;",20086,0,0,4.97859205416708
"Soest","GM0342",2020-10-20,32,32,26,26,26,24,2020-08-01,8,0,6,6,600,"&#11014;&#11014;",46842,0,12.809017548354,12.809017548354
"Utrecht","GM0344",2020-10-20,337,328,324,314,312,270,2020-08-01,67,9,13,25,8.33333333333333,"&#11014;",357667,2.51630706774737,3.63466576452398,6.98974185485382
"Veenendaal","GM0345",2020-10-20,52,51,51,49,49,47,2020-08-01,5,1,1,3,-50,"&#11015;",66918,1.49436623927792,1.49436623927792,4.48309871783377
"Woudenberg","GM0351",2020-10-20,9,9,9,9,9,9,2020-08-01,0,0,0,0,0,"-",13568,0,0,0
"Wijk bij Duurstede","GM0352",2020-10-20,11,11,10,10,10,10,2020-08-01,1,0,1,1,100,"&#11014;",23901,0,4.1839253587716,4.1839253587716
"IJsselstein","GM0353",2020-10-20,39,39,37,37,37,36,2020-08-01,3,0,2,2,200,"&#11014;&#11014;",33851,0,5.90824495583587,5.90824495583587
"Zeist","GM0355",2020-10-20,42,41,40,39,39,37,2020-08-01,5,1,2,3,100,"&#11014;",64883,1.54123576283464,3.08247152566928,4.62370728850392
"Nieuwegein","GM0356",2020-10-20,53,51,49,48,47,44,2020-08-01,9,2,4,6,100,"&#11014;",63690,3.1402103940964,6.28042078819281,9.42063118228921
"Aalsmeer","GM0358",2020-10-20,10,10,10,10,10,9,2020-08-01,1,0,0,0,0,"-",31927,0,0,0
"Alkmaar","GM0361",2020-10-20,61,61,59,59,58,54,2020-08-01,7,0,2,3,100,"&#11014;",109751,0,1.82230685825186,2.73346028737779
"Amstelveen","GM0362",2020-10-20,72,72,69,69,69,58,2020-08-01,14,0,3,3,300,"&#11014;&#11014;",90705,0,3.30742516950554,3.30742516950554
"Amsterdam","GM0363",2020-10-20,918,915,859,843,800,631,2020-08-01,287,3,59,118,0,"-",869709,0.344942963680955,6.78387828572546,13.5677565714509
"Beemster","GM0370",2020-10-20,4,4,4,4,4,4,2020-08-01,0,0,0,0,0,"-",10019,0,0,0
"Bergen (NH.)","GM0373",2020-10-20,21,21,21,21,20,16,2020-08-01,5,0,0,1,-100,"&#11015;",29762,0,0,3.35998924803441
"Beverwijk","GM0375",2020-10-20,19,19,16,16,15,15,2020-08-01,4,0,3,4,200,"&#11014;&#11014;",41752,0,7.18528453726768,9.58037938302357
"Blaricum","GM0376",2020-10-20,8,8,8,8,8,8,2020-08-01,0,0,0,0,0,"-",11799,0,0,0
"Bloemendaal","GM0377",2020-10-20,8,8,8,8,7,7,2020-08-01,1,0,0,1,-100,"&#11015;",23566,0,0,4.24340151065094
"Castricum","GM0383",2020-10-20,18,18,16,16,16,15,2020-08-01,3,0,2,2,200,"&#11014;&#11014;",36124,0,5.5364854390433,5.5364854390433
"Diemen","GM0384",2020-10-20,22,22,20,20,20,17,2020-08-01,5,0,2,2,200,"&#11014;&#11014;",31206,0,6.40902390565917,6.40902390565917
"Edam-Volendam","GM0385",2020-10-20,35,35,28,28,28,25,2020-08-01,10,0,7,7,700,"&#11014;&#11014;",36190,0,19.3423597678917,19.3423597678917
"Enkhuizen","GM0388",2020-10-20,19,19,19,19,18,18,2020-08-01,1,0,0,1,-100,"&#11015;",18658,0,0,5.35963125736949
"Haarlem","GM0392",2020-10-20,93,92,87,85,77,61,2020-08-01,32,1,6,16,-40,"&#11015;",162962,0.613639989690848,3.68183993814509,9.81823983505357
"Haarlemmermeer","GM0394",2020-10-20,92,90,84,82,78,68,2020-08-01,24,2,8,14,33.3333333333333,"&#11014;",157115,1.27295293256532,5.09181173026127,8.91067052795723
"Heemskerk","GM0396",2020-10-20,34,32,32,32,31,28,2020-08-01,6,2,2,3,100,"&#11014;",39230,5.09813917919959,5.09813917919959,7.64720876879939
"Heemstede","GM0397",2020-10-20,15,15,13,13,13,11,2020-08-01,4,0,2,2,200,"&#11014;&#11014;",27341,0,7.31502139643758,7.31502139643758
"Heerhugowaard","GM0398",2020-10-20,28,28,27,27,27,27,2020-08-01,1,0,1,1,100,"&#11014;",58018,0,1.72360301975249,1.72360301975249
"Heiloo","GM0399",2020-10-20,12,11,11,11,11,9,2020-08-01,3,1,1,1,100,"&#11014;",24100,4.149377593361,4.149377593361,4.149377593361
"Den Helder","GM0400",2020-10-20,15,15,13,13,13,12,2020-08-01,3,0,2,2,200,"&#11014;&#11014;",56388,0,3.54685394055473,3.54685394055473
"Hilversum","GM0402",2020-10-20,37,37,37,37,37,33,2020-08-01,4,0,0,0,0,"-",91110,0,0,0
"Hoorn","GM0405",2020-10-20,38,38,37,37,36,35,2020-08-01,3,0,1,2,0,"-",73360,0,1.36314067611778,2.72628135223555
"Huizen","GM0406",2020-10-20,27,26,25,25,24,22,2020-08-01,5,1,2,3,100,"&#11014;",41104,2.43285325029194,4.86570650058388,7.29855975087583
"Landsmeer","GM0415",2020-10-20,5,5,4,3,3,3,2020-08-01,2,0,1,2,0,"-",11573,0,8.6408018664132,17.2816037328264
"Langedijk","GM0416",2020-10-20,20,20,19,19,17,16,2020-08-01,4,0,1,3,-50,"&#11015;",28214,0,3.54433968951584,10.6330190685475
"Laren","GM0417",2020-10-20,9,9,9,9,8,8,2020-08-01,1,0,0,1,-100,"&#11015;",11355,0,0,8.80669308674593
"Medemblik","GM0420",2020-10-20,19,19,19,19,19,19,2020-08-01,0,0,0,0,0,"-",45138,0,0,0
"Oostzaan","GM0431",2020-10-20,12,12,12,12,12,10,2020-08-01,2,0,0,0,0,"-",9682,0,0,0
"Opmeer","GM0432",2020-10-20,1,1,1,1,1,1,2020-08-01,0,0,0,0,0,"-",11967,0,0,0
"Ouder-Amstel","GM0437",2020-10-20,7,7,6,6,6,5,2020-08-01,2,0,1,1,100,"&#11014;",14065,0,7.10984713828653,7.10984713828653
"Purmerend","GM0439",2020-10-20,79,78,76,75,74,66,2020-08-01,13,1,3,5,50,"&#11014;",81775,1.22286762457964,3.66860287373892,6.1143381228982
"Schagen","GM0441",2020-10-20,19,19,19,19,19,18,2020-08-01,1,0,0,0,0,"-",46459,0,0,0
"Texel","GM0448",2020-10-20,5,5,5,5,5,5,2020-08-01,0,0,0,0,0,"-",13643,0,0,0
"Uitgeest","GM0450",2020-10-20,5,5,5,5,5,5,2020-08-01,0,0,0,0,0,"-",13643,0,0,0
"Uithoorn","GM0451",2020-10-20,21,20,18,18,18,16,2020-08-01,5,1,3,3,300,"&#11014;&#11014;",29817,3.35379146124694,10.0613743837408,10.0613743837408
"Velsen","GM0453",2020-10-20,45,43,39,39,37,32,2020-08-01,13,2,6,8,200,"&#11014;&#11014;",68713,2.91065737196746,8.73197211590238,11.6426294878698
"Weesp","GM0457",2020-10-20,10,10,9,9,9,9,2020-08-01,1,0,1,1,100,"&#11014;",20219,0,4.94584301894258,4.94584301894258
"Zandvoort","GM0473",2020-10-20,12,12,12,12,12,10,2020-08-01,2,0,0,0,0,"-",17116,0,0,0
"Zaanstad","GM0479",2020-10-20,148,148,139,139,135,119,2020-08-01,29,0,9,13,125,"&#11014;&#11014;",156907,0,5.73588176435723,8.285162548516
"Alblasserdam","GM0482",2020-10-20,11,11,11,11,11,10,2020-08-01,1,0,0,0,0,"-",20221,0,0,0
"Alphen aan den Rijn","GM0484",2020-10-20,78,77,73,73,70,62,2020-08-01,16,1,5,8,66.6666666666667,"&#11014;",112343,0.890131116313433,4.45065558156717,7.12104893050746
"Barendrecht","GM0489",2020-10-20,45,45,44,44,40,40,2020-08-01,5,0,1,5,-75,"&#11015;",48654,0,2.05532946931393,10.2766473465697
"Drechterland","GM0498",2020-10-20,5,5,5,5,5,5,2020-08-01,0,0,0,0,0,"-",19775,0,0,0
"Brielle","GM0501",2020-10-20,14,14,12,12,12,11,2020-08-01,3,0,2,2,200,"&#11014;&#11014;",17378,0,11.50880423524,11.50880423524
"Capelle aan den IJssel","GM0502",2020-10-20,66,64,61,60,59,54,2020-08-01,12,2,5,7,150,"&#11014;&#11014;",67142,2.97876143099699,7.44690357749248,10.4256650084895
"Delft","GM0503",2020-10-20,44,44,43,43,41,38,2020-08-01,6,0,1,3,-50,"&#11015;",103037,0,0.970525151159292,2.91157545347788
"Dordrecht","GM0505",2020-10-20,97,97,97,97,96,85,2020-08-01,12,0,0,1,-100,"&#11015;",119342,0,0,0.837927971711552
"Gorinchem","GM0512",2020-10-20,19,19,19,19,19,18,2020-08-01,1,0,0,0,0,"-",37372,0,0,0
"Gouda","GM0513",2020-10-20,55,54,51,51,49,43,2020-08-01,12,1,4,6,100,"&#11014;",73540,1.3598041881969,5.4392167527876,8.1588251291814
"'s-Gravenhage","GM0518",2020-10-20,523,519,488,481,462,345,2020-08-01,178,4,35,61,34.6153846153846,"&#11014;",545863,0.732784599798851,6.41186524823994,11.1749651469325
"Hardinxveld-Giessendam","GM0523",2020-10-20,2,2,2,2,2,2,2020-08-01,0,0,0,0,0,"-",18460,0,0,0
"Hellevoetsluis","GM0530",2020-10-20,20,20,20,17,16,16,2020-08-01,4,0,0,4,-100,"&#11015;",40198,0,0,9.9507438181004
"Hendrik-Ido-Ambacht","GM0531",2020-10-20,13,13,13,13,13,10,2020-08-01,3,0,0,0,0,"-",31311,0,0,0
"Stede Broec","GM0532",2020-10-20,19,19,19,19,18,18,2020-08-01,1,0,0,1,-100,"&#11015;",21773,0,0,4.59284434850503
"Hillegom","GM0534",2020-10-20,8,8,8,8,8,8,2020-08-01,0,0,0,0,0,"-",22210,0,0,0
"Katwijk","GM0537",2020-10-20,41,40,38,38,37,31,2020-08-01,10,1,3,4,200,"&#11014;&#11014;",65929,1.51678320617634,4.55034961852902,6.06713282470536
"Krimpen aan den IJssel","GM0542",2020-10-20,17,17,15,15,12,10,2020-08-01,7,0,2,5,-33.3333333333333,"&#11015;",29452,0,6.79071030829825,16.9767757707456
"Leiden","GM0546",2020-10-20,54,53,51,51,47,40,2020-08-01,14,1,3,7,-25,"&#11015;",123655,0.808701629533784,2.42610488860135,5.66091140673648
"Leiderdorp","GM0547",2020-10-20,18,18,17,17,17,14,2020-08-01,4,0,1,1,100,"&#11014;",27304,0,3.66246703779666,3.66246703779666
"Lisse","GM0553",2020-10-20,10,10,9,9,9,8,2020-08-01,2,0,1,1,100,"&#11014;",22983,0,4.35104207457686,4.35104207457686
"Maassluis","GM0556",2020-10-20,24,24,23,23,23,20,2020-08-01,4,0,1,1,100,"&#11014;",33336,0,2.99976001919846,2.99976001919846
"Nieuwkoop","GM0569",2020-10-20,12,12,10,10,9,9,2020-08-01,3,0,2,3,100,"&#11014;",29021,0,6.89156128320871,10.3373419248131
"Noordwijk","GM0575",2020-10-20,25,23,22,22,21,19,2020-08-01,6,2,3,4,200,"&#11014;&#11014;",43733,4.57320558845723,6.85980838268584,9.14641117691446
"Oegstgeest","GM0579",2020-10-20,11,11,10,10,10,8,2020-08-01,3,0,1,1,100,"&#11014;",24972,0,4.00448502322601,4.00448502322601
"Oudewater","GM0589",2020-10-20,27,26,26,26,26,26,2020-08-01,1,1,1,1,100,"&#11014;",10178,9.82511298879937,9.82511298879937,9.82511298879937
"Papendrecht","GM0590",2020-10-20,9,9,9,9,9,9,2020-08-01,0,0,0,0,0,"-",32095,0,0,0
"Ridderkerk","GM0597",2020-10-20,42,42,42,41,40,37,2020-08-01,5,0,0,2,-100,"&#11015;",46576,0,0,4.29405702507729
"Rotterdam","GM0599",2020-10-20,749,744,709,703,667,532,2020-08-01,217,5,40,82,-4.76190476190477,"&#11015;",650459,0.768687957273249,6.14950365818599,12.6064824992813
"Rijswijk","GM0603",2020-10-20,51,50,49,48,44,36,2020-08-01,15,1,2,7,-60,"&#11015;",54855,1.82298787713062,3.64597575426123,12.7609151399143
"Schiedam","GM0606",2020-10-20,68,67,65,64,64,58,2020-08-01,10,1,3,4,200,"&#11014;&#11014;",79003,1.26577471741579,3.79732415224738,5.06309886966318
"Sliedrecht","GM0610",2020-10-20,9,9,9,9,9,9,2020-08-01,0,0,0,0,0,"-",25350,0,0,0
"Albrandswaard","GM0613",2020-10-20,17,17,16,16,16,14,2020-08-01,3,0,1,1,100,"&#11014;",25896,0,3.86160024714242,3.86160024714242
"Westvoorne","GM0614",2020-10-20,6,6,6,6,6,6,2020-08-01,0,0,0,0,0,"-",14863,0,0,0
"Vlaardingen","GM0622",2020-10-20,53,51,51,51,49,43,2020-08-01,10,2,2,4,0,"-",73758,2.71157027034356,2.71157027034356,5.42314054068711
"Voorschoten","GM0626",2020-10-20,11,11,11,11,9,9,2020-08-01,2,0,0,2,-100,"&#11015;",25602,0,0,7.81188969611749
"Waddinxveen","GM0627",2020-10-20,25,25,22,21,19,18,2020-08-01,7,0,3,6,0,"-",29906,0,10.0314318197017,20.0628636394035
"Wassenaar","GM0629",2020-10-20,10,10,10,10,10,9,2020-08-01,1,0,0,0,0,"-",26490,0,0,0
"Woerden","GM0632",2020-10-20,61,60,58,56,55,49,2020-08-01,12,1,3,6,0,"-",52558,1.90265991856616,5.70797975569847,11.4159595113969
"Zoetermeer","GM0637",2020-10-20,65,65,64,63,60,53,2020-08-01,12,0,1,5,-75,"&#11015;",125247,0,0.798422317500619,3.99211158750309
"Zoeterwoude","GM0638",2020-10-20,4,4,3,3,3,3,2020-08-01,1,0,1,1,100,"&#11014;",8759,0,11.4168284050691,11.4168284050691
"Zwijndrecht","GM0642",2020-10-20,27,27,27,27,27,23,2020-08-01,4,0,0,0,0,"-",44641,0,0,0
"Borsele","GM0654",2020-10-20,5,5,5,5,5,5,2020-08-01,0,0,0,0,0,"-",22762,0,0,0
"Goes","GM0664",2020-10-20,13,13,13,13,12,11,2020-08-01,2,0,0,1,-100,"&#11015;",38423,0,0,2.60260781302865
"West Maas en Waal","GM0668",2020-10-20,23,22,21,21,21,20,2020-08-01,3,1,2,2,200,"&#11014;&#11014;",19436,5.14509158263017,10.2901831652603,10.2901831652603
"Hulst","GM0677",2020-10-20,10,10,10,10,9,9,2020-08-01,1,0,0,1,-100,"&#11015;",27631,0,0,3.61912344830082
"Kapelle","GM0678",2020-10-20,3,3,3,3,3,3,2020-08-01,0,0,0,0,0,"-",12808,0,0,0
"Middelburg","GM0687",2020-10-20,19,19,19,19,19,18,2020-08-01,1,0,0,0,0,"-",48766,0,0,0
"Reimerswaal","GM0703",2020-10-20,6,6,5,5,5,4,2020-08-01,2,0,1,1,100,"&#11014;",22843,0,4.37770870726262,4.37770870726262
"Terneuzen","GM0715",2020-10-20,25,25,25,25,25,25,2020-08-01,0,0,0,0,0,"-",54476,0,0,0
"Tholen","GM0716",2020-10-20,43,43,42,42,40,40,2020-08-01,3,0,1,3,-50,"&#11015;",25894,0,3.86189850930718,11.5856955279215
"Veere","GM0717",2020-10-20,8,8,6,6,6,6,2020-08-01,2,0,2,2,200,"&#11014;&#11014;",21974,0,9.10166560480568,9.10166560480568
"Vlissingen","GM0718",2020-10-20,9,9,9,9,9,9,2020-08-01,0,0,0,0,0,"-",44132,0,0,0
"De Ronde Venen","GM0736",2020-10-20,45,45,43,41,41,39,2020-08-01,6,0,2,4,0,"-",44636,0,4.4806882337127,8.9613764674254
"Tytsjerksteradiel","GM0737",2020-10-20,7,7,6,6,6,4,2020-08-01,3,0,1,1,100,"&#11014;",32079,0,3.11730415536644,3.11730415536644
"Asten","GM0743",2020-10-20,18,18,18,18,18,18,2020-08-01,0,0,0,0,0,"-",16718,0,0,0
"Baarle-Nassau","GM0744",2020-10-20,9,9,9,9,9,9,2020-08-01,0,0,0,0,0,"-",6876,0,0,0
"Bergen op Zoom","GM0748",2020-10-20,41,40,34,34,31,25,2020-08-01,16,1,7,10,133.333333333333,"&#11014;&#11014;",67667,1.47782523238802,10.3447766267161,14.7782523238802
"Best","GM0753",2020-10-20,32,31,31,31,31,31,2020-08-01,1,1,1,1,100,"&#11014;",30073,3.32524191134905,3.32524191134905,3.32524191134905
"Boekel","GM0755",2020-10-20,36,36,34,34,34,34,2020-08-01,2,0,2,2,200,"&#11014;&#11014;",10872,0,18.3958793230316,18.3958793230316
"Boxmeer","GM0756",2020-10-20,20,20,20,20,20,20,2020-08-01,0,0,0,0,0,"-",29465,0,0,0
"Boxtel","GM0757",2020-10-20,24,24,24,24,24,24,2020-08-01,0,0,0,0,0,"-",30807,0,0,0
"Breda","GM0758",2020-10-20,166,166,157,157,154,146,2020-08-01,20,0,9,12,200,"&#11014;&#11014;",183790,0,4.89689319331846,6.52919092442461
"Deurne","GM0762",2020-10-20,57,57,57,56,56,55,2020-08-01,2,0,0,1,-100,"&#11015;",32466,0,0,3.08014538286207
"Pekela","GM0765",2020-10-20,5,5,5,5,4,4,2020-08-01,1,0,0,1,-100,"&#11015;",12172,0,0,8.21557673348669
"Dongen","GM0766",2020-10-20,23,22,21,21,21,20,2020-08-01,3,1,2,2,200,"&#11014;&#11014;",26345,3.79578667678876,7.59157335357753,7.59157335357753
"Eersel","GM0770",2020-10-20,28,28,27,27,27,27,2020-08-01,1,0,1,1,100,"&#11014;",19418,0,5.14986095375425,5.14986095375425
"Eindhoven","GM0772",2020-10-20,194,194,191,190,185,182,2020-08-01,12,0,3,9,-50,"&#11015;",233983,0,1.28214442929615,3.84643328788844
"Etten-Leur","GM0777",2020-10-20,46,46,43,43,43,41,2020-08-01,5,0,3,3,300,"&#11014;&#11014;",43896,0,6.83433570256971,6.83433570256971
"Geertruidenberg","GM0779",2020-10-20,13,13,13,13,12,11,2020-08-01,2,0,0,1,-100,"&#11015;",21670,0,0,4.61467466543609
"Gilze en Rijen","GM0784",2020-10-20,20,20,20,20,20,20,2020-08-01,0,0,0,0,0,"-",26551,0,0,0
"Goirle","GM0785",2020-10-20,32,32,32,32,32,32,2020-08-01,0,0,0,0,0,"-",23823,0,0,0
"Grave","GM0786",2020-10-20,21,21,21,21,21,21,2020-08-01,0,0,0,0,0,"-",12452,0,0,0
"Haaren","GM0788",2020-10-20,19,19,19,19,19,18,2020-08-01,1,0,0,0,0,"-",14316,0,0,0
"Helmond","GM0794",2020-10-20,122,122,119,119,118,115,2020-08-01,7,0,3,4,200,"&#11014;&#11014;",92420,0,3.24605063838996,4.32806751785328
"'s-Hertogenbosch","GM0796",2020-10-20,140,140,139,138,136,128,2020-08-01,12,0,1,4,-66.6666666666667,"&#11015;",155409,0,0.643463377281882,2.57385350912753
"Heusden","GM0797",2020-10-20,48,48,46,46,45,45,2020-08-01,3,0,2,3,100,"&#11014;",44897,0,4.45464062186783,6.68196093280175
"Hilvarenbeek","GM0798",2020-10-20,12,11,10,10,10,9,2020-08-01,3,1,2,2,200,"&#11014;&#11014;",15617,6.40327847858103,12.8065569571621,12.8065569571621
"Loon op Zand","GM0809",2020-10-20,28,28,27,27,27,24,2020-08-01,4,0,1,1,100,"&#11014;",23466,0,4.26148470126992,4.26148470126992
"Mill en Sint Hubert","GM0815",2020-10-20,9,9,9,9,9,9,2020-08-01,0,0,0,0,0,"-",11007,0,0,0
"Nuenen, Gerwen en Nederwetten","GM0820",2020-10-20,19,18,18,18,18,18,2020-08-01,1,1,1,1,100,"&#11014;",23526,4.25061633936921,4.25061633936921,4.25061633936921
"Oirschot","GM0823",2020-10-20,16,16,13,13,13,13,2020-08-01,3,0,3,3,300,"&#11014;&#11014;",18832,0,15.9303313508921,15.9303313508921
"Oisterwijk","GM0824",2020-10-20,26,26,24,24,24,23,2020-08-01,3,0,2,2,200,"&#11014;&#11014;",26344,0,7.59186152444579,7.59186152444579
"Oosterhout","GM0826",2020-10-20,52,52,51,51,51,48,2020-08-01,4,0,1,1,100,"&#11014;",56232,0,1.77834684876938,1.77834684876938
"Oss","GM0828",2020-10-20,173,173,173,173,169,165,2020-08-01,8,0,0,4,-100,"&#11015;",92229,0,0,4.33703065196413
"Rucphen","GM0840",2020-10-20,12,12,11,11,10,10,2020-08-01,2,0,1,2,0,"-",23009,0,4.34612542917989,8.69225085835977
"Sint-Michielsgestel","GM0845",2020-10-20,37,37,37,37,36,36,2020-08-01,1,0,0,1,-100,"&#11015;",29422,0,0,3.39881721161036
"Someren","GM0847",2020-10-20,34,33,33,33,33,33,2020-08-01,1,1,1,1,100,"&#11014;",19331,5.17303812529098,5.17303812529098,5.17303812529098
"Son en Breugel","GM0848",2020-10-20,31,31,31,31,31,31,2020-08-01,0,0,0,0,0,"-",17465,0,0,0
"Steenbergen","GM0851",2020-10-20,17,17,13,13,13,13,2020-08-01,4,0,4,4,400,"&#11014;&#11014;",24302,0,16.4595506542671,16.4595506542671
"Waterland","GM0852",2020-10-20,18,18,17,17,16,16,2020-08-01,2,0,1,2,0,"-",17393,0,5.74943942965561,11.4988788593112
"Tilburg","GM0855",2020-10-20,263,262,261,261,258,250,2020-08-01,13,1,2,5,-33.3333333333333,"&#11015;",219599,0.455375479851912,0.910750959703824,2.27687739925956
"Uden","GM0856",2020-10-20,115,115,115,115,115,115,2020-08-01,0,0,0,0,0,"-",42163,0,0,0
"Valkenswaard","GM0858",2020-10-20,20,20,20,19,19,19,2020-08-01,1,0,0,1,-100,"&#11015;",31230,0,0,3.2020493115594
"Veldhoven","GM0861",2020-10-20,31,31,31,31,31,31,2020-08-01,0,0,0,0,0,"-",45625,0,0,0
"Vught","GM0865",2020-10-20,43,43,43,43,43,42,2020-08-01,1,0,0,0,0,"-",26709,0,0,0
"Waalre","GM0866",2020-10-20,8,8,7,7,7,7,2020-08-01,1,0,1,1,100,"&#11014;",17518,0,5.70841420253454,5.70841420253454
"Waalwijk","GM0867",2020-10-20,42,41,40,40,40,36,2020-08-01,6,1,2,2,200,"&#11014;&#11014;",48754,2.05111375476884,4.10222750953768,4.10222750953768
"Woensdrecht","GM0873",2020-10-20,7,7,7,7,7,5,2020-08-01,2,0,0,0,0,"-",21954,0,0,0
"Zundert","GM0879",2020-10-20,24,24,24,24,24,24,2020-08-01,0,0,0,0,0,"-",22141,0,0,0
"Wormerland","GM0880",2020-10-20,21,21,20,20,20,20,2020-08-01,1,0,1,1,100,"&#11014;",16203,0,6.17169659939517,6.17169659939517
"Landgraaf","GM0882",2020-10-20,53,53,53,53,52,52,2020-08-01,1,0,0,1,-100,"&#11015;",37267,0,0,2.68333914723482
"Beek","GM0888",2020-10-20,17,17,16,16,16,16,2020-08-01,1,0,1,1,100,"&#11014;",15889,0,6.29366228208194,6.29366228208194
"Beesel","GM0889",2020-10-20,20,20,20,20,20,20,2020-08-01,0,0,0,0,0,"-",13439,0,0,0
"Bergen (L.)","GM0893",2020-10-20,8,8,7,7,7,7,2020-08-01,1,0,1,1,100,"&#11014;",13089,0,7.64000305600122,7.64000305600122
"Brunssum","GM0899",2020-10-20,49,48,47,46,46,44,2020-08-01,5,1,2,3,100,"&#11014;",27709,3.60893572485474,7.21787144970948,10.8268071745642
"Gennep","GM0907",2020-10-20,17,17,17,17,17,16,2020-08-01,1,0,0,0,0,"-",16968,0,0,0
"Heerlen","GM0917",2020-10-20,127,127,126,126,126,125,2020-08-01,2,0,1,1,100,"&#11014;",86915,0,1.15054938733245,1.15054938733245
"Kerkrade","GM0928",2020-10-20,66,66,64,64,64,64,2020-08-01,2,0,2,2,200,"&#11014;&#11014;",45527,0,4.39299756188635,4.39299756188635
"Maastricht","GM0935",2020-10-20,193,193,193,193,193,186,2020-08-01,7,0,0,0,0,"-",118636,0,0,0
"Meerssen","GM0938",2020-10-20,23,23,23,23,23,22,2020-08-01,1,0,0,0,0,"-",18759,0,0,0
"Mook en Middelaar","GM0944",2020-10-20,7,7,7,7,7,6,2020-08-01,1,0,0,0,0,"-",7879,0,0,0
"Nederweert","GM0946",2020-10-20,33,33,31,31,31,31,2020-08-01,2,0,2,2,200,"&#11014;&#11014;",17086,0,11.7054898747513,11.7054898747513
"Roermond","GM0957",2020-10-20,64,64,63,63,61,59,2020-08-01,5,0,1,3,-50,"&#11015;",58620,0,1.70590242238144,5.11770726714432
"Simpelveld","GM0965",2020-10-20,19,19,19,19,19,19,2020-08-01,0,0,0,0,0,"-",10515,0,0,0
"Stein","GM0971",2020-10-20,45,45,45,45,44,43,2020-08-01,2,0,0,1,-100,"&#11015;",24935,0,0,4.01042711048727
"Vaals","GM0981",2020-10-20,10,10,10,10,10,10,2020-08-01,0,0,0,0,0,"-",10055,0,0,0
"Venlo","GM0983",2020-10-20,138,138,137,137,135,129,2020-08-01,9,0,1,3,-50,"&#11015;",101853,0,0.981807114174349,2.94542134252305
"Venray","GM0984",2020-10-20,38,38,38,38,37,37,2020-08-01,1,0,0,1,-100,"&#11015;",43707,0,0,2.28796302651749
"Voerendaal","GM0986",2020-10-20,17,17,17,17,17,17,2020-08-01,0,0,0,0,0,"-",12459,0,0,0
"Weert","GM0988",2020-10-20,69,69,68,68,68,67,2020-08-01,2,0,1,1,100,"&#11014;",50109,0,1.99564948412461,1.99564948412461
"Valkenburg aan de Geul","GM0994",2020-10-20,19,19,19,19,19,19,2020-08-01,0,0,0,0,0,"-",16399,0,0,0
"Lelystad","GM0995",2020-10-20,79,79,74,74,71,63,2020-08-01,16,0,5,8,66.6666666666667,"&#11014;",79284,0,6.30644266182332,10.0903082589173
"Horst aan de Maas","GM1507",2020-10-20,41,41,41,41,41,41,2020-08-01,0,0,0,0,0,"-",42416,0,0,0
"Oude IJsselstreek","GM1509",2020-10-20,23,23,22,22,21,21,2020-08-01,2,0,1,2,0,"-",39331,0,2.54252370903359,5.08504741806717
"Teylingen","GM1525",2020-10-20,17,17,17,17,16,14,2020-08-01,3,0,0,1,-100,"&#11015;",37655,0,0,2.65568981542956
"Utrechtse Heuvelrug","GM1581",2020-10-20,30,29,29,29,29,28,2020-08-01,2,1,1,1,100,"&#11014;",49784,2.00867748674273,2.00867748674273,2.00867748674273
"Oost Gelre","GM1586",2020-10-20,20,19,18,18,18,18,2020-08-01,2,1,2,2,200,"&#11014;&#11014;",29644,3.37336391849953,6.74672783699906,6.74672783699906
"Koggenland","GM1598",2020-10-20,7,7,7,7,7,6,2020-08-01,1,0,0,0,0,"-",22864,0,0,0
"Lansingerland","GM1621",2020-10-20,49,49,49,49,44,43,2020-08-01,6,0,0,5,-100,"&#11015;",62882,0,0,7.95140103686269
"Leudal","GM1640",2020-10-20,54,54,54,54,54,53,2020-08-01,1,0,0,0,0,"-",35999,0,0,0
"Maasgouw","GM1641",2020-10-20,28,28,28,28,28,27,2020-08-01,1,0,0,0,0,"-",23936,0,0,0
"Gemert-Bakel","GM1652",2020-10-20,79,79,79,79,79,79,2020-08-01,0,0,0,0,0,"-",30693,0,0,0
"Halderberge","GM1655",2020-10-20,23,20,16,16,16,14,2020-08-01,9,3,7,7,700,"&#11014;&#11014;",30314,9.89641749686613,23.091640826021,23.091640826021
"Heeze-Leende","GM1658",2020-10-20,17,16,16,16,16,16,2020-08-01,1,1,1,1,100,"&#11014;",16217,6.16636862551643,6.16636862551643,6.16636862551643
"Laarbeek","GM1659",2020-10-20,41,41,41,41,41,41,2020-08-01,0,0,0,0,0,"-",22665,0,0,0
"Reusel-De Mierden","GM1667",2020-10-20,14,14,12,12,11,11,2020-08-01,3,0,2,3,100,"&#11014;",13066,0,15.3069034134395,22.9603551201592
"Roerdalen","GM1669",2020-10-20,27,27,27,27,27,27,2020-08-01,0,0,0,0,0,"-",20552,0,0,0
"Roosendaal","GM1674",2020-10-20,43,43,40,39,35,28,2020-08-01,15,0,3,8,-40,"&#11015;",77308,0,3.8805815698246,10.3482175195323
"Schouwen-Duiveland","GM1676",2020-10-20,12,12,12,12,12,11,2020-08-01,1,0,0,0,0,"-",34012,0,0,0
"Aa en Hunze","GM1680",2020-10-20,1,1,1,1,1,1,2020-08-01,0,0,0,0,0,"-",25393,0,0,0
"Borger-Odoorn","GM1681",2020-10-20,6,5,5,5,4,4,2020-08-01,2,1,1,2,0,"-",25554,3.91328167801518,3.91328167801518,7.82656335603037
"Cuijk","GM1684",2020-10-20,13,13,12,12,12,12,2020-08-01,1,0,1,1,100,"&#11014;",25291,0,3.95397572258906,3.95397572258906
"Landerd","GM1685",2020-10-20,42,42,42,42,42,39,2020-08-01,3,0,0,0,0,"-",15761,0,0,0
"De Wolden","GM1690",2020-10-20,14,13,11,11,11,11,2020-08-01,3,1,3,3,300,"&#11014;&#11014;",24357,4.10559592724884,12.3167877817465,12.3167877817465
"Noord-Beveland","GM1695",2020-10-20,1,1,1,1,1,1,2020-08-01,0,0,0,0,0,"-",7560,0,0,0
"Wijdemeren","GM1696",2020-10-20,10,10,9,9,9,8,2020-08-01,2,0,1,1,100,"&#11014;",24414,0,4.09601048578684,4.09601048578684
"Noordenveld","GM1699",2020-10-20,6,6,5,4,4,4,2020-08-01,2,0,1,2,0,"-",31270,0,3.19795330988168,6.39590661976335
"Twenterand","GM1700",2020-10-20,12,12,12,12,12,12,2020-08-01,0,0,0,0,0,"-",33729,0,0,0
"Westerveld","GM1701",2020-10-20,9,9,9,9,9,9,2020-08-01,0,0,0,0,0,"-",19573,0,0,0
"Sint Anthonis","GM1702",2020-10-20,21,21,20,20,20,20,2020-08-01,1,0,1,1,100,"&#11014;",11662,0,8.5748585148345,8.5748585148345
"Lingewaard","GM1705",2020-10-20,37,37,35,35,35,31,2020-08-01,6,0,2,2,200,"&#11014;&#11014;",46723,0,4.28054705391349,4.28054705391349
"Cranendonck","GM1706",2020-10-20,63,63,63,63,63,63,2020-08-01,0,0,0,0,0,"-",20941,0,0,0
"Steenwijkerland","GM1708",2020-10-20,15,15,15,15,14,14,2020-08-01,1,0,0,1,-100,"&#11015;",44258,0,0,2.25947851235935
"Moerdijk","GM1709",2020-10-20,18,18,17,17,17,14,2020-08-01,4,0,1,1,100,"&#11014;",37184,0,2.68932874354561,2.68932874354561
"Echt-Susteren","GM1711",2020-10-20,41,41,40,40,40,39,2020-08-01,2,0,1,1,100,"&#11014;",31654,0,3.15915840020219,3.15915840020219
"Sluis","GM1714",2020-10-20,9,9,9,9,9,9,2020-08-01,0,0,0,0,0,"-",23173,0,0,0
"Drimmelen","GM1719",2020-10-20,21,21,21,21,19,18,2020-08-01,3,0,0,2,-100,"&#11015;",27251,0,0,7.33918021357014
"Bernheze","GM1721",2020-10-20,96,96,95,95,95,95,2020-08-01,1,0,1,1,100,"&#11014;",31313,0,3.19356177945262,3.19356177945262
"Alphen-Chaam","GM1723",2020-10-20,18,18,18,18,18,18,2020-08-01,0,0,0,0,0,"-",10298,0,0,0
"Bergeijk","GM1724",2020-10-20,19,19,19,19,19,19,2020-08-01,0,0,0,0,0,"-",18674,0,0,0
"Bladel","GM1728",2020-10-20,22,22,21,21,21,21,2020-08-01,1,0,1,1,100,"&#11014;",20531,0,4.87068335687497,4.87068335687497
"Gulpen-Wittem","GM1729",2020-10-20,23,22,22,22,22,21,2020-08-01,2,1,1,1,100,"&#11014;",14205,7.03977472720873,7.03977472720873,7.03977472720873
"Tynaarlo","GM1730",2020-10-20,11,11,9,9,9,9,2020-08-01,2,0,2,2,200,"&#11014;&#11014;",33842,0,5.90981620471603,5.90981620471603
"Midden-Drenthe","GM1731",2020-10-20,6,6,6,6,6,6,2020-08-01,0,0,0,0,0,"-",33280,0,0,0
"Overbetuwe","GM1734",2020-10-20,59,59,56,56,56,55,2020-08-01,4,0,3,3,300,"&#11014;&#11014;",48057,0,6.24258692802297,6.24258692802297
"Hof van Twente","GM1735",2020-10-20,18,18,18,16,15,15,2020-08-01,3,0,0,3,-100,"&#11015;",35129,0,0,8.53995274559481
"Neder-Betuwe","GM1740",2020-10-20,41,41,41,41,39,37,2020-08-01,4,0,0,2,-100,"&#11015;",24526,0,0,8.15461143276523
"Rijssen-Holten","GM1742",2020-10-20,29,29,29,29,29,29,2020-08-01,0,0,0,0,0,"-",38227,0,0,0
"Geldrop-Mierlo","GM1771",2020-10-20,34,34,34,34,33,33,2020-08-01,1,0,0,1,-100,"&#11015;",39997,0,0,2.50018751406355
"Olst-Wijhe","GM1773",2020-10-20,12,12,12,12,12,12,2020-08-01,0,0,0,0,0,"-",18300,0,0,0
"Dinkelland","GM1774",2020-10-20,20,20,20,20,20,20,2020-08-01,0,0,0,0,0,"-",26545,0,0,0
"Westland","GM1783",2020-10-20,68,68,65,65,64,57,2020-08-01,11,0,3,4,200,"&#11014;&#11014;",110974,0,2.70333591652099,3.60444788869465
"Midden-Delfland","GM1842",2020-10-20,5,5,5,5,5,4,2020-08-01,1,0,0,0,0,"-",19406,0,0,0
"Berkelland","GM1859",2020-10-20,17,16,14,14,14,12,2020-08-01,5,1,3,3,300,"&#11014;&#11014;",43845,2.28076177443266,6.84228532329798,6.84228532329798
"Bronckhorst","GM1876",2020-10-20,18,18,18,17,17,17,2020-08-01,1,0,0,1,-100,"&#11015;",36077,0,0,2.77184910053497
"Sittard-Geleen","GM1883",2020-10-20,122,122,122,121,120,115,2020-08-01,7,0,0,2,-100,"&#11015;",91928,0,0,2.17561569924289
"Kaag en Braassem","GM1884",2020-10-20,8,8,8,8,8,7,2020-08-01,1,0,0,0,0,"-",27492,0,0,0
"Dantumadiel","GM1891",2020-10-20,2,2,2,2,2,2,2020-08-01,0,0,0,0,0,"-",18928,0,0,0
"Zuidplas","GM1892",2020-10-20,30,30,28,28,27,24,2020-08-01,6,0,2,3,100,"&#11014;",44750,0,4.46927374301676,6.70391061452514
"Peel en Maas","GM1894",2020-10-20,145,145,144,144,144,144,2020-08-01,1,0,1,1,100,"&#11014;",43561,0,2.29563141342026,2.29563141342026
"Oldambt","GM1895",2020-10-20,10,10,10,10,8,7,2020-08-01,3,0,0,2,-100,"&#11015;",38274,0,0,5.22547943773841
"Zwartewaterland","GM1896",2020-10-20,35,35,35,35,35,35,2020-08-01,0,0,0,0,0,"-",22755,0,0,0
"Súdwest-Fryslân","GM1900",2020-10-20,21,21,19,19,19,18,2020-08-01,3,0,2,2,200,"&#11014;&#11014;",89976,0,2.22281497288166,2.22281497288166
"Bodegraven-Reeuwijk","GM1901",2020-10-20,11,11,10,10,9,7,2020-08-01,4,0,1,2,0,"-",35157,0,2.84438376425747,5.68876752851495
"Eijsden-Margraten","GM1903",2020-10-20,55,55,55,55,54,54,2020-08-01,1,0,0,1,-100,"&#11015;",25775,0,0,3.87972841901067
"Stichtse Vecht","GM1904",2020-10-20,46,43,43,42,42,34,2020-08-01,12,3,3,4,200,"&#11014;&#11014;",65087,4.60921535790557,4.60921535790557,6.14562047720743
"Hollands Kroon","GM1911",2020-10-20,26,26,26,26,26,26,2020-08-01,0,0,0,0,0,"-",48637,0,0,0
"Leidschendam-Voorburg","GM1916",2020-10-20,36,36,34,34,33,21,2020-08-01,15,0,2,3,100,"&#11014;",76387,0,2.61824656027858,3.92736984041787
"Goeree-Overflakkee","GM1924",2020-10-20,57,57,57,57,56,54,2020-08-01,3,0,0,1,-100,"&#11015;",50356,0,0,1.98586067201525
"Pijnacker-Nootdorp","GM1926",2020-10-20,30,30,30,30,30,24,2020-08-01,6,0,0,0,0,"-",55360,0,0,0
"Nissewaard","GM1930",2020-10-20,68,68,64,64,60,56,2020-08-01,12,0,4,8,0,"-",85173,0,4.69632395242624,9.39264790485248
"Krimpenerwaard","GM1931",2020-10-20,52,51,47,47,47,45,2020-08-01,7,1,5,5,500,"&#11014;&#11014;",56353,1.77452841907263,8.87264209536316,8.87264209536316
"De Fryske Marren","GM1940",2020-10-20,22,21,20,20,18,16,2020-08-01,6,1,2,4,0,"-",51678,1.93505940632377,3.87011881264755,7.7402376252951
"Gooise Meren","GM1942",2020-10-20,27,27,26,26,25,23,2020-08-01,4,0,1,2,0,"-",58247,0,1.71682661767988,3.43365323535976
"Berg en Dal","GM1945",2020-10-20,34,34,34,33,32,29,2020-08-01,5,0,0,2,-100,"&#11015;",34972,0,0,5.71886080292806
"Meierijstad","GM1948",2020-10-20,212,211,211,211,211,211,2020-08-01,1,1,1,1,100,"&#11014;",81467,1.22749088588017,1.22749088588017,1.22749088588017
"Waadhoeke","GM1949",2020-10-20,13,13,13,13,13,12,2020-08-01,1,0,0,0,0,"-",46098,0,0,0
"Westerwolde","GM1950",2020-10-20,11,11,8,7,5,5,2020-08-01,6,0,3,6,0,"-",25719,0,11.6645281698355,23.3290563396711
"Midden-Groningen","GM1952",2020-10-20,9,9,7,7,7,6,2020-08-01,3,0,2,2,200,"&#11014;&#11014;",60720,0,3.29380764163373,3.29380764163373
"Beekdaelen","GM1954",2020-10-20,52,52,52,52,52,52,2020-08-01,0,0,0,0,0,"-",35916,0,0,0
"Montferland","GM1955",2020-10-20,24,24,22,22,22,21,2020-08-01,3,0,2,2,200,"&#11014;&#11014;",36052,0,5.54754243869966,5.54754243869966
"Altena","GM1959",2020-10-20,38,37,36,36,33,32,2020-08-01,6,1,2,5,-33.3333333333333,"&#11015;",56194,1.77954941808734,3.55909883617468,8.8977470904367
"West Betuwe","GM1960",2020-10-20,49,47,46,45,44,43,2020-08-01,6,2,3,5,50,"&#11014;",51281,3.90007995163901,5.85011992745851,9.75019987909752
"Vijfheerenlanden","GM1961",2020-10-20,44,42,41,40,40,34,2020-08-01,10,2,3,4,200,"&#11014;&#11014;",57525,3.4767492394611,5.21512385919166,6.95349847892221
"Hoeksche Waard","GM1963",2020-10-20,82,82,82,81,80,76,2020-08-01,6,0,0,2,-100,"&#11015;",87614,0,0,2.28274020133769
"Het Hogeland","GM1966",2020-10-20,7,7,8,8,7,7,2020-08-01,0,0,-1,0,-200,"&#11015;",47878,0,-2.08864196499436,0
"Westerkwartier","GM1969",2020-10-20,19,19,17,16,14,14,2020-08-01,5,0,2,5,-33.3333333333333,"&#11015;",63458,0,3.15169088215828,7.87922720539569
"Noardeast-Fryslân","GM1970",2020-10-20,7,7,7,7,7,6,2020-08-01,1,0,0,0,0,"-",45433,0,0,0
"Molenlanden","GM1978",2020-10-20,20,20,20,20,20,18,2020-08-01,2,0,0,0,0,"-",44042,0,0,0
