"municipality","Municipality_code","date","d0","d1","d7","d8","d14","dec1","lowest_since_dec1","lowest_since_dec1_date","current","increase_1d","increase_7d","increase_14d","increase_growth","growth","population","rel_increase_1d","rel_increase_7d","rel_increase_14d"
"Netherlands","",2021-01-08,36313,36046,34540,34277,32496,27813,27813,2020-12-01,8500,267,1773,3817,-13.2583170254403,"&#x2798;",17443797,1.53063005720601,10.1640715034691,21.8817038515181
"Unknown","",2021-01-08,129,1054,979,991,935,787,129,2021-01-07,0,-925,-850,-806,-2031.81818181818,"&#x2798;",NA,NA,NA,NA
"Groningen","GM0014",2021-01-08,132,128,117,116,108,76,76,2020-12-01,56,4,15,24,66.6666666666667,"&#x279A;",233456,1.71338496333356,6.42519361250086,10.2803097800014
"Almere","GM0034",2021-01-08,37,130,122,114,104,86,37,2021-01-07,0,-93,-85,-67,-572.222222222222,"&#x2798;",214551,-43.3463372345037,-39.617620053041,-31.22800639475
"Stadskanaal","GM0037",2021-01-08,26,35,34,34,32,21,21,2020-12-01,5,-9,-8,-6,-500,"&#x2798;",31702,-28.3893760646016,-25.2350009463125,-18.9262507097344
"Veendam","GM0047",2021-01-08,36,26,25,25,19,13,13,2020-12-01,23,10,11,17,83.3333333333333,"&#x279A;",27416,36.4750510650715,40.1225561715786,62.0075868106215
"Zeewolde","GM0050",2021-01-08,18,36,33,33,28,20,18,2021-01-07,0,-18,-15,-10,-400,"&#x2798;",22836,-78.8229111928534,-65.6857593273778,-43.7905062182519
"Achtkarspelen","GM0059",2021-01-08,3,17,17,17,14,10,3,2021-01-07,0,-14,-14,-11,-566.666666666667,"&#x2798;",27881,-50.2134069796636,-50.2134069796636,-39.4533911983071
"Ameland","GM0060",2021-01-08,10,3,3,3,0,0,0,2020-12-01,10,7,7,10,133.333333333333,"&#x279A;",3747,186.816119562317,186.816119562317,266.880170803309
"Harlingen","GM0072",2021-01-08,42,10,9,9,7,7,7,2020-12-01,35,32,33,35,1550,"&#x279A;",15835,202.083991158825,208.399115882539,221.029365329965
"Heerenveen","GM0074",2021-01-08,96,42,41,40,38,32,32,2020-12-01,64,54,55,58,1733.33333333333,"&#x279A;",50626,106.664559712401,108.639829336704,114.565638209616
"Leeuwarden","GM0080",2021-01-08,21,96,88,87,73,65,21,2021-01-07,0,-75,-67,-52,-546.666666666667,"&#x2798;",124517,-60.2327393046733,-53.8079137788414,-41.7613659179068
"Ooststellingwerf","GM0085",2021-01-08,27,21,21,21,20,16,16,2020-12-01,11,6,6,7,500,"&#x279A;",25437,23.5876872272674,23.5876872272674,27.5189684318119
"Opsterland","GM0086",2021-01-08,1,26,23,22,20,16,1,2021-01-07,0,-25,-22,-19,-833.333333333333,"&#x2798;",29812,-83.8588487857239,-73.795786931437,-63.7327250771501
"Schiermonnikoog","GM0088",2021-01-08,47,1,1,1,1,1,1,2020-12-01,46,46,46,46,4600,"&#x279A;",936,4914.52991452991,4914.52991452991,4914.52991452991
"Smallingerland","GM0090",2021-01-08,1,46,41,41,36,29,1,2021-01-07,0,-45,-40,-35,-900,"&#x2798;",56060,-80.2711380663575,-71.3521227256511,-62.4331073849447
"Terschelling","GM0093",2021-01-08,0,1,1,1,1,1,0,2021-01-07,0,-1,-1,-1,-100,"&#x2798;",4883,-20.4792135981978,-20.4792135981978,-20.4792135981978
"Vlieland","GM0096",2021-01-08,15,0,0,0,0,0,0,2020-12-01,15,15,15,15,1500,"&#x279A;",1200,1250,1250,1250
"Weststellingwerf","GM0098",2021-01-08,59,15,15,15,14,10,10,2020-12-01,49,44,44,45,4300,"&#x279A;",26112,168.504901960784,168.504901960784,172.334558823529
"Assen","GM0106",2021-01-08,54,58,55,54,46,35,35,2020-12-01,19,-4,-1,8,-111.111111111111,"&#x2798;",68812,-5.81293960355752,-1.45323490088938,11.625879207115
"Coevorden","GM0109",2021-01-08,157,53,48,45,41,28,28,2020-12-01,129,104,109,116,1457.14285714286,"&#x279A;",35309,294.542467926025,308.703163499391,328.528137302104
"Emmen","GM0114",2021-01-08,94,156,148,146,141,117,94,2021-01-07,0,-62,-54,-47,-871.428571428572,"&#x2798;",106984,-57.9525910416511,-50.4748373588574,-43.9318028864129
"Hoogeveen","GM0118",2021-01-08,24,93,86,85,71,55,24,2021-01-07,0,-69,-62,-47,-513.333333333333,"&#x2798;",55604,-124.091791957413,-111.502769584922,-84.5262930724408
"Meppel","GM0119",2021-01-08,229,24,21,19,13,11,11,2020-12-01,218,205,208,216,2500,"&#x279A;",34324,597.249737792798,605.989977858059,629.297284698753
"Almelo","GM0141",2021-01-08,55,229,214,213,203,166,55,2021-01-07,0,-174,-159,-148,-1545.45454545455,"&#x2798;",73180,-237.769882481552,-217.27247881935,-202.241049467068
"Borne","GM0147",2021-01-08,28,55,52,52,48,38,28,2021-01-07,0,-27,-24,-20,-700,"&#x2798;",23637,-114.22769386978,-101.535727884249,-84.6131065702077
"Dalfsen","GM0148",2021-01-08,187,28,25,25,21,13,13,2020-12-01,174,159,162,166,3950,"&#x279A;",28919,549.81154258446,560.185345274733,574.017082195097
"Deventer","GM0150",2021-01-08,346,185,179,177,167,132,132,2020-12-01,214,161,167,179,1291.66666666667,"&#x279A;",101100,159.248269040554,165.182987141444,177.052423343225
"Enschede","GM0153",2021-01-08,62,344,323,323,296,238,62,2021-01-07,0,-282,-261,-234,-1066.66666666667,"&#x2798;",159872,-176.391112890312,-163.255604483587,-146.36709367494
"Haaksbergen","GM0158",2021-01-08,83,62,59,58,57,47,47,2020-12-01,36,21,24,26,1100,"&#x279A;",24237,86.64438668152,99.0221562074514,107.274002558072
"Hardenberg","GM0160",2021-01-08,67,80,76,72,61,47,47,2020-12-01,20,-13,-9,6,-160,"&#x2798;",61327,-21.197841081416,-14.6754284409803,9.78361896065355
"Hellendoorn","GM0163",2021-01-08,172,65,56,56,51,37,37,2020-12-01,135,107,116,121,2220,"&#x279A;",35903,298.025234660056,323.092777762304,337.019190596886
"Hengelo","GM0164",2021-01-08,49,169,160,158,147,127,49,2021-01-07,0,-120,-111,-98,-953.846153846154,"&#x2798;",81099,-147.967299226871,-136.869751784856,-120.839961035278
"Kampen","GM0166",2021-01-08,69,49,47,47,43,40,40,2020-12-01,29,20,22,26,450,"&#x279A;",54438,36.7390425805504,40.4129468386054,47.7607553547155
"Losser","GM0168",2021-01-08,47,69,63,63,61,41,41,2020-12-01,6,-22,-16,-14,-900,"&#x2798;",22867,-96.208510080028,-69.9698255127476,-61.2235973236542
"Noordoostpolder","GM0171",2021-01-08,88,47,39,39,35,26,26,2020-12-01,62,41,49,53,1125,"&#x279A;",47597,86.1398827657205,102.947664768788,111.351555770322
"Oldenzaal","GM0173",2021-01-08,32,85,81,81,78,58,32,2021-01-07,0,-53,-49,-46,-1733.33333333333,"&#x2798;",31734,-167.013298039957,-154.408520829394,-144.954937921472
"Ommen","GM0175",2021-01-08,50,32,28,28,26,19,19,2020-12-01,31,18,22,24,1000,"&#x279A;",18272,98.5113835376532,120.402802101576,131.348511383538
"Raalte","GM0177",2021-01-08,28,50,49,49,46,36,28,2021-01-07,0,-22,-21,-18,-800,"&#x2798;",37920,-58.0168776371308,-55.379746835443,-47.4683544303797
"Staphorst","GM0180",2021-01-08,49,28,24,24,18,15,15,2020-12-01,34,21,25,31,316.666666666667,"&#x279A;",17276,121.555915721232,144.709423477657,179.439685112295
"Tubbergen","GM0183",2021-01-08,66,49,47,46,44,39,39,2020-12-01,27,17,19,22,533.333333333333,"&#x279A;",21322,79.7298564862583,89.1098396022887,103.179814276334
"Urk","GM0184",2021-01-08,63,65,62,62,60,45,45,2020-12-01,18,-2,1,3,-50,"&#x2798;",21208,-9.43040362127499,4.7152018106375,14.1456054319125
"Wierden","GM0189",2021-01-08,71,62,58,58,54,38,38,2020-12-01,33,9,13,17,225,"&#x279A;",24532,36.6867764552421,52.9920104353497,69.2972444154574
"Zwolle","GM0193",2021-01-08,38,71,69,66,55,45,38,2021-01-07,0,-33,-31,-17,-321.428571428571,"&#x2798;",129697,-25.4439192888039,-23.9018635743309,-13.1074735730202
"Aalten","GM0197",2021-01-08,306,38,37,37,32,24,24,2020-12-01,282,268,269,274,5280,"&#x279A;",27133,987.727121954815,991.412670917333,1009.84041572992
"Apeldoorn","GM0200",2021-01-08,119,306,285,283,261,224,119,2021-01-07,0,-187,-166,-142,-791.666666666667,"&#x2798;",164717,-113.528051142262,-100.778911709174,-86.2084666427873
"Arnhem","GM0202",2021-01-08,96,120,116,116,106,67,67,2020-12-01,29,-24,-20,-10,-300,"&#x2798;",162353,-14.7826033396365,-12.3188361163637,-6.15941805818186
"Barneveld","GM0203",2021-01-08,49,94,84,84,79,64,49,2021-01-07,0,-45,-35,-30,-800,"&#x2798;",59938,-75.0775801661717,-58.393673462578,-50.0517201107811
"Beuningen","GM0209",2021-01-08,34,48,47,47,41,37,34,2021-01-07,0,-14,-13,-7,-316.666666666667,"&#x2798;",26159,-53.5188654000535,-49.6960893000497,-26.7594327000268
"Brummen","GM0213",2021-01-08,70,34,32,31,24,21,21,2020-12-01,49,36,38,46,375,"&#x279A;",20867,172.521205731538,182.105717161068,220.443762879187
"Buren","GM0214",2021-01-08,71,70,67,66,62,47,47,2020-12-01,24,1,4,9,-20,"&#x2798;",26997,3.70411527206727,14.8164610882691,33.3370374486054
"Culemborg","GM0216",2021-01-08,17,71,71,71,71,60,17,2021-01-07,0,-54,-54,-54,-5400,"&#x2798;",29132,-185.363174515996,-185.363174515996,-185.363174515996
"Doesburg","GM0221",2021-01-08,88,17,15,14,14,10,10,2020-12-01,78,71,73,74,7200,"&#x279A;",11061,641.894946207395,659.976493987885,669.01726787813
"Doetinchem","GM0222",2021-01-08,61,88,82,80,73,66,61,2021-01-07,0,-27,-21,-12,-333.333333333333,"&#x2798;",58227,-46.3702406100263,-36.0657426966871,-20.6089958266783
"Druten","GM0225",2021-01-08,19,60,59,59,56,47,19,2021-01-07,0,-41,-40,-37,-1433.33333333333,"&#x2798;",18980,-216.016859852476,-210.748155953635,-194.942044257113
"Duiven","GM0226",2021-01-08,239,19,19,19,16,11,11,2020-12-01,228,220,220,223,7233.33333333333,"&#x279A;",25072,877.47287811104,877.47287811104,889.438417358009
"Ede","GM0228",2021-01-08,38,234,223,222,213,172,38,2021-01-07,0,-196,-185,-175,-1950,"&#x2798;",118538,-165.347820951931,-156.06809630667,-147.631982992796
"Elburg","GM0230",2021-01-08,70,38,34,34,30,25,25,2020-12-01,45,32,36,40,800,"&#x279A;",23443,136.501301028025,153.563963656529,170.626626285032
"Epe","GM0232",2021-01-08,75,70,67,67,62,49,49,2020-12-01,26,5,8,13,60,"&#x279A;",33198,15.0611482619435,24.0978372191096,39.1589854810531
"Ermelo","GM0233",2021-01-08,126,75,71,71,64,53,53,2020-12-01,73,51,55,62,685.714285714286,"&#x279A;",27044,188.581570773554,203.372282206774,229.256027214909
"Harderwijk","GM0243",2021-01-08,11,126,117,116,102,80,11,2021-01-07,0,-115,-106,-91,-806.666666666667,"&#x2798;",48657,-236.34831576135,-217.851491049592,-187.023449863329
"Hattem","GM0244",2021-01-08,23,11,10,10,10,9,9,2020-12-01,14,12,13,13,1300,"&#x279A;",12235,98.0792807519411,106.252554147936,106.252554147936
"Heerde","GM0246",2021-01-08,42,23,22,22,20,18,18,2020-12-01,24,19,20,22,900,"&#x279A;",18744,101.365770379855,106.700810926163,117.370892018779
"Heumen","GM0252",2021-01-08,48,42,40,40,38,33,33,2020-12-01,15,6,8,10,300,"&#x279A;",16579,36.1903613004403,48.2538150672538,60.3172688340672
"Lochem","GM0262",2021-01-08,51,48,47,47,45,34,34,2020-12-01,17,3,4,6,100,"&#x279A;",33907,8.8477305571121,11.7969740761495,17.6954611142242
"Maasdriel","GM0263",2021-01-08,81,50,49,49,48,42,42,2020-12-01,39,31,32,33,3100,"&#x279A;",25441,121.850556188829,125.781219291695,129.71188239456
"Nijkerk","GM0267",2021-01-08,376,79,71,71,70,57,57,2020-12-01,319,297,305,306,30400,"&#x279A;",43577,681.552194965234,699.910503247126,702.205291782362
"Nijmegen","GM0268",2021-01-08,31,373,356,354,344,308,31,2021-01-07,0,-342,-325,-313,-2808.33333333333,"&#x2798;",177463,-192.716228171506,-183.13676653725,-176.374793618952
"Oldebroek","GM0269",2021-01-08,41,30,28,28,24,14,14,2020-12-01,27,11,13,17,225,"&#x279A;",23749,46.3177396943029,54.7391469114489,71.5819613457409
"Putten","GM0273",2021-01-08,34,41,37,37,35,30,30,2020-12-01,4,-7,-3,-1,-250,"&#x2798;",24384,-28.7073490813648,-12.3031496062992,-4.1010498687664
"Renkum","GM0274",2021-01-08,28,34,33,33,31,22,22,2020-12-01,6,-6,-5,-3,-350,"&#x2798;",31413,-19.1003724572629,-15.9169770477191,-9.55018622863146
"Rheden","GM0275",2021-01-08,1,28,26,26,24,15,1,2021-01-07,0,-27,-25,-23,-1350,"&#x2798;",43565,-61.9763571674509,-57.3855158957879,-52.7946746241249
"Rozendaal","GM0277",2021-01-08,12,1,0,0,0,0,0,2020-12-01,12,11,12,12,1200,"&#x279A;",1718,640.279394644936,698.48661233993,698.48661233993
"Scherpenzeel","GM0279",2021-01-08,131,11,10,10,10,9,9,2020-12-01,122,120,121,121,12100,"&#x279A;",10110,1186.94362017804,1196.83481701286,1196.83481701286
"Tiel","GM0281",2021-01-08,55,130,128,126,124,109,55,2021-01-07,0,-75,-73,-69,-1925,"&#x2798;",41899,-179.001885486527,-174.228501873553,-164.681734647605
"Voorst","GM0285",2021-01-08,58,55,53,53,49,35,35,2020-12-01,23,3,5,9,25,"&#x279A;",24762,12.1153380179307,20.1922300298845,36.3460140537921
"Wageningen","GM0289",2021-01-08,16,58,54,54,53,47,16,2021-01-07,0,-42,-38,-37,-3900,"&#x2798;",39719,-105.742843475415,-95.6720964777562,-93.1544097283416
"Westervoort","GM0293",2021-01-08,35,16,16,16,16,9,9,2020-12-01,26,19,19,19,1900,"&#x279A;",15017,126.523273623227,126.523273623227,126.523273623227
"Winterswijk","GM0294",2021-01-08,120,35,34,34,34,33,33,2020-12-01,87,85,86,86,8600,"&#x279A;",29007,293.032716240907,296.480159961389,296.480159961389
"Wijchen","GM0296",2021-01-08,61,119,117,117,112,94,61,2021-01-07,0,-58,-56,-51,-1220,"&#x2798;",41259,-140.575389611963,-135.727962383965,-123.609394313968
"Zaltbommel","GM0297",2021-01-08,40,59,55,54,52,40,40,2020-12-01,0,-19,-15,-12,-600,"&#x2798;",29436,-64.5468134257372,-50.9580105992662,-40.766408479413
"Zevenaar","GM0299",2021-01-08,79,40,40,39,37,30,30,2020-12-01,49,39,39,42,1200,"&#x279A;",44085,88.4654644436883,88.4654644436883,95.2705001701259
"Zutphen","GM0301",2021-01-08,105,79,76,75,67,57,57,2020-12-01,48,26,29,38,222.222222222222,"&#x279A;",48105,54.0484357135433,60.2847936804906,78.9938675813325
"Nunspeet","GM0302",2021-01-08,81,104,99,99,97,90,81,2021-01-07,0,-23,-18,-16,-1000,"&#x2798;",28017,-82.0930149552058,-64.246707356248,-57.1081843166649
"Dronten","GM0303",2021-01-08,266,81,75,74,68,52,52,2020-12-01,214,185,191,198,2628.57142857143,"&#x279A;",41936,441.148416634872,455.455932850057,472.148035101106
"Amersfoort","GM0307",2021-01-08,24,265,248,241,227,183,24,2021-01-07,0,-241,-224,-203,-1166.66666666667,"&#x2798;",157547,-152.970224758326,-142.179793966245,-128.85043828191
"Baarn","GM0308",2021-01-08,80,24,23,23,22,21,21,2020-12-01,59,56,57,58,5600,"&#x279A;",24844,225.406536789567,229.431653517952,233.456770246337
"De Bilt","GM0310",2021-01-08,27,80,78,77,74,65,27,2021-01-07,0,-53,-51,-47,-1375,"&#x2798;",43371,-122.201471029029,-117.590094763782,-108.36734223329
"Bunnik","GM0312",2021-01-08,78,26,26,26,22,20,20,2020-12-01,58,52,52,56,1200,"&#x279A;",15345,338.872596937113,338.872596937113,364.939719778429
"Bunschoten","GM0313",2021-01-08,3,78,73,73,67,54,3,2021-01-07,0,-75,-70,-64,-1266.66666666667,"&#x2798;",22036,-340.352151025594,-317.662007623888,-290.433835541841
"Eemnes","GM0317",2021-01-08,73,3,2,2,2,1,1,2020-12-01,72,70,71,71,7100,"&#x279A;",9361,747.783356479009,758.46597585728,758.46597585728
"Houten","GM0321",2021-01-08,33,73,69,66,62,56,33,2021-01-07,0,-40,-36,-29,-614.285714285714,"&#x2798;",50206,-79.6717523801936,-71.7045771421742,-57.7620204756404
"Leusden","GM0327",2021-01-08,33,33,33,32,29,23,23,2020-12-01,10,0,0,4,-100,"&#x2798;",30522,0,0,13.1053010942926
"Lopik","GM0331",2021-01-08,30,33,33,33,31,30,30,2020-12-01,0,-3,-3,-1,-250,"&#x2798;",14455,-20.7540643375994,-20.7540643375994,-6.91802144586648
"Montfoort","GM0335",2021-01-08,7,30,28,28,25,24,7,2021-01-07,0,-23,-21,-18,-800,"&#x2798;",13878,-165.729932266897,-151.318633808906,-129.70168612192
"Renswoude","GM0339",2021-01-08,41,7,6,6,6,4,4,2020-12-01,37,34,35,35,3500,"&#x279A;",5547,612.943933657833,630.971696412475,630.971696412475
"Rhenen","GM0340",2021-01-08,85,38,35,35,33,27,27,2020-12-01,58,47,50,52,2400,"&#x279A;",20193,232.753924627346,247.610558114198,257.514980438766
"Soest","GM0342",2021-01-08,751,85,80,79,71,61,61,2020-12-01,690,666,671,680,7355.55555555556,"&#x279A;",46906,1419.86099859293,1430.52061569948,1449.70792649128
"Utrecht","GM0344",2021-01-08,175,742,717,711,690,627,175,2021-01-07,0,-567,-542,-515,-2107.40740740741,"&#x2798;",359548,-157.69799859824,-150.744824056871,-143.235395552193
"Veenendaal","GM0345",2021-01-08,24,175,168,166,157,115,24,2021-01-07,0,-151,-144,-133,-1409.09090909091,"&#x2798;",66945,-225.55829412204,-215.101949361416,-198.670550451863
"Woudenberg","GM0351",2021-01-08,43,24,23,23,22,17,17,2020-12-01,26,19,20,21,1900,"&#x279A;",13625,139.449541284404,146.788990825688,154.128440366972
"Wijk bij Duurstede","GM0352",2021-01-08,93,41,39,37,32,29,29,2020-12-01,64,52,54,61,671.428571428571,"&#x279A;",23917,217.418572563449,225.78082535435,255.048710122507
"IJsselstein","GM0353",2021-01-08,110,92,92,91,88,79,79,2020-12-01,31,18,18,22,350,"&#x279A;",33855,53.167922020381,53.167922020381,64.9830158026879
"Zeist","GM0355",2021-01-08,113,110,104,103,96,81,81,2020-12-01,32,3,9,17,12.5,"&#x279A;",65005,4.61502961310668,13.8450888393201,26.1518344742712
"Nieuwegein","GM0356",2021-01-08,36,112,110,110,108,93,36,2021-01-07,0,-76,-74,-72,-3800,"&#x2798;",63811,-119.101722273589,-115.967466424284,-112.833210574979
"Aalsmeer","GM0358",2021-01-08,215,35,34,34,32,29,29,2020-12-01,186,180,181,183,8950,"&#x279A;",31957,563.2568764277,566.386081296743,572.644491034828
"Alkmaar","GM0361",2021-01-08,142,214,203,200,182,148,142,2021-01-07,0,-72,-61,-40,-390.47619047619,"&#x2798;",109841,-65.5492939794794,-55.5348185103923,-36.4162744330441
"Amstelveen","GM0362",2021-01-08,2276,142,140,140,140,132,132,2020-12-01,2144,2134,2136,2136,213600,"&#x279A;",90956,2346.189366287,2348.38823167246,2348.38823167246
"Amsterdam","GM0363",2021-01-08,11,2265,2208,2200,2118,1876,11,2021-01-07,0,-2254,-2197,-2107,-2541.11111111111,"&#x2798;",873289,-258.104705315193,-251.577656423017,-241.271789751159
"Beemster","GM0370",2021-01-08,64,11,11,11,10,9,9,2020-12-01,55,53,53,54,5200,"&#x279A;",10073,526.159039015189,526.159039015189,536.086568053212
"Bergen (NH.)","GM0373",2021-01-08,49,63,59,58,59,44,44,2020-12-01,5,-14,-10,-10,-1000,"&#x2798;",29706,-47.1285262236585,-33.6632330168989,-33.6632330168989
"Beverwijk","GM0375",2021-01-08,4,49,48,47,45,39,4,2021-01-07,0,-45,-44,-41,-1566.66666666667,"&#x2798;",41830,-107.578293091083,-105.187664355726,-98.0157781496534
"Blaricum","GM0376",2021-01-08,8,4,3,3,3,3,3,2020-12-01,5,4,5,5,500,"&#x279A;",11919,33.5598624045641,41.9498280057052,41.9498280057052
"Bloemendaal","GM0377",2021-01-08,47,7,7,7,7,6,6,2020-12-01,41,40,40,40,4000,"&#x279A;",23529,170.002975052063,170.002975052063,170.002975052063
"Castricum","GM0383",2021-01-08,69,47,47,45,42,32,32,2020-12-01,37,22,22,27,340,"&#x279A;",36164,60.8339785421967,60.8339785421967,74.6598827563323
"Diemen","GM0384",2021-01-08,96,68,65,65,59,51,51,2020-12-01,45,28,31,37,416.666666666667,"&#x279A;",31304,89.4454382826476,99.0288780986455,118.195757730641
"Edam-Volendam","GM0385",2021-01-08,54,96,92,92,89,78,54,2021-01-07,0,-42,-38,-35,-1366.66666666667,"&#x2798;",36247,-115.871658344139,-104.836262311364,-96.5597152867823
"Enkhuizen","GM0388",2021-01-08,123,54,49,48,42,29,29,2020-12-01,94,69,74,81,957.142857142857,"&#x279A;",18666,369.656059144969,396.442730097503,433.944069431051
"Haarlem","GM0392",2021-01-08,175,118,113,112,101,76,76,2020-12-01,99,57,62,74,416.666666666667,"&#x279A;",162754,35.0221807144525,38.0943018297553,45.4673925064822
"Haarlemmermeer","GM0394",2021-01-08,63,158,156,154,135,110,63,2021-01-07,0,-95,-93,-72,-542.857142857143,"&#x2798;",157730,-60.2295061180498,-58.9615165155646,-45.6476256894693
"Heemskerk","GM0396",2021-01-08,14,63,59,58,55,51,14,2021-01-07,0,-49,-45,-41,-1225,"&#x2798;",39233,-124.894858919787,-114.699360232457,-104.503861545128
"Heemstede","GM0397",2021-01-08,90,13,13,13,12,9,9,2020-12-01,81,77,77,78,7600,"&#x279A;",27494,280.061104240925,280.061104240925,283.698261438859
"Heerhugowaard","GM0398",2021-01-08,30,88,82,80,77,66,30,2021-01-07,0,-58,-52,-47,-1140,"&#x2798;",58303,-99.4803011851877,-89.1892355453407,-80.6133475121349
"Heiloo","GM0399",2021-01-08,68,30,25,25,23,20,20,2020-12-01,48,38,43,45,2050,"&#x279A;",24119,157.552137319126,178.282681703222,186.57489945686
"Den Helder","GM0400",2021-01-08,34,68,61,60,52,37,34,2021-01-07,0,-34,-27,-18,-400,"&#x2798;",56531,-60.1439917921141,-47.7614052466788,-31.8409368311192
"Hilversum","GM0402",2021-01-08,126,33,28,28,28,26,26,2020-12-01,100,93,98,98,9800,"&#x279A;",91247,101.921159051804,107.400791258891,107.400791258891
"Hoorn","GM0405",2021-01-08,31,122,112,109,103,85,31,2021-01-07,0,-91,-81,-72,-1000,"&#x2798;",73579,-123.676592506014,-110.085758164694,-97.8540072575055
"Huizen","GM0406",2021-01-08,22,31,28,27,26,24,22,2021-01-07,0,-9,-6,-4,-400,"&#x2798;",41130,-21.8818380743982,-14.5878920495988,-9.72526136639922
"Landsmeer","GM0415",2021-01-08,49,22,19,18,15,12,12,2020-12-01,37,27,30,34,650,"&#x279A;",11564,233.483223797994,259.425804219993,294.015911449326
"Langedijk","GM0416",2021-01-08,8,48,45,44,41,35,8,2021-01-07,0,-40,-37,-33,-1025,"&#x2798;",28332,-141.183114499506,-130.594380912043,-116.476069462092
"Laren","GM0417",2021-01-08,76,8,8,8,8,7,7,2020-12-01,69,68,68,68,6800,"&#x279A;",11401,596.438908867643,596.438908867643,596.438908867643
"Medemblik","GM0420",2021-01-08,25,75,68,66,57,43,25,2021-01-07,0,-50,-43,-32,-490.909090909091,"&#x2798;",45194,-110.634154976324,-95.1453732796389,-70.8058591848475
"Oostzaan","GM0431",2021-01-08,9,24,24,23,22,20,9,2021-01-07,0,-15,-15,-13,-850,"&#x2798;",9685,-154.878678368611,-154.878678368611,-134.228187919463
"Opmeer","GM0432",2021-01-08,18,9,8,8,8,7,7,2020-12-01,11,9,10,10,1000,"&#x279A;",11988,75.0750750750751,83.4167500834167,83.4167500834167
"Ouder-Amstel","GM0437",2021-01-08,202,18,18,18,18,16,16,2020-12-01,186,184,184,184,18400,"&#x279A;",14120,1303.11614730878,1303.11614730878,1303.11614730878
"Purmerend","GM0439",2021-01-08,74,198,185,184,177,154,74,2021-01-07,0,-124,-111,-103,-1487.5,"&#x2798;",81708,-151.759925588682,-135.849610809223,-126.058647868018
"Schagen","GM0441",2021-01-08,13,72,65,65,56,40,13,2021-01-07,0,-59,-52,-43,-677.777777777778,"&#x2798;",46546,-126.756327074292,-111.71744081124,-92.3817299016027
"Texel","GM0448",2021-01-08,17,13,13,13,13,11,11,2020-12-01,6,4,4,4,400,"&#x279A;",13658,29.2868648411188,29.2868648411188,29.2868648411188
"Uitgeest","GM0450",2021-01-08,42,17,17,17,17,13,13,2020-12-01,29,25,25,25,2500,"&#x279A;",13644,183.230724127822,183.230724127822,183.230724127822
"Uithoorn","GM0451",2021-01-08,83,41,41,41,40,39,39,2020-12-01,44,42,42,43,4100,"&#x279A;",30138,139.358948835357,139.358948835357,142.677019045723
"Velsen","GM0453",2021-01-08,18,81,77,77,73,57,18,2021-01-07,0,-63,-59,-55,-1575,"&#x2798;",68683,-91.7257545535285,-85.9018971215585,-80.0780396895884
"Weesp","GM0457",2021-01-08,14,18,18,18,17,14,14,2020-12-01,0,-4,-4,-3,-500,"&#x2798;",20459,-19.551297717386,-19.551297717386,-14.6634732880395
"Zandvoort","GM0473",2021-01-08,413,14,14,14,11,9,9,2020-12-01,404,399,399,402,13200,"&#x279A;",17168,2324.09133271202,2324.09133271202,2341.56570363467
"Zaanstad","GM0479",2021-01-08,68,412,399,396,380,327,68,2021-01-07,0,-344,-331,-312,-1842.10526315789,"&#x2798;",157106,-218.96044708668,-210.685779028172,-198.592033404198
"Alblasserdam","GM0482",2021-01-08,223,68,63,62,56,49,49,2020-12-01,174,155,160,167,2185.71428571429,"&#x279A;",20193,767.592730154014,792.353785965434,827.019264101421
"Alphen aan den Rijn","GM0484",2021-01-08,114,223,217,216,199,162,114,2021-01-07,0,-109,-103,-85,-672.222222222222,"&#x2798;",112552,-96.8441253820456,-91.5132560949606,-75.5206482337053
"Barendrecht","GM0489",2021-01-08,29,114,108,108,106,91,29,2021-01-07,0,-85,-79,-77,-4050,"&#x2798;",48635,-174.771255268839,-162.434460779274,-158.322195949419
"Drechterland","GM0498",2021-01-08,44,29,26,26,21,19,19,2020-12-01,25,15,18,23,260,"&#x279A;",19834,75.6277099929414,90.7532519915297,115.962488655844
"Brielle","GM0501",2021-01-08,230,44,41,41,39,34,34,2020-12-01,196,186,189,191,9350,"&#x279A;",17408,1068.47426470588,1085.70772058824,1097.19669117647
"Capelle aan den IJssel","GM0502",2021-01-08,181,228,213,209,197,178,178,2020-12-01,3,-47,-32,-16,-300,"&#x2798;",67204,-69.9363133146836,-47.6162133206357,-23.8081066603178
"Delft","GM0503",2021-01-08,392,180,174,173,168,144,144,2020-12-01,248,212,218,224,3533.33333333333,"&#x279A;",103880,204.081632653061,209.857527916827,215.633423180593
"Dordrecht","GM0505",2021-01-08,65,390,376,373,356,304,65,2021-01-07,0,-325,-311,-291,-1655,"&#x2798;",119184,-272.687609075044,-260.941065914888,-244.160289971808
"Gorinchem","GM0512",2021-01-08,205,63,61,61,58,44,44,2020-12-01,161,142,144,147,4700,"&#x279A;",37405,379.628391926213,384.975270685737,392.995588825023
"Gouda","GM0513",2021-01-08,1398,204,196,191,182,161,161,2020-12-01,1237,1194,1202,1216,8485.71428571429,"&#x279A;",73754,1618.89524635952,1629.74211568186,1648.72413699596
"'s-Gravenhage","GM0518",2021-01-08,27,1392,1360,1358,1312,1170,27,2021-01-07,0,-1365,-1333,-1285,-2877.08333333333,"&#x2798;",548076,-249.053051036718,-243.214444712047,-234.456535225042
"Hardinxveld-Giessendam","GM0523",2021-01-08,79,27,25,24,20,15,15,2020-12-01,64,52,54,59,980,"&#x279A;",18399,282.624055655199,293.494211641937,320.669601608783
"Hellevoetsluis","GM0530",2021-01-08,85,76,73,73,72,61,61,2020-12-01,24,9,12,13,1100,"&#x279A;",40235,22.3685845656766,29.8247794209022,32.3101777059774
"Hendrik-Ido-Ambacht","GM0531",2021-01-08,55,83,79,78,76,67,55,2021-01-07,0,-28,-24,-21,-900,"&#x2798;",31255,-89.5856662933931,-76.7877139657655,-67.1892497200448
"Stede Broec","GM0532",2021-01-08,18,54,44,42,41,35,18,2021-01-07,0,-36,-26,-23,-966.666666666667,"&#x2798;",21768,-165.380374862183,-119.44138184491,-105.659683939728
"Hillegom","GM0534",2021-01-08,157,17,17,17,14,12,12,2020-12-01,145,140,140,143,4566.66666666667,"&#x279A;",22217,630.148084799928,630.148084799928,643.651258045641
"Katwijk","GM0537",2021-01-08,77,157,146,142,128,97,77,2021-01-07,0,-80,-69,-51,-483.333333333333,"&#x2798;",66005,-121.202939171275,-104.537535035225,-77.2668737216877
"Krimpen aan den IJssel","GM0542",2021-01-08,175,77,73,70,63,57,57,2020-12-01,118,98,102,112,920,"&#x279A;",29443,332.846516998947,346.432089121353,380.396019427368
"Leiden","GM0546",2021-01-08,63,175,170,170,163,137,63,2021-01-07,0,-112,-107,-100,-1628.57142857143,"&#x2798;",124121,-90.2345292094005,-86.2062020125523,-80.5665439369647
"Leiderdorp","GM0547",2021-01-08,39,62,61,61,59,50,39,2021-01-07,0,-23,-22,-20,-1200,"&#x2798;",27374,-84.0213341126616,-80.3682326295024,-73.062029663184
"Lisse","GM0553",2021-01-08,91,39,39,39,33,21,21,2020-12-01,70,52,52,58,766.666666666667,"&#x279A;",22999,226.096786816818,226.096786816818,252.184877603374
"Maassluis","GM0556",2021-01-08,43,91,89,88,84,80,43,2021-01-07,0,-48,-46,-41,-1020,"&#x2798;",33557,-143.04020025628,-137.080191912269,-122.180171052239
"Nieuwkoop","GM0569",2021-01-08,89,43,39,38,36,23,23,2020-12-01,66,46,50,53,1566.66666666667,"&#x279A;",29146,157.826116791326,171.550126947094,181.84313456392
"Noordwijk","GM0575",2021-01-08,38,88,85,85,78,66,38,2021-01-07,0,-50,-47,-40,-771.428571428571,"&#x2798;",43998,-113.641529160416,-106.823037410791,-90.9132233283331
"Oegstgeest","GM0579",2021-01-08,37,38,35,35,33,30,30,2020-12-01,7,-1,2,4,0,"-",25061,-3.9902637564343,7.9805275128686,15.9610550257372
"Oudewater","GM0589",2021-01-08,87,36,36,36,35,33,33,2020-12-01,54,51,51,52,5000,"&#x279A;",10156,502.166207168176,502.166207168176,512.01260338716
"Papendrecht","GM0590",2021-01-08,135,87,86,85,82,63,63,2020-12-01,72,48,49,53,1125,"&#x279A;",32142,149.337315661751,152.448509738037,164.893286043183
"Ridderkerk","GM0597",2021-01-08,2283,135,133,131,126,102,102,2020-12-01,2181,2148,2150,2157,30614.2857142857,"&#x279A;",46633,4606.18017283898,4610.46898119358,4625.47981043467
"Rotterdam","GM0599",2021-01-08,139,2274,2225,2219,2160,1941,139,2021-01-07,0,-2135,-2086,-2021,-3309.23076923077,"&#x2798;",652742,-327.081756651173,-319.574962236228,-309.616969644975
"Rijswijk","GM0603",2021-01-08,226,139,134,134,130,113,113,2020-12-01,113,87,92,96,2200,"&#x279A;",55236,157.505974364545,166.55804185676,173.799695850532
"Schiedam","GM0606",2021-01-08,98,226,222,222,217,196,98,2021-01-07,0,-128,-124,-119,-2580,"&#x2798;",79316,-161.37979726663,-156.336678602047,-150.03278027132
"Sliedrecht","GM0610",2021-01-08,64,97,92,90,85,60,60,2020-12-01,4,-33,-28,-21,-500,"&#x2798;",25570,-129.057489245209,-109.503324208056,-82.1274931560422
"Albrandswaard","GM0613",2021-01-08,21,63,62,62,61,55,21,2021-01-07,0,-42,-41,-40,-4200,"&#x2798;",25806,-162.752848174843,-158.877780361156,-155.00271254747
"Westvoorne","GM0614",2021-01-08,177,21,18,18,17,15,15,2020-12-01,162,156,159,160,15800,"&#x279A;",14893,1047.47196669576,1067.61565836299,1074.33022225206
"Vlaardingen","GM0622",2021-01-08,30,177,171,170,170,156,30,2021-01-07,0,-147,-141,-140,-14200,"&#x2798;",73950,-198.782961460446,-190.669371196755,-189.317106152806
"Voorschoten","GM0626",2021-01-08,71,30,30,30,29,20,20,2020-12-01,51,41,41,42,4000,"&#x279A;",25643,159.887688647974,159.887688647974,163.787388371095
"Waddinxveen","GM0627",2021-01-08,34,70,70,70,67,55,34,2021-01-07,0,-36,-36,-33,-1300,"&#x2798;",30320,-118.733509234828,-118.733509234828,-108.839050131926
"Wassenaar","GM0629",2021-01-08,123,34,33,33,33,26,26,2020-12-01,97,89,90,90,9000,"&#x279A;",26845,331.532873905755,335.257962376606,335.257962376606
"Woerden","GM0632",2021-01-08,247,122,117,114,112,99,99,2020-12-01,148,125,130,135,2500,"&#x279A;",52671,237.322245638017,246.815135463538,256.308025289058
"Zoetermeer","GM0637",2021-01-08,14,245,236,236,219,184,14,2021-01-07,0,-231,-222,-205,-1405.88235294118,"&#x2798;",125284,-184.381086172217,-177.197407490182,-163.62823664634
"Zoeterwoude","GM0638",2021-01-08,147,14,14,14,13,9,9,2020-12-01,138,133,133,134,13200,"&#x279A;",8813,1509.13423351867,1509.13423351867,1520.4811074549
"Zwijndrecht","GM0642",2021-01-08,19,147,143,141,132,108,19,2021-01-07,0,-128,-124,-113,-1227.27272727273,"&#x2798;",44763,-285.95045014856,-277.014498581418,-252.440631771776
"Borsele","GM0654",2021-01-08,45,19,15,15,11,9,9,2020-12-01,36,26,30,34,650,"&#x279A;",22779,114.140216866412,131.700250230475,149.260283594539
"Goes","GM0664",2021-01-08,38,44,44,44,43,32,32,2020-12-01,6,-6,-6,-5,-700,"&#x2798;",38571,-15.5557283969822,-15.5557283969822,-12.9631069974852
"West Maas en Waal","GM0668",2021-01-08,35,38,37,37,35,33,33,2020-12-01,2,-3,-2,0,-200,"&#x2798;",19560,-15.3374233128834,-10.2249488752556,0
"Hulst","GM0677",2021-01-08,10,35,34,34,32,29,10,2021-01-07,0,-25,-24,-22,-1300,"&#x2798;",27563,-90.7013024707035,-87.0732503718753,-79.8171461742191
"Kapelle","GM0678",2021-01-08,41,10,9,10,10,7,7,2020-12-01,34,31,32,31,3200,"&#x279A;",12842,241.395421273945,249.182370347298,241.395421273945
"Middelburg","GM0687",2021-01-08,22,41,39,39,36,31,22,2021-01-07,0,-19,-17,-14,-666.666666666667,"&#x2798;",48973,-38.7968880811876,-34.7130051252731,-28.5871806914014
"Reimerswaal","GM0703",2021-01-08,88,22,18,18,16,14,14,2020-12-01,74,66,70,72,3400,"&#x279A;",22931,287.819981684183,305.26361693777,313.985434564563
"Terneuzen","GM0715",2021-01-08,65,88,81,81,77,63,63,2020-12-01,2,-23,-16,-12,-500,"&#x2798;",54486,-42.2126784862166,-29.365341555629,-22.0240061667217
"Tholen","GM0716",2021-01-08,15,65,64,64,61,58,15,2021-01-07,0,-50,-49,-46,-1733.33333333333,"&#x2798;",26050,-191.938579654511,-188.09980806142,-176.58349328215
"Veere","GM0717",2021-01-08,42,15,14,14,14,14,14,2020-12-01,28,27,28,28,2800,"&#x279A;",21981,122.833356080251,127.382739638779,127.382739638779
"Vlissingen","GM0718",2021-01-08,113,41,37,37,36,28,28,2020-12-01,85,72,76,77,7500,"&#x279A;",44330,162.418226934356,171.441461764042,173.697270471464
"De Ronde Venen","GM0736",2021-01-08,16,112,112,111,106,95,16,2021-01-07,0,-96,-96,-90,-1700,"&#x2798;",44696,-214.784320744586,-214.784320744586,-201.360300698049
"Tytsjerksteradiel","GM0737",2021-01-08,43,15,12,12,8,7,7,2020-12-01,36,28,31,35,675,"&#x279A;",32039,87.3934891850557,96.757077312026,109.24186148132
"Asten","GM0743",2021-01-08,19,43,42,41,40,38,19,2021-01-07,0,-24,-23,-21,-1250,"&#x2798;",16802,-142.8401380788,-136.88846565885,-124.98512081895
"Baarle-Nassau","GM0744",2021-01-08,160,19,19,19,19,18,18,2020-12-01,142,141,141,141,14100,"&#x279A;",6901,2043.18214751485,2043.18214751485,2043.18214751485
"Bergen op Zoom","GM0748",2021-01-08,88,160,154,154,148,123,88,2021-01-07,0,-72,-66,-60,-1200,"&#x2798;",67501,-106.665086443164,-97.7763292395668,-88.8875720359698
"Best","GM0753",2021-01-08,38,86,74,71,63,50,38,2021-01-07,0,-48,-36,-25,-427.272727272727,"&#x2798;",30196,-158.961451847927,-119.221088885945,-82.7924228374619
"Boekel","GM0755",2021-01-08,81,38,38,38,37,35,35,2020-12-01,46,43,43,44,4200,"&#x279A;",10922,393.700787401575,393.700787401575,402.856619666728
"Boxmeer","GM0756",2021-01-08,84,81,75,74,71,56,56,2020-12-01,28,3,9,13,125,"&#x279A;",29592,10.1378751013788,30.4136253041363,43.9307921059746
"Boxtel","GM0757",2021-01-08,440,84,79,77,72,52,52,2020-12-01,388,356,361,368,5057.14285714286,"&#x279A;",32675,1089.51798010712,1104.82019892884,1126.24330527927
"Breda","GM0758",2021-01-08,113,438,427,425,410,365,113,2021-01-07,0,-325,-314,-297,-1947.05882352941,"&#x2798;",184151,-176.485601490082,-170.512242670417,-161.280688130936
"Deurne","GM0762",2021-01-08,19,113,106,105,103,93,19,2021-01-07,0,-94,-87,-84,-3000,"&#x2798;",32482,-289.391047349301,-267.840650206268,-258.604765716397
"Pekela","GM0765",2021-01-08,93,19,17,17,16,9,9,2020-12-01,84,74,76,77,7500,"&#x279A;",12163,608.402532269999,624.845843952972,633.067499794459
"Dongen","GM0766",2021-01-08,83,92,87,86,82,63,63,2020-12-01,20,-9,-4,1,-180,"&#x2798;",26358,-34.1452310493968,-15.1756582441763,3.79391456104408
"Eersel","GM0770",2021-01-08,600,83,82,82,81,73,73,2020-12-01,527,517,518,519,51700,"&#x279A;",19494,2652.09808146096,2657.2278649841,2662.35764850723
"Eindhoven","GM0772",2021-01-08,114,594,576,574,550,457,114,2021-01-07,0,-480,-462,-436,-1876.92307692308,"&#x2798;",235728,-203.624516391774,-195.988597027082,-184.958935722528
"Etten-Leur","GM0777",2021-01-08,40,113,111,111,108,100,40,2021-01-07,0,-73,-71,-68,-2466.66666666667,"&#x2798;",43881,-166.359016430801,-161.801235158725,-154.96456325061
"Geertruidenberg","GM0779",2021-01-08,59,40,38,38,36,32,32,2020-12-01,27,19,21,23,950,"&#x279A;",21792,87.1879588839941,96.3656387665198,105.543318649046
"Gilze en Rijen","GM0784",2021-01-08,79,58,57,57,54,44,44,2020-12-01,35,21,22,25,633.333333333333,"&#x279A;",26806,78.3406699992539,82.0711780944565,93.2627023800642
"Goirle","GM0785",2021-01-08,52,79,78,78,73,65,52,2021-01-07,0,-27,-26,-21,-620,"&#x2798;",23939,-112.786666109695,-108.609382179707,-87.7229625297632
"Grave","GM0786",2021-01-08,290,52,51,49,49,46,46,2020-12-01,244,238,239,241,11850,"&#x279A;",12429,1914.87649851155,1922.92219808512,1939.01359723228
"Helmond","GM0794",2021-01-08,358,288,282,279,274,245,245,2020-12-01,113,70,76,84,850,"&#x279A;",92614,75.582525320146,82.0610274904442,90.6990303841752
"'s-Hertogenbosch","GM0796",2021-01-08,130,356,346,342,329,284,130,2021-01-07,0,-226,-216,-199,-1370.58823529412,"&#x2798;",155491,-145.346032889363,-138.914792496029,-127.98168382736
"Heusden","GM0797",2021-01-08,38,128,124,123,116,103,38,2021-01-07,0,-90,-86,-78,-1175,"&#x2798;",45008,-199.964450764309,-191.07714184145,-173.302523995734
"Hilvarenbeek","GM0798",2021-01-08,88,38,38,38,37,33,33,2020-12-01,55,50,50,51,4900,"&#x279A;",15683,318.816552955429,318.816552955429,325.192884014538
"Loon op Zand","GM0809",2021-01-08,26,87,83,82,79,72,26,2021-01-07,0,-61,-57,-53,-1525,"&#x2798;",23497,-259.607609482062,-242.584159679959,-225.560709877857
"Mill en Sint Hubert","GM0815",2021-01-08,49,26,25,25,24,23,23,2020-12-01,26,23,24,25,2300,"&#x279A;",11003,209.033899845497,218.122330273562,227.210760701627
"Nuenen, Gerwen en Nederwetten","GM0820",2021-01-08,53,47,46,44,43,40,40,2020-12-01,13,6,7,10,133.333333333333,"&#x279A;",23657,25.3624719956038,29.5895506615378,42.2707866593397
"Oirschot","GM0823",2021-01-08,69,53,48,48,46,39,39,2020-12-01,30,16,21,23,950,"&#x279A;",18838,84.9347064444209,111.476802208302,122.093640513855
"Oisterwijk","GM0824",2021-01-08,156,69,64,63,62,51,51,2020-12-01,105,87,92,94,4500,"&#x279A;",30700,283.387622149837,299.674267100977,306.188925081433
"Oosterhout","GM0826",2021-01-08,295,156,151,151,138,113,113,2020-12-01,182,139,144,157,1007.69230769231,"&#x279A;",56184,247.401395415065,256.300726185391,279.438986188239
"Oss","GM0828",2021-01-08,66,295,295,293,291,280,66,2021-01-07,0,-229,-229,-225,-5825,"&#x2798;",92442,-247.722896518898,-247.722896518898,-243.395859025118
"Rucphen","GM0840",2021-01-08,78,65,60,60,56,49,49,2020-12-01,29,13,18,22,350,"&#x279A;",23089,56.3038676426004,77.9592013512928,95.2834683182468
"Sint-Michielsgestel","GM0845",2021-01-08,50,78,77,75,72,64,50,2021-01-07,0,-28,-27,-22,-640,"&#x2798;",29510,-94.8830904778041,-91.4944086750254,-74.5509996611318
"Someren","GM0847",2021-01-08,51,50,44,44,40,36,36,2020-12-01,15,1,7,11,75,"&#x279A;",19395,5.15596803299819,36.0917762309874,56.7156483629802
"Son en Breugel","GM0848",2021-01-08,68,51,49,49,47,44,44,2020-12-01,24,17,19,21,850,"&#x279A;",17526,96.9987447221271,108.41036174826,119.821978774392
"Steenbergen","GM0851",2021-01-08,42,68,64,63,57,53,42,2021-01-07,0,-26,-22,-15,-414.285714285714,"&#x2798;",24315,-106.929878675715,-90.47912811022,-61.6903146206046
"Waterland","GM0852",2021-01-08,760,42,41,41,39,34,34,2020-12-01,726,718,719,721,35850,"&#x279A;",17325,4144.30014430014,4150.07215007215,4161.61616161616
"Tilburg","GM0855",2021-01-08,146,755,735,726,702,608,146,2021-01-07,0,-609,-589,-556,-1884.84848484848,"&#x2798;",221358,-275.119941452308,-266.084803801986,-251.176826678954
"Uden","GM0856",2021-01-08,70,146,143,143,143,136,70,2021-01-07,0,-76,-73,-73,-7300,"&#x2798;",42244,-179.907205757031,-172.805605529779,-172.805605529779
"Valkenswaard","GM0858",2021-01-08,132,68,65,65,63,53,53,2020-12-01,79,64,67,69,3250,"&#x279A;",31253,204.780341087256,214.379419575721,220.778805234698
"Veldhoven","GM0861",2021-01-08,91,131,126,126,123,99,91,2021-01-07,0,-40,-35,-32,-1266.66666666667,"&#x2798;",45562,-87.7924586278039,-76.8184012993284,-70.2339669022431
"Vught","GM0865",2021-01-08,32,89,89,88,86,69,32,2021-01-07,0,-57,-57,-54,-2000,"&#x2798;",30756,-185.32969176746,-185.32969176746,-175.575497463909
"Waalre","GM0866",2021-01-08,175,32,30,30,30,28,28,2020-12-01,147,143,145,145,14500,"&#x279A;",17519,816.25663565272,827.672812375136,827.672812375136
"Waalwijk","GM0867",2021-01-08,42,174,167,167,154,135,42,2021-01-07,0,-132,-125,-112,-1061.53846153846,"&#x2798;",48826,-270.347765534756,-256.011141604883,-229.385982877975
"Woensdrecht","GM0873",2021-01-08,56,42,41,41,40,36,36,2020-12-01,20,14,15,16,1400,"&#x279A;",22002,63.6305790382692,68.1756203981456,72.720661758022
"Zundert","GM0879",2021-01-08,43,56,56,56,55,47,43,2021-01-07,0,-13,-13,-12,-1400,"&#x2798;",21995,-59.1043418958854,-59.1043418958854,-54.5578540577404
"Wormerland","GM0880",2021-01-08,99,43,40,40,38,37,37,2020-12-01,62,56,59,61,2850,"&#x279A;",16295,343.663700521632,362.07425590672,374.347959496778
"Landgraaf","GM0882",2021-01-08,30,99,94,93,83,76,30,2021-01-07,0,-69,-64,-53,-681.818181818182,"&#x2798;",37325,-184.862692565305,-171.466845277964,-141.995981245814
"Beek","GM0888",2021-01-08,11,30,30,30,26,22,11,2021-01-07,0,-19,-19,-15,-575,"&#x2798;",15872,-119.707661290323,-119.707661290323,-94.5060483870968
"Beesel","GM0889",2021-01-08,22,11,10,10,10,9,9,2020-12-01,13,11,12,12,1200,"&#x279A;",13464,81.6993464052288,89.126559714795,89.126559714795
"Bergen (L.)","GM0893",2021-01-08,78,21,18,18,16,13,13,2020-12-01,65,57,60,62,2900,"&#x279A;",13111,434.749447029212,457.630996872855,472.885363435283
"Brunssum","GM0899",2021-01-08,40,77,74,73,70,60,40,2021-01-07,0,-37,-34,-30,-950,"&#x2798;",27655,-133.791357801483,-122.943409871633,-108.479479298499
"Gennep","GM0907",2021-01-08,203,40,40,38,35,27,27,2020-12-01,176,163,163,168,3160,"&#x279A;",17019,957.753099477055,957.753099477055,987.132028908867
"Heerlen","GM0917",2021-01-08,116,203,191,191,182,169,116,2021-01-07,0,-87,-75,-66,-933.333333333333,"&#x2798;",86829,-100.196938810766,-86.3766713885914,-76.0114708219604
"Kerkrade","GM0928",2021-01-08,330,114,112,112,103,94,94,2020-12-01,236,216,218,227,2322.22222222222,"&#x279A;",45499,474.735708477109,479.131409481527,498.912064001407
"Maastricht","GM0935",2021-01-08,38,325,304,304,285,240,38,2021-01-07,0,-287,-266,-247,-1500,"&#x2798;",120379,-238.413676804094,-220.968773623306,-205.18528979307
"Meerssen","GM0938",2021-01-08,20,37,36,36,34,29,20,2021-01-07,0,-17,-16,-14,-900,"&#x2798;",18710,-90.8605024051309,-85.515766969535,-74.8262960983431
"Mook en Middelaar","GM0944",2021-01-08,37,20,20,20,19,18,18,2020-12-01,19,17,17,18,1600,"&#x279A;",7901,215.162637640805,215.162637640805,227.819263384382
"Nederweert","GM0946",2021-01-08,150,38,35,35,33,29,29,2020-12-01,121,112,115,117,5650,"&#x279A;",17171,652.262535670607,669.733853590356,681.381398870188
"Roermond","GM0957",2021-01-08,27,146,142,142,134,121,27,2021-01-07,0,-119,-115,-107,-1537.5,"&#x2798;",58784,-202.436037016875,-195.631464344039,-182.022318998367
"Simpelveld","GM0965",2021-01-08,69,27,25,25,25,24,24,2020-12-01,45,42,44,44,4400,"&#x279A;",10495,400.190566936637,419.247260600286,419.247260600286
"Stein","GM0971",2021-01-08,18,69,69,69,66,59,18,2021-01-07,0,-51,-51,-48,-1800,"&#x2798;",24876,-205.016883743367,-205.016883743367,-192.957067052581
"Vaals","GM0981",2021-01-08,29,18,18,18,15,14,14,2020-12-01,15,11,11,14,266.666666666667,"&#x279A;",10113,108.770888954811,108.770888954811,138.435676851577
"Venlo","GM0983",2021-01-08,39,29,29,29,28,20,20,2020-12-01,19,10,10,11,900,"&#x279A;",101967,9.80709445212667,9.80709445212667,10.7878038973393
"Venray","GM0984",2021-01-08,25,39,35,34,33,29,25,2021-01-07,0,-14,-10,-8,-600,"&#x2798;",43704,-32.0336811275856,-22.8812008054183,-18.3049606443346
"Voerendaal","GM0986",2021-01-08,129,25,25,25,24,22,22,2020-12-01,107,104,104,105,10300,"&#x279A;",12478,833.466901747075,833.466901747075,841.481006571566
"Weert","GM0988",2021-01-08,28,127,123,121,108,74,28,2021-01-07,0,-99,-95,-80,-733.333333333333,"&#x2798;",50008,-197.968325067989,-189.969604863222,-159.974404095345
"Valkenburg aan de Geul","GM0994",2021-01-08,196,28,26,26,25,20,20,2020-12-01,176,168,170,171,16900,"&#x279A;",16399,1024.45271053113,1036.64857613269,1042.74650893347
"Lelystad","GM0995",2021-01-08,13,196,187,185,173,147,13,2021-01-07,0,-183,-174,-160,-1342.85714285714,"&#x2798;",79703,-229.602398905938,-218.310477648269,-200.745266803006
"Horst aan de Maas","GM1507",2021-01-08,59,13,13,13,12,10,10,2020-12-01,49,46,46,47,4500,"&#x279A;",42464,108.327053504145,108.327053504145,110.681989449887
"Oude IJsselstreek","GM1509",2021-01-08,59,59,57,56,52,47,47,2020-12-01,12,0,2,7,-60,"&#x2798;",39348,0,5.08285046253939,17.7899766188879
"Teylingen","GM1525",2021-01-08,76,56,52,52,48,42,42,2020-12-01,34,20,24,28,500,"&#x279A;",37761,52.9646990280978,63.5576388337173,74.1505786393369
"Utrechtse Heuvelrug","GM1581",2021-01-08,64,75,73,71,68,53,53,2020-12-01,11,-11,-9,-4,-280,"&#x2798;",49962,-22.0167327168648,-18.0136904047076,-8.00608462431448
"Oost Gelre","GM1586",2021-01-08,27,62,60,60,60,52,27,2021-01-07,0,-35,-33,-33,-3300,"&#x2798;",29574,-118.347196862109,-111.58449989856,-111.58449989856
"Koggenland","GM1598",2021-01-08,116,27,25,24,21,19,19,2020-12-01,97,89,91,95,2175,"&#x279A;",22932,388.103959532531,396.825396825397,414.268271411129
"Lansingerland","GM1621",2021-01-08,83,116,113,113,109,101,83,2021-01-07,0,-33,-30,-26,-850,"&#x2798;",63295,-52.1368196540011,-47.3971087763646,-41.0774942728494
"Leudal","GM1640",2021-01-08,56,82,80,79,74,66,56,2021-01-07,0,-26,-24,-18,-500,"&#x2798;",36027,-72.1680961501096,-66.6167041385627,-49.9625281039221
"Maasgouw","GM1641",2021-01-08,112,56,54,51,47,42,42,2020-12-01,70,56,58,65,728.571428571429,"&#x279A;",23976,233.566900233567,241.908575241909,271.104437771104
"Gemert-Bakel","GM1652",2021-01-08,82,112,105,104,102,97,82,2021-01-07,0,-30,-23,-20,-866.666666666667,"&#x2798;",30751,-97.5578029982765,-74.794315632012,-65.0385353321843
"Halderberge","GM1655",2021-01-08,39,82,82,82,79,68,39,2021-01-07,0,-43,-43,-40,-1533.33333333333,"&#x2798;",30461,-141.164111486819,-141.164111486819,-131.315452545878
"Heeze-Leende","GM1658",2021-01-08,76,39,38,37,36,29,29,2020-12-01,47,37,38,40,1800,"&#x279A;",16222,228.085316237209,234.24978424362,246.578720256442
"Laarbeek","GM1659",2021-01-08,39,75,74,74,69,64,39,2021-01-07,0,-36,-35,-30,-800,"&#x2798;",22787,-157.984815903805,-153.596348795366,-131.654013253171
"Reusel-De Mierden","GM1667",2021-01-08,45,39,38,38,36,35,35,2020-12-01,10,6,7,9,250,"&#x279A;",13123,45.7212527623257,53.3414615560466,68.5818791434885
"Roerdalen","GM1669",2021-01-08,182,45,43,43,41,40,40,2020-12-01,142,137,139,141,6850,"&#x279A;",20612,664.661362313216,674.36444789443,684.067533475645
"Roosendaal","GM1674",2021-01-08,32,181,178,177,172,151,32,2021-01-07,0,-149,-146,-140,-2533.33333333333,"&#x2798;",77256,-192.865279072176,-188.98208553381,-181.215698457078
"Schouwen-Duiveland","GM1676",2021-01-08,8,32,29,29,27,23,8,2021-01-07,0,-24,-21,-19,-1150,"&#x2798;",33990,-70.6090026478376,-61.7828773168579,-55.8987937628714
"Aa en Hunze","GM1680",2021-01-08,28,8,8,8,7,5,5,2020-12-01,23,20,20,21,1900,"&#x279A;",25366,78.8456989671214,78.8456989671214,82.7879839154774
"Borger-Odoorn","GM1681",2021-01-08,48,27,21,21,18,13,13,2020-12-01,35,21,27,30,800,"&#x279A;",25587,82.0729276585766,105.522335561027,117.247039512252
"Cuijk","GM1684",2021-01-08,52,48,43,42,42,37,37,2020-12-01,15,4,9,10,800,"&#x279A;",25373,15.7647893430024,35.4707760217554,39.411973357506
"Landerd","GM1685",2021-01-08,30,52,51,49,49,48,30,2021-01-07,0,-22,-21,-19,-1150,"&#x2798;",15838,-138.90642757924,-132.592499052911,-119.964642000253
"De Wolden","GM1690",2021-01-08,4,30,26,25,24,20,4,2021-01-07,0,-26,-22,-20,-1200,"&#x2798;",24374,-106.671042914581,-90.2601132354148,-82.0546483958316
"Noord-Beveland","GM1695",2021-01-08,15,4,4,4,4,4,4,2020-12-01,11,11,11,11,1100,"&#x279A;",7570,145.310435931308,145.310435931308,145.310435931308
"Wijdemeren","GM1696",2021-01-08,12,15,12,12,12,12,12,2020-12-01,0,-3,0,0,0,"-",24440,-12.2749590834697,0,0
"Noordenveld","GM1699",2021-01-08,105,12,12,12,12,8,8,2020-12-01,97,93,93,93,9300,"&#x279A;",31216,297.924141465915,297.924141465915,297.924141465915
"Twenterand","GM1700",2021-01-08,14,104,95,92,76,55,14,2021-01-07,0,-90,-81,-62,-526.315789473684,"&#x2798;",33696,-267.094017094017,-240.384615384615,-183.998100664767
"Westerveld","GM1701",2021-01-08,26,14,14,14,12,8,8,2020-12-01,18,12,12,14,500,"&#x279A;",19638,61.1060189428659,61.1060189428659,71.2903554333435
"Sint Anthonis","GM1702",2021-01-08,67,26,25,25,24,22,22,2020-12-01,45,41,42,43,4100,"&#x279A;",11687,350.817147257637,359.373663044408,367.93017883118
"Lingewaard","GM1705",2021-01-08,68,67,66,66,56,37,37,2020-12-01,31,1,2,12,-80,"&#x2798;",46781,2.13761997392104,4.27523994784207,25.6514396870524
"Cranendonck","GM1706",2021-01-08,36,68,66,65,64,57,36,2021-01-07,0,-32,-30,-28,-1600,"&#x2798;",21007,-152.330175655734,-142.80953967725,-133.288903698767
"Steenwijkerland","GM1708",2021-01-08,79,35,32,32,28,16,16,2020-12-01,63,44,47,51,1075,"&#x279A;",44301,99.3205570980339,106.092413263809,115.121554818176
"Moerdijk","GM1709",2021-01-08,68,77,75,74,68,55,55,2020-12-01,13,-9,-7,0,-200,"&#x2798;",37193,-24.1981017933482,-18.8207458392708,0
"Echt-Susteren","GM1711",2021-01-08,40,68,63,60,59,57,40,2021-01-07,0,-28,-23,-19,-675,"&#x2798;",31751,-88.1861988598784,-72.4386633491858,-59.8406349406318
"Sluis","GM1714",2021-01-08,63,40,39,38,34,22,22,2020-12-01,41,23,24,29,380,"&#x279A;",23143,99.3821025796137,103.703063561336,125.307868469948
"Drimmelen","GM1719",2021-01-08,122,63,59,59,52,43,43,2020-12-01,79,59,63,70,800,"&#x279A;",27334,215.848393941611,230.482183361381,256.091314845979
"Bernheze","GM1721",2021-01-08,40,121,121,121,118,116,40,2021-01-07,0,-81,-81,-78,-2800,"&#x2798;",31398,-257.978215172941,-257.978215172941,-248.423466462832
"Alphen-Chaam","GM1723",2021-01-08,62,40,40,40,40,38,38,2020-12-01,24,22,22,22,2200,"&#x279A;",10362,212.314225053079,212.314225053079,212.314225053079
"Bergeijk","GM1724",2021-01-08,61,61,59,59,57,52,52,2020-12-01,9,0,2,4,0,"-",18745,0,10.669511869832,21.3390237396639
"Bladel","GM1728",2021-01-08,34,61,60,60,58,53,34,2021-01-07,0,-27,-26,-24,-1400,"&#x2798;",20552,-131.374075515765,-126.508369015181,-116.776956014013
"Gulpen-Wittem","GM1729",2021-01-08,18,34,32,32,31,28,18,2021-01-07,0,-16,-14,-13,-1500,"&#x2798;",14184,-112.803158488438,-98.702763677383,-91.6525662718556
"Tynaarlo","GM1730",2021-01-08,25,18,15,15,15,11,11,2020-12-01,14,7,10,10,1000,"&#x279A;",33927,20.6325345594954,29.4750493707077,29.4750493707077
"Midden-Drenthe","GM1731",2021-01-08,61,25,24,23,20,14,14,2020-12-01,47,36,37,41,825,"&#x279A;",33357,107.923374404173,110.9212459154,122.912731960308
"Overbetuwe","GM1734",2021-01-08,77,61,61,61,60,51,51,2020-12-01,26,16,16,17,1500,"&#x279A;",48147,33.2315616757015,33.2315616757015,35.3085342804328
"Hof van Twente","GM1735",2021-01-08,83,75,74,73,69,58,58,2020-12-01,25,8,9,14,80,"&#x279A;",35037,22.8330051088849,25.6871307474955,39.9577589405486
"Neder-Betuwe","GM1740",2021-01-08,90,83,80,79,76,64,64,2020-12-01,26,7,10,14,150,"&#x279A;",24634,28.4160103921409,40.5943005602013,56.8320207842819
"Rijssen-Holten","GM1742",2021-01-08,117,89,86,82,74,60,60,2020-12-01,57,28,31,43,158.333333333333,"&#x279A;",38182,73.332984128647,81.190089571002,112.618511340422
"Geldrop-Mierlo","GM1771",2021-01-08,16,116,110,109,104,85,16,2021-01-07,0,-100,-94,-88,-1666.66666666667,"&#x2798;",40097,-249.395216599746,-234.431503603761,-219.467790607776
"Olst-Wijhe","GM1773",2021-01-08,63,16,16,16,14,12,12,2020-12-01,51,47,47,49,2250,"&#x279A;",18348,256.158709396119,256.158709396119,267.05908000872
"Dinkelland","GM1774",2021-01-08,243,62,60,58,55,48,48,2020-12-01,195,181,183,188,3560,"&#x279A;",26616,680.042079951909,687.556357078449,706.3420498948
"Westland","GM1783",2021-01-08,42,243,230,230,216,177,42,2021-01-07,0,-201,-188,-174,-1442.85714285714,"&#x2798;",111342,-180.52486932155,-168.849131504733,-156.2752600097
"Midden-Delfland","GM1842",2021-01-08,72,41,39,37,35,28,28,2020-12-01,44,31,33,37,725,"&#x279A;",19378,159.975229641862,170.296212199401,190.93817731448
"Berkelland","GM1859",2021-01-08,63,72,69,68,67,61,61,2020-12-01,2,-9,-6,-4,-400,"&#x2798;",43821,-20.5380981721093,-13.6920654480728,-9.12804363204856
"Bronckhorst","GM1876",2021-01-08,197,63,61,61,58,47,47,2020-12-01,150,134,136,139,4433.33333333333,"&#x279A;",36103,371.160291388527,376.699997230147,385.009555992577
"Sittard-Geleen","GM1883",2021-01-08,43,197,186,185,175,158,43,2021-01-07,0,-154,-143,-132,-1400,"&#x2798;",91781,-167.790719212037,-155.805667839749,-143.820616467461
"Kaag en Braassem","GM1884",2021-01-08,10,40,38,38,34,26,10,2021-01-07,0,-30,-28,-24,-800,"&#x2798;",27547,-108.904780919882,-101.64446219189,-87.1238247359059
"Dantumadiel","GM1891",2021-01-08,86,10,9,9,6,3,3,2020-12-01,83,76,77,80,2466.66666666667,"&#x279A;",18927,401.542769588419,406.826227083003,422.676599566757
"Zuidplas","GM1892",2021-01-08,37,86,79,79,76,66,37,2021-01-07,0,-49,-42,-39,-1500,"&#x2798;",45015,-108.852604687326,-93.302232589137,-86.6377874041986
"Peel en Maas","GM1894",2021-01-08,47,36,36,36,35,34,34,2020-12-01,13,11,11,12,1000,"&#x279A;",43695,25.1745050921158,25.1745050921158,27.4630964641263
"Oldambt","GM1895",2021-01-08,26,47,46,45,36,21,21,2020-12-01,5,-21,-20,-10,-300,"&#x2798;",38281,-54.8575011102113,-52.2452391525822,-26.1226195762911
"Zwartewaterland","GM1896",2021-01-08,75,26,25,25,22,18,18,2020-12-01,57,49,50,53,1566.66666666667,"&#x279A;",22797,214.940562354696,219.327104443567,232.486730710181
"Súdwest-Fryslân","GM1900",2021-01-08,71,75,72,71,63,46,46,2020-12-01,25,-4,-1,8,-111.111111111111,"&#x2798;",89930,-4.44790392527521,-1.1119759813188,8.89580785055043
"Bodegraven-Reeuwijk","GM1901",2021-01-08,75,71,67,67,63,51,51,2020-12-01,24,4,8,12,100,"&#x279A;",35288,11.3352981183405,22.670596236681,34.0058943550215
"Eijsden-Margraten","GM1903",2021-01-08,140,74,71,71,69,64,64,2020-12-01,76,66,69,71,3350,"&#x279A;",25903,254.796741690152,266.378411766977,274.099525151527
"Stichtse Vecht","GM1904",2021-01-08,72,140,136,135,131,106,72,2021-01-07,0,-68,-64,-59,-1380,"&#x2798;",65142,-104.387338429892,-98.2469067575451,-90.5713671671118
"Hollands Kroon","GM1911",2021-01-08,139,72,64,63,55,40,40,2020-12-01,99,67,75,84,733.333333333333,"&#x279A;",48532,138.053243220968,154.537212560785,173.081678068079
"Leidschendam-Voorburg","GM1916",2021-01-08,140,137,132,129,124,105,105,2020-12-01,35,3,8,16,0,"-",76451,3.92408209179736,10.4642189114596,20.9284378229193
"Goeree-Overflakkee","GM1924",2021-01-08,79,140,131,130,125,108,79,2021-01-07,0,-61,-52,-46,-966.666666666667,"&#x2798;",50567,-120.632032748631,-102.833863982439,-90.9684181383115
"Pijnacker-Nootdorp","GM1926",2021-01-08,225,79,77,76,73,70,70,2020-12-01,155,146,148,152,3600,"&#x279A;",55592,262.627716218161,266.225356166355,273.420636062743
"Nissewaard","GM1930",2021-01-08,145,224,214,214,206,172,145,2021-01-07,0,-79,-69,-61,-962.5,"&#x2798;",85302,-92.6121310168577,-80.8890764577618,-71.5106328104851
"Krimpenerwaard","GM1931",2021-01-08,47,144,138,137,129,115,47,2021-01-07,0,-97,-91,-82,-1111.11111111111,"&#x2798;",56559,-171.502325005746,-160.893933768277,-144.981346912074
"De Fryske Marren","GM1940",2021-01-08,33,47,42,41,39,33,33,2020-12-01,0,-14,-9,-6,-400,"&#x2798;",51735,-27.0609838600561,-17.3963467671789,-11.5975645114526
"Gooise Meren","GM1942",2021-01-08,94,33,28,28,27,24,24,2020-12-01,70,61,66,67,6500,"&#x279A;",58466,104.334142920672,112.886121848596,114.596517634181
"Berg en Dal","GM1945",2021-01-08,319,94,94,92,87,79,79,2020-12-01,240,225,225,232,3114.28571428571,"&#x279A;",35015,642.581750678281,642.581750678281,662.573182921605
"Meierijstad","GM1948",2021-01-08,32,319,315,314,306,297,32,2021-01-07,0,-287,-283,-274,-3244.44444444444,"&#x2798;",81653,-351.487391767602,-346.588612788263,-335.566360084749
"Waadhoeke","GM1949",2021-01-08,30,31,29,27,19,15,15,2020-12-01,15,-1,1,11,-90,"&#x2798;",46082,-2.17004470292088,2.17004470292088,23.8704917321297
"Westerwolde","GM1950",2021-01-08,73,29,27,27,27,19,19,2020-12-01,54,44,46,46,4600,"&#x279A;",26284,167.402221884036,175.011413787856,175.011413787856
"Midden-Groningen","GM1952",2021-01-08,85,73,66,66,54,42,42,2020-12-01,43,12,19,31,58.3333333333333,"&#x279A;",60745,19.7547123220018,31.2782945098362,51.033006831838
"Beekdaelen","GM1954",2021-01-08,53,84,83,82,74,67,53,2021-01-07,0,-31,-30,-21,-433.333333333333,"&#x2798;",36073,-85.9368502758296,-83.1646938153189,-58.2152856707233
"Montferland","GM1955",2021-01-08,155,53,50,50,49,42,42,2020-12-01,113,102,105,106,10400,"&#x279A;",36062,282.846209306195,291.165215462259,293.938217514281
"Altena","GM1959",2021-01-08,145,155,148,142,128,98,98,2020-12-01,47,-10,-3,17,-115,"&#x2798;",56308,-17.7594657952689,-5.32783973858066,30.1910918519571
"West Betuwe","GM1960",2021-01-08,113,142,137,137,132,113,113,2020-12-01,0,-29,-24,-19,-580,"&#x2798;",51489,-56.3227097049855,-46.6118976868846,-36.9010856687836
"Vijfheerenlanden","GM1961",2021-01-08,185,112,106,106,100,90,90,2020-12-01,95,73,79,85,1216.66666666667,"&#x279A;",57786,126.3281763749,136.711314159139,147.094451943377
"Hoeksche Waard","GM1963",2021-01-08,26,185,175,174,169,150,26,2021-01-07,0,-159,-149,-143,-2583.33333333333,"&#x2798;",87963,-180.757818628287,-169.389402362357,-162.568352602799
"Het Hogeland","GM1966",2021-01-08,62,25,22,22,20,13,13,2020-12-01,49,37,40,42,1900,"&#x279A;",47859,77.3104327294762,83.5788461940283,87.7577885037297
"Westerkwartier","GM1969",2021-01-08,34,62,56,56,51,39,34,2021-01-07,0,-28,-22,-17,-540,"&#x2798;",63603,-44.0230806722953,-34.5895633853749,-26.7282989796079
"Noardeast-Fryslân","GM1970",2021-01-08,82,34,28,27,24,14,14,2020-12-01,68,48,54,58,1250,"&#x279A;",45479,105.543217748851,118.736119967458,127.531388113195
"Molenlanden","GM1978",2021-01-08,62,82,76,75,68,60,60,2020-12-01,2,-20,-14,-6,-275,"&#x2798;",44105,-45.3463326153497,-31.7424328307448,-13.6038997846049
"Eemsdelta","GM1979",2021-01-08,1061,60,54,54,45,25,25,2020-12-01,1036,1001,1007,1016,11088.8888888889,"&#x279A;",45606,2194.88663772311,2208.04280138578,2227.7770468798
