"municipality","Municipality_code","date","d0","d1","d7","d8","d14","lowest_since_dec1","lowest_since_dec1_date","current","increase_1d","increase_7d","increase_14d","increase_growth","growth","population","rel_increase_1d","rel_increase_7d","rel_increase_14d"
"Netherlands","",2021-01-02,20211,20154,19565,19499,18969,17677,2020-12-01,2534,57,646,1242,8.38926174496644,"&#x279A;",17443797,0.326763720077687,3.70332216088046,7.1200094795875
"Unknown","",2021-01-02,113,113,110,110,110,107,2020-12-02,6,0,3,3,300,"&#x279A;",NA,NA,NA,NA
"Appingedam","GM0003",2021-01-02,9,9,9,9,9,8,2020-12-01,1,0,0,0,0,"-",11524,0,0,0
"Delfzijl","GM0010",2021-01-02,14,13,11,11,9,9,2020-12-01,5,1,3,5,50,"&#x279A;",24590,4.06669377795852,12.2000813338756,20.3334688897926
"Groningen","GM0014",2021-01-02,52,52,51,51,43,36,2020-12-01,16,0,1,9,-87.5,"&#x2798;",233441,0,0.428373764677156,3.8553638820944
"Loppersum","GM0024",2021-01-02,2,2,2,2,2,1,2020-12-01,1,0,0,0,0,"-",9476,0,0,0
"Almere","GM0034",2021-01-02,219,219,210,209,198,182,2020-12-01,37,0,9,21,-25,"&#x2798;",214339,0,4.1989558596429,9.79756367250011
"Stadskanaal","GM0037",2021-01-02,15,15,12,12,12,9,2020-12-01,6,0,3,3,300,"&#x279A;",31679,0,9.46999589633511,9.46999589633511
"Veendam","GM0047",2021-01-02,4,4,4,4,4,4,2020-12-01,0,0,0,0,0,"-",27395,0,0,0
"Zeewolde","GM0050",2021-01-02,17,17,16,16,16,15,2020-12-01,2,0,1,1,100,"&#x279A;",22767,0,4.39232222075811,4.39232222075811
"Achtkarspelen","GM0059",2021-01-02,2,2,2,2,1,0,2020-12-01,2,0,0,1,-100,"&#x2798;",27880,0,0,3.58680057388809
"Ameland","GM0060",2021-01-02,0,0,0,0,0,0,2020-12-01,0,0,0,0,0,"-",3759,0,0,0
"Harlingen","GM0072",2021-01-02,5,5,5,5,5,5,2020-12-01,0,0,0,0,0,"-",15830,0,0,0
"Heerenveen","GM0074",2021-01-02,19,19,17,17,17,17,2020-12-01,2,0,2,2,200,"&#x279A;",50603,0,3.9523348418078,3.9523348418078
"Leeuwarden","GM0080",2021-01-02,58,57,55,55,54,52,2020-12-01,6,1,3,4,200,"&#x279A;",124427,0.803684087858745,2.41105226357623,3.21473635143498
"Ooststellingwerf","GM0085",2021-01-02,10,10,10,10,9,7,2020-12-01,3,0,0,1,-100,"&#x2798;",25398,0,0,3.93731789904717
"Opsterland","GM0086",2021-01-02,15,15,14,14,14,11,2020-12-01,4,0,1,1,100,"&#x279A;",29815,0,3.35401643468053,3.35401643468053
"Schiermonnikoog","GM0088",2021-01-02,1,1,1,1,1,1,2020-12-01,0,0,0,0,0,"-",938,0,0,0
"Smallingerland","GM0090",2021-01-02,16,16,16,16,16,14,2020-12-01,2,0,0,0,0,"-",56069,0,0,0
"Terschelling","GM0093",2021-01-02,1,1,1,1,1,1,2020-12-01,0,0,0,0,0,"-",4887,0,0,0
"Vlieland","GM0096",2021-01-02,0,0,0,0,0,0,2020-12-01,0,0,0,0,0,"-",1199,0,0,0
"Weststellingwerf","GM0098",2021-01-02,6,6,6,6,5,5,2020-12-01,1,0,0,1,-100,"&#x2798;",26094,0,0,3.8322986127079
"Assen","GM0106",2021-01-02,31,30,30,30,28,22,2020-12-01,9,1,1,3,-50,"&#x2798;",68808,1.45331938146727,1.45331938146727,4.35995814440181
"Coevorden","GM0109",2021-01-02,30,28,27,27,26,21,2020-12-01,9,2,3,4,200,"&#x279A;",35306,5.66475953095791,8.49713929643687,11.3295190619158
"Emmen","GM0114",2021-01-02,67,65,63,63,62,56,2020-12-01,11,2,4,5,300,"&#x279A;",107019,1.86882703071417,3.73765406142834,4.67206757678543
"Hoogeveen","GM0118",2021-01-02,42,42,37,37,37,33,2020-12-01,9,0,5,5,500,"&#x279A;",55562,0,8.99895612108995,8.99895612108995
"Meppel","GM0119",2021-01-02,15,15,14,14,14,13,2020-12-01,2,0,1,1,100,"&#x279A;",34291,0,2.91621708319967,2.91621708319967
"Almelo","GM0141",2021-01-02,55,54,53,53,48,42,2020-12-01,13,1,2,7,-60,"&#x2798;",73184,1.36641888937473,2.73283777874945,9.56493222562309
"Borne","GM0147",2021-01-02,22,22,21,21,19,16,2020-12-01,6,0,1,3,-50,"&#x2798;",23592,0,4.23872499152255,12.7161749745677
"Dalfsen","GM0148",2021-01-02,19,19,18,18,18,18,2020-12-01,1,0,1,1,100,"&#x279A;",28925,0,3.45721694036301,3.45721694036301
"Deventer","GM0150",2021-01-02,69,69,65,65,62,55,2020-12-01,14,0,4,7,33.3333333333333,"&#x279A;",101081,0,3.95722242557949,6.9251392447641
"Enschede","GM0153",2021-01-02,138,137,124,124,118,99,2020-12-01,39,1,14,20,133.333333333333,"&#x279A;",159916,0.625328297356112,8.75459616298557,12.5065659471222
"Haaksbergen","GM0158",2021-01-02,24,24,24,24,22,22,2020-12-01,2,0,0,2,-100,"&#x2798;",24265,0,0,8.2423243354626
"Hardenberg","GM0160",2021-01-02,40,39,35,35,33,30,2020-12-01,10,1,5,7,150,"&#x279A;",61249,1.63267971721987,8.16339858609937,11.4287580205391
"Hellendoorn","GM0163",2021-01-02,18,18,17,17,17,15,2020-12-01,3,0,1,1,100,"&#x279A;",35930,0,2.78318953520735,2.78318953520735
"Hengelo","GM0164",2021-01-02,55,55,53,52,51,45,2020-12-01,10,0,2,4,0,"-",81138,0,2.46493628139713,4.92987256279425
"Kampen","GM0166",2021-01-02,68,68,68,68,67,66,2020-12-01,2,0,0,1,-100,"&#x2798;",54423,0,0,1.83745842750308
"Losser","GM0168",2021-01-02,26,26,23,23,20,14,2020-12-01,12,0,3,6,0,"-",22852,0,13.1279537896027,26.2559075792053
"Noordoostpolder","GM0171",2021-01-02,26,26,26,26,26,23,2020-12-01,3,0,0,0,0,"-",47537,0,0,0
"Oldenzaal","GM0173",2021-01-02,35,35,34,34,29,25,2020-12-01,10,0,1,6,-80,"&#x2798;",31728,0,3.15179021684317,18.910741301059
"Ommen","GM0175",2021-01-02,11,11,10,10,10,9,2020-12-01,2,0,1,1,100,"&#x279A;",18264,0,5.47525186158563,5.47525186158563
"Raalte","GM0177",2021-01-02,28,27,27,27,27,27,2020-12-01,1,1,1,1,100,"&#x279A;",37859,2.64137985683721,2.64137985683721,2.64137985683721
"Staphorst","GM0180",2021-01-02,12,12,11,11,11,11,2020-12-01,1,0,1,1,100,"&#x279A;",17259,0,5.79407845182224,5.79407845182224
"Tubbergen","GM0183",2021-01-02,16,16,16,15,15,13,2020-12-01,3,0,0,1,-100,"&#x2798;",21323,0,0,4.68977160812268
"Urk","GM0184",2021-01-02,40,40,40,40,38,32,2020-12-01,8,0,0,2,-100,"&#x2798;",21184,0,0,9.44108761329305
"Wierden","GM0189",2021-01-02,11,11,11,11,11,9,2020-12-01,2,0,0,0,0,"-",24540,0,0,0
"Zwolle","GM0193",2021-01-02,67,66,65,65,64,62,2020-12-01,5,1,2,3,100,"&#x279A;",129561,0.771837204096912,1.54367440819382,2.31551161229074
"Aalten","GM0197",2021-01-02,17,17,17,17,15,14,2020-12-01,3,0,0,2,-100,"&#x2798;",27128,0,0,7.37245650250664
"Apeldoorn","GM0200",2021-01-02,149,148,144,143,139,133,2020-12-01,16,1,5,10,0,"-",164609,0.607500197437564,3.03750098718782,6.07500197437564
"Arnhem","GM0202",2021-01-02,135,134,128,127,122,114,2020-12-01,21,1,7,13,16.6666666666667,"&#x279A;",162299,0.616146741507958,4.3130271905557,8.00990763960345
"Barneveld","GM0203",2021-01-02,32,32,32,32,32,31,2020-12-01,1,0,0,0,0,"-",59846,0,0,0
"Beuningen","GM0209",2021-01-02,25,25,24,24,24,24,2020-12-01,1,0,1,1,100,"&#x279A;",26156,0,3.82321455880104,3.82321455880104
"Brummen","GM0213",2021-01-02,25,25,24,24,23,22,2020-12-01,3,0,1,2,0,"-",20854,0,4.79524311882613,9.59048623765225
"Buren","GM0214",2021-01-02,29,29,29,29,27,27,2020-12-01,2,0,0,2,-100,"&#x2798;",26992,0,0,7.40960284528749
"Culemborg","GM0216",2021-01-02,35,35,35,35,34,33,2020-12-01,2,0,0,1,-100,"&#x2798;",29103,0,0,3.43607188262378
"Doesburg","GM0221",2021-01-02,15,15,14,14,13,11,2020-12-01,4,0,1,2,0,"-",11028,0,9.06782734856728,18.1356546971346
"Doetinchem","GM0222",2021-01-02,45,45,44,44,42,40,2020-12-01,5,0,1,3,-50,"&#x2798;",58220,0,1.71762281003092,5.15286843009275
"Druten","GM0225",2021-01-02,32,32,31,31,31,29,2020-12-01,3,0,1,1,100,"&#x279A;",18972,0,5.27092557453089,5.27092557453089
"Duiven","GM0226",2021-01-02,23,22,20,20,19,18,2020-12-01,5,1,3,4,200,"&#x279A;",25079,3.98739981657961,11.9621994497388,15.9495992663184
"Ede","GM0228",2021-01-02,104,103,101,101,99,86,2020-12-01,18,1,3,5,50,"&#x279A;",118461,0.844159681245304,2.53247904373591,4.22079840622652
"Elburg","GM0230",2021-01-02,33,32,32,32,31,31,2020-12-01,2,1,1,2,0,"-",23394,4.27460032486962,4.27460032486962,8.54920064973925
"Epe","GM0232",2021-01-02,62,62,59,59,58,54,2020-12-01,8,0,3,4,200,"&#x279A;",33179,0,9.04186382953073,12.0558184393743
"Ermelo","GM0233",2021-01-02,34,34,33,33,33,33,2020-12-01,1,0,1,1,100,"&#x279A;",27028,0,3.69986680479503,3.69986680479503
"Harderwijk","GM0243",2021-01-02,61,60,58,58,56,54,2020-12-01,7,1,3,5,50,"&#x279A;",48637,2.05604786479429,6.16814359438288,10.2802393239715
"Hattem","GM0244",2021-01-02,19,19,19,19,19,18,2020-12-01,1,0,0,0,0,"-",12227,0,0,0
"Heerde","GM0246",2021-01-02,55,55,55,55,55,55,2020-12-01,0,0,0,0,0,"-",18749,0,0,0
"Heumen","GM0252",2021-01-02,24,24,24,23,22,20,2020-12-01,4,0,0,2,-100,"&#x2798;",16584,0,0,12.0598166907863
"Lochem","GM0262",2021-01-02,26,26,26,25,23,22,2020-12-01,4,0,0,3,-100,"&#x2798;",33869,0,0,8.85765744486108
"Maasdriel","GM0263",2021-01-02,28,28,28,28,26,26,2020-12-01,2,0,0,2,-100,"&#x2798;",25442,0,0,7.8610172156277
"Nijkerk","GM0267",2021-01-02,37,37,36,36,34,33,2020-12-01,4,0,1,3,-50,"&#x2798;",43527,0,2.29742458703793,6.89227376111379
"Nijmegen","GM0268",2021-01-02,211,211,207,207,204,197,2020-12-01,14,0,4,7,33.3333333333333,"&#x279A;",177489,0,2.25366079024616,3.94390638293077
"Oldebroek","GM0269",2021-01-02,43,43,43,43,42,40,2020-12-01,3,0,0,1,-100,"&#x2798;",23715,0,0,4.21674045962471
"Putten","GM0273",2021-01-02,16,16,13,13,13,13,2020-12-01,3,0,3,3,300,"&#x279A;",24387,0,12.3016361176036,12.3016361176036
"Renkum","GM0274",2021-01-02,26,25,22,22,22,20,2020-12-01,6,1,4,4,400,"&#x279A;",31398,3.18491623670297,12.7396649468119,12.7396649468119
"Rheden","GM0275",2021-01-02,45,43,43,43,42,39,2020-12-01,6,2,2,3,100,"&#x279A;",43649,4.58200646062911,4.58200646062911,6.87300969094366
"Rozendaal","GM0277",2021-01-02,1,1,1,1,1,1,2020-12-01,0,0,0,0,0,"-",1719,0,0,0
"Scherpenzeel","GM0279",2021-01-02,5,5,5,5,5,5,2020-12-01,0,0,0,0,0,"-",10095,0,0,0
"Tiel","GM0281",2021-01-02,67,67,66,66,65,58,2020-12-01,9,0,1,2,0,"-",41907,0,2.38623618965805,4.7724723793161
"Voorst","GM0285",2021-01-02,24,23,22,22,20,18,2020-12-01,6,1,2,4,0,"-",24720,4.0453074433657,8.09061488673139,16.1812297734628
"Wageningen","GM0289",2021-01-02,30,30,30,30,30,30,2020-12-01,0,0,0,0,0,"-",39770,0,0,0
"Westervoort","GM0293",2021-01-02,18,18,17,17,16,13,2020-12-01,5,0,1,2,0,"-",15008,0,6.66311300639659,13.3262260127932
"Winterswijk","GM0294",2021-01-02,13,13,13,13,13,12,2020-12-01,1,0,0,0,0,"-",28937,0,0,0
"Wijchen","GM0296",2021-01-02,65,65,62,61,61,59,2020-12-01,6,0,3,4,200,"&#x279A;",41239,0,7.27466718397633,9.69955624530178
"Zaltbommel","GM0297",2021-01-02,28,28,27,26,26,26,2020-12-01,2,0,1,2,0,"-",29418,0,3.39927935277721,6.79855870555442
"Zevenaar","GM0299",2021-01-02,67,67,63,63,61,60,2020-12-01,7,0,4,6,100,"&#x279A;",44098,0,9.07070615447413,13.6060592317112
"Zutphen","GM0301",2021-01-02,44,44,42,42,41,38,2020-12-01,6,0,2,3,100,"&#x279A;",48130,0,4.15541242468315,6.23311863702472
"Nunspeet","GM0302",2021-01-02,69,69,69,69,68,64,2020-12-05,5,0,0,1,-100,"&#x2798;",28011,0,0,3.57002606119025
"Dronten","GM0303",2021-01-02,50,50,50,50,47,43,2020-12-01,7,0,0,3,-100,"&#x2798;",41907,0,0,7.15870856897416
"Amersfoort","GM0307",2021-01-02,158,158,151,151,143,123,2020-12-01,35,0,7,15,-12.5,"&#x2798;",157613,0,4.44125801805689,9.51698146726476
"Baarn","GM0308",2021-01-02,27,27,26,26,25,23,2020-12-01,4,0,1,2,0,"-",24841,0,4.0256028340244,8.05120566804879
"De Bilt","GM0310",2021-01-02,42,42,41,41,40,38,2020-12-01,4,0,1,2,0,"-",43372,0,2.30563497187125,4.61126994374251
"Bunnik","GM0312",2021-01-02,16,16,16,16,16,15,2020-12-01,1,0,0,0,0,"-",15352,0,0,0
"Bunschoten","GM0313",2021-01-02,39,39,38,38,38,28,2020-12-01,11,0,1,1,100,"&#x279A;",22030,0,4.53926463912846,4.53926463912846
"Eemnes","GM0317",2021-01-02,8,8,7,7,7,5,2020-12-01,3,0,1,1,100,"&#x279A;",9370,0,10.6723585912487,10.6723585912487
"Houten","GM0321",2021-01-02,46,46,44,44,44,43,2020-12-01,3,0,2,2,200,"&#x279A;",50236,0,3.98120869495979,3.98120869495979
"Leusden","GM0327",2021-01-02,21,21,19,19,18,16,2020-12-01,5,0,2,3,100,"&#x279A;",30509,0,6.55544265626536,9.83316398439805
"Lopik","GM0331",2021-01-02,25,25,25,25,25,25,2020-12-01,0,0,0,0,0,"-",14434,0,0,0
"Montfoort","GM0335",2021-01-02,17,17,16,16,16,16,2020-12-01,1,0,1,1,100,"&#x279A;",13901,0,7.19372706999496,7.19372706999496
"Renswoude","GM0339",2021-01-02,5,5,5,5,5,5,2020-12-01,0,0,0,0,0,"-",5533,0,0,0
"Rhenen","GM0340",2021-01-02,20,20,20,20,16,14,2020-12-01,6,0,0,4,-100,"&#x2798;",20170,0,0,19.8314328210213
"Soest","GM0342",2021-01-02,50,50,50,50,47,43,2020-12-01,7,0,0,3,-100,"&#x2798;",46905,0,0,6.39590661976335
"Utrecht","GM0344",2021-01-02,489,489,480,478,473,442,2020-12-01,47,0,9,16,28.5714285714286,"&#x279A;",359481,0,2.50360937017534,4.45086110253393
"Veenendaal","GM0345",2021-01-02,87,87,84,84,81,71,2020-12-01,16,0,3,6,0,"-",66905,0,4.48396980793663,8.96793961587325
"Woudenberg","GM0351",2021-01-02,13,13,12,12,12,11,2020-12-01,2,0,1,1,100,"&#x279A;",13602,0,7.35186002058521,7.35186002058521
"Wijk bij Duurstede","GM0352",2021-01-02,15,15,15,15,15,14,2020-12-01,1,0,0,0,0,"-",23932,0,0,0
"IJsselstein","GM0353",2021-01-02,57,57,55,53,52,51,2020-12-01,6,0,2,5,-33.3333333333333,"&#x2798;",33901,0,5.89953098728651,14.7488274682163
"Zeist","GM0355",2021-01-02,57,57,55,55,54,50,2020-12-01,7,0,2,3,100,"&#x279A;",64980,0,3.07787011388119,4.61680517082179
"Nieuwegein","GM0356",2021-01-02,75,75,75,75,71,65,2020-12-01,10,0,0,4,-100,"&#x2798;",63821,0,0,6.26752949656069
"Aalsmeer","GM0358",2021-01-02,19,19,19,19,19,17,2020-12-01,2,0,0,0,0,"-",31958,0,0,0
"Alkmaar","GM0361",2021-01-02,90,90,88,88,83,80,2020-12-01,10,0,2,7,-60,"&#x2798;",109809,0,1.82134433425311,6.37470516988589
"Amstelveen","GM0362",2021-01-02,94,94,93,93,91,86,2020-12-01,8,0,1,3,-50,"&#x2798;",90965,0,1.09932391579179,3.29797174737536
"Amsterdam","GM0363",2021-01-02,1354,1351,1309,1309,1261,1190,2020-12-01,164,3,45,93,-6.25,"&#x2798;",872939,0.34366662504482,5.1549993756723,10.6536653763894
"Beemster","GM0370",2021-01-02,5,5,5,5,4,4,2020-12-01,1,0,0,1,-100,"&#x2798;",10062,0,0,9.93838203140529
"Bergen (NH.)","GM0373",2021-01-02,28,28,27,27,27,25,2020-12-01,3,0,1,1,100,"&#x279A;",29674,0,3.36995349464177,3.36995349464177
"Beverwijk","GM0375",2021-01-02,26,25,25,25,25,23,2020-12-01,3,1,1,1,100,"&#x279A;",41803,2.39217281056384,2.39217281056384,2.39217281056384
"Blaricum","GM0376",2021-01-02,8,8,8,8,8,8,2020-12-01,0,0,0,0,0,"-",11885,0,0,0
"Bloemendaal","GM0377",2021-01-02,11,11,11,10,10,10,2020-12-01,1,0,0,1,-100,"&#x2798;",23526,0,0,4.25061633936921
"Castricum","GM0383",2021-01-02,18,18,18,18,18,18,2020-12-01,0,0,0,0,0,"-",36198,0,0,0
"Diemen","GM0384",2021-01-02,35,35,31,31,30,28,2020-12-01,7,0,4,5,300,"&#x279A;",31263,0,12.7946774141957,15.9933467677446
"Edam-Volendam","GM0385",2021-01-02,63,63,60,59,57,54,2020-12-01,9,0,3,6,0,"-",36239,0,8.27837412732139,16.5567482546428
"Enkhuizen","GM0388",2021-01-02,24,24,24,24,21,20,2020-12-01,4,0,0,3,-100,"&#x2798;",18640,0,0,16.0944206008584
"Haarlem","GM0392",2021-01-02,147,147,146,145,139,126,2020-12-01,21,0,1,8,-85.7142857142857,"&#x2798;",162773,0,0.614352503179274,4.91482002543419
"Haarlemmermeer","GM0394",2021-01-02,131,129,125,124,121,114,2020-12-01,17,2,6,10,50,"&#x279A;",157715,1.26811019877627,3.80433059632882,6.34055099388137
"Heemskerk","GM0396",2021-01-02,45,45,42,42,42,40,2020-12-01,5,0,3,3,300,"&#x279A;",39207,0,7.65169485040937,7.65169485040937
"Heemstede","GM0397",2021-01-02,21,21,21,21,21,18,2020-12-01,3,0,0,0,0,"-",27474,0,0,0
"Heerhugowaard","GM0398",2021-01-02,38,38,36,36,36,33,2020-12-01,5,0,2,2,200,"&#x279A;",58156,0,3.43902606781759,3.43902606781759
"Heiloo","GM0399",2021-01-02,15,15,15,15,15,14,2020-12-01,1,0,0,0,0,"-",24095,0,0,0
"Den Helder","GM0400",2021-01-02,28,28,24,23,23,19,2020-12-01,9,0,4,5,300,"&#x279A;",56506,0,7.07889427671398,8.84861784589247
"Hilversum","GM0402",2021-01-02,54,54,52,52,50,48,2020-12-01,6,0,2,4,0,"-",91233,0,2.19218922977431,4.38437845954863
"Hoorn","GM0405",2021-01-02,54,54,55,55,52,48,2020-12-01,6,0,-1,2,-133.333333333333,"&#x2798;",73552,0,-1.35958233630629,2.71916467261257
"Huizen","GM0406",2021-01-02,41,41,41,41,39,37,2020-12-01,4,0,0,2,-100,"&#x2798;",41146,0,0,4.86073980459826
"Landsmeer","GM0415",2021-01-02,8,8,7,7,7,6,2020-12-01,2,0,1,1,100,"&#x279A;",11578,0,8.63707030575229,8.63707030575229
"Langedijk","GM0416",2021-01-02,23,23,23,23,23,22,2020-12-01,1,0,0,0,0,"-",28327,0,0,0
"Laren","GM0417",2021-01-02,12,12,12,12,12,10,2020-12-01,2,0,0,0,0,"-",11406,0,0,0
"Medemblik","GM0420",2021-01-02,27,27,24,24,24,22,2020-12-01,5,0,3,3,300,"&#x279A;",45116,0,6.64952566716908,6.64952566716908
"Oostzaan","GM0431",2021-01-02,13,13,13,13,13,13,2020-12-01,0,0,0,0,0,"-",9668,0,0,0
"Opmeer","GM0432",2021-01-02,3,3,3,3,3,3,2020-12-01,0,0,0,0,0,"-",11995,0,0,0
"Ouder-Amstel","GM0437",2021-01-02,8,8,8,8,8,8,2020-12-01,0,0,0,0,0,"-",14146,0,0,0
"Purmerend","GM0439",2021-01-02,107,107,103,103,103,95,2020-12-01,12,0,4,4,400,"&#x279A;",81735,0,4.89386431761179,4.89386431761179
"Schagen","GM0441",2021-01-02,28,28,27,27,25,24,2020-12-01,4,0,1,3,-50,"&#x2798;",46517,0,2.14975170367823,6.44925511103467
"Texel","GM0448",2021-01-02,6,6,6,6,6,6,2020-12-01,0,0,0,0,0,"-",13651,0,0,0
"Uitgeest","GM0450",2021-01-02,8,8,8,8,8,7,2020-12-01,1,0,0,0,0,"-",13661,0,0,0
"Uithoorn","GM0451",2021-01-02,27,27,27,27,27,26,2020-12-01,1,0,0,0,0,"-",30051,0,0,0
"Velsen","GM0453",2021-01-02,67,67,66,66,62,55,2020-12-01,12,0,1,5,-75,"&#x2798;",68758,0,1.45437621804008,7.27188109020041
"Weesp","GM0457",2021-01-02,13,13,12,12,12,11,2020-12-01,2,0,1,1,100,"&#x279A;",20466,0,4.88615264340858,4.88615264340858
"Zandvoort","GM0473",2021-01-02,15,15,15,15,15,15,2020-12-01,0,0,0,0,0,"-",17149,0,0,0
"Zaanstad","GM0479",2021-01-02,227,226,220,219,212,193,2020-12-01,34,1,7,15,-12.5,"&#x2798;",157133,0.636403556223072,4.45482489356151,9.54605334334608
"Alblasserdam","GM0482",2021-01-02,18,18,16,16,15,15,2020-12-01,3,0,2,3,100,"&#x279A;",20229,0,9.88679618369667,14.830194275545
"Alphen aan den Rijn","GM0484",2021-01-02,129,128,123,122,114,107,2020-12-01,22,1,6,15,-33.3333333333333,"&#x2798;",112520,0.888730892285816,5.3323853537149,13.3309633842872
"Barendrecht","GM0489",2021-01-02,75,75,73,73,73,69,2020-12-01,6,0,2,2,200,"&#x279A;",48597,0,4.11548037944729,4.11548037944729
"Drechterland","GM0498",2021-01-02,8,8,7,7,7,7,2020-12-01,1,0,1,1,100,"&#x279A;",19832,0,5.04235578862445,5.04235578862445
"Brielle","GM0501",2021-01-02,23,23,23,23,23,22,2020-12-01,1,0,0,0,0,"-",17397,0,0,0
"Capelle aan den IJssel","GM0502",2021-01-02,107,107,101,99,99,95,2020-12-01,12,0,6,8,200,"&#x279A;",67204,0,8.92803999761919,11.9040533301589
"Delft","GM0503",2021-01-02,73,73,72,71,71,62,2020-12-01,11,0,1,2,0,"-",103973,0,0.96178815654064,1.92357631308128
"Dordrecht","GM0505",2021-01-02,125,125,120,120,114,105,2020-12-01,20,0,5,11,-16.6666666666667,"&#x2798;",119203,0,4.19452530557117,9.22795567225657
"Gorinchem","GM0512",2021-01-02,25,25,23,23,23,20,2020-12-01,5,0,2,2,200,"&#x279A;",37422,0,5.34444978889423,5.34444978889423
"Gouda","GM0513",2021-01-02,123,122,116,116,110,97,2020-12-01,26,1,7,13,16.6666666666667,"&#x279A;",73771,1.35554621734828,9.48882352143796,17.6221008255276
"'s-Gravenhage","GM0518",2021-01-02,910,909,875,866,838,786,2020-12-01,124,1,35,72,-5.40540540540541,"&#x2798;",547882,0.182521053803556,6.38823688312447,13.1415158738561
"Hardinxveld-Giessendam","GM0523",2021-01-02,2,2,2,2,2,2,2020-12-01,0,0,0,0,0,"-",18393,0,0,0
"Hellevoetsluis","GM0530",2021-01-02,35,35,35,35,35,31,2020-12-01,4,0,0,0,0,"-",40251,0,0,0
"Hendrik-Ido-Ambacht","GM0531",2021-01-02,15,15,15,15,14,13,2020-12-01,2,0,0,1,-100,"&#x2798;",31235,0,0,3.20153673763406
"Stede Broec","GM0532",2021-01-02,21,20,20,20,20,20,2020-12-01,1,1,1,1,100,"&#x279A;",21775,4.59242250287026,4.59242250287026,4.59242250287026
"Hillegom","GM0534",2021-01-02,12,12,11,11,11,9,2020-12-01,3,0,1,1,100,"&#x279A;",22216,0,4.50126035289881,4.50126035289881
"Katwijk","GM0537",2021-01-02,74,74,67,67,65,56,2020-12-02,18,0,7,9,250,"&#x279A;",65965,0,10.6116880163723,13.643598878193
"Krimpen aan den IJssel","GM0542",2021-01-02,29,29,26,26,25,25,2020-12-11,4,0,3,4,200,"&#x279A;",29410,0,10.2006120367222,13.6008160489629
"Leiden","GM0546",2021-01-02,91,91,89,90,89,81,2020-12-01,10,0,2,2,200,"&#x279A;",124016,0,1.61269513611147,1.61269513611147
"Leiderdorp","GM0547",2021-01-02,31,31,30,30,30,29,2020-12-01,2,0,1,1,100,"&#x279A;",27359,0,3.65510435322928,3.65510435322928
"Lisse","GM0553",2021-01-02,20,20,20,20,19,14,2020-12-01,6,0,0,1,-100,"&#x2798;",22989,0,0,4.34990647701074
"Maassluis","GM0556",2021-01-02,50,49,45,45,44,44,2020-12-01,6,1,5,6,400,"&#x279A;",33539,2.98160350636572,14.9080175318286,17.8896210381943
"Nieuwkoop","GM0569",2021-01-02,23,23,22,22,22,16,2020-12-01,7,0,1,1,100,"&#x279A;",29119,0,3.4341838662042,3.4341838662042
"Noordwijk","GM0575",2021-01-02,50,50,45,44,42,40,2020-12-01,10,0,5,8,66.6666666666667,"&#x279A;",43982,0,11.3682870265108,18.1892592424174
"Oegstgeest","GM0579",2021-01-02,17,17,17,17,17,17,2020-12-01,0,0,0,0,0,"-",25067,0,0,0
"Oudewater","GM0589",2021-01-02,32,32,32,32,32,32,2020-12-01,0,0,0,0,0,"-",10154,0,0,0
"Papendrecht","GM0590",2021-01-02,13,13,13,13,11,11,2020-12-01,2,0,0,2,-100,"&#x2798;",32119,0,0,6.22684392415704
"Ridderkerk","GM0597",2021-01-02,63,63,62,62,61,52,2020-12-01,11,0,1,2,0,"-",46646,0,2.14380654289757,4.28761308579514
"Rotterdam","GM0599",2021-01-02,1251,1251,1227,1221,1193,1116,2020-12-01,135,0,24,58,-29.4117647058823,"&#x2798;",652497,0,3.67817783070267,8.88892975753145
"Rijswijk","GM0603",2021-01-02,89,89,86,85,82,77,2020-12-01,12,0,3,7,-25,"&#x2798;",55211,0,5.43369980619804,12.6786328811288
"Schiedam","GM0606",2021-01-02,151,151,149,148,145,125,2020-12-01,26,0,2,6,-50,"&#x2798;",79284,0,2.52257706472933,7.56773119418798
"Sliedrecht","GM0610",2021-01-02,12,12,12,12,12,11,2020-12-01,1,0,0,0,0,"-",25509,0,0,0
"Albrandswaard","GM0613",2021-01-02,33,33,33,33,32,30,2020-12-01,3,0,0,1,-100,"&#x2798;",25857,0,0,3.86742468190432
"Westvoorne","GM0614",2021-01-02,11,11,10,10,10,9,2020-12-01,2,0,1,1,100,"&#x279A;",14896,0,6.71321160042964,6.71321160042964
"Vlaardingen","GM0622",2021-01-02,104,104,104,104,102,89,2020-12-01,15,0,0,2,-100,"&#x2798;",73863,0,0,2.70771563570394
"Voorschoten","GM0626",2021-01-02,14,14,13,13,13,12,2020-12-01,2,0,1,1,100,"&#x279A;",25613,0,3.9042673642291,3.9042673642291
"Waddinxveen","GM0627",2021-01-02,50,50,45,46,44,40,2020-12-01,10,0,5,6,400,"&#x279A;",30123,0,16.598612356007,19.9183348272084
"Wassenaar","GM0629",2021-01-02,22,22,21,21,21,18,2020-12-01,4,0,1,1,100,"&#x279A;",26782,0,3.73385109401837,3.73385109401837
"Woerden","GM0632",2021-01-02,80,80,79,79,78,73,2020-12-01,7,0,1,2,0,"-",52659,0,1.89901061546934,3.79802123093868
"Zoetermeer","GM0637",2021-01-02,98,98,97,95,90,82,2020-12-01,16,0,1,8,-85.7142857142857,"&#x2798;",125297,0,0.798103705595505,6.38482964476404
"Zoeterwoude","GM0638",2021-01-02,6,6,6,6,4,4,2020-12-01,2,0,0,2,-100,"&#x2798;",8794,0,0,22.7427791676143
"Zwijndrecht","GM0642",2021-01-02,40,40,40,40,35,31,2020-12-01,9,0,0,5,-100,"&#x2798;",44778,0,0,11.1661976863638
"Borsele","GM0654",2021-01-02,13,13,9,9,7,7,2020-12-01,6,0,4,6,100,"&#x279A;",22758,0,17.5762369276738,26.3643553915107
"Goes","GM0664",2021-01-02,33,33,33,33,31,23,2020-12-01,10,0,0,2,-100,"&#x2798;",38556,0,0,5.18726008922087
"West Maas en Waal","GM0668",2021-01-02,24,24,24,24,24,24,2020-12-01,0,0,0,0,0,"-",19537,0,0,0
"Hulst","GM0677",2021-01-02,22,22,22,22,21,21,2020-12-01,1,0,0,1,-100,"&#x2798;",27593,0,0,3.62410756351249
"Kapelle","GM0678",2021-01-02,6,6,5,5,5,4,2020-12-01,2,0,1,1,100,"&#x279A;",12874,0,7.76759359950287,7.76759359950287
"Middelburg","GM0687",2021-01-02,35,35,31,31,29,28,2020-12-01,7,0,4,6,100,"&#x279A;",49009,0,8.16176620620702,12.2426493093105
"Reimerswaal","GM0703",2021-01-02,10,10,10,10,10,9,2020-12-01,1,0,0,0,0,"-",22916,0,0,0
"Terneuzen","GM0715",2021-01-02,49,49,42,42,41,36,2020-12-01,13,0,7,8,600,"&#x279A;",54435,0,12.8593735648021,14.6964269312024
"Tholen","GM0716",2021-01-02,51,51,51,51,51,50,2020-12-01,1,0,0,0,0,"-",25993,0,0,0
"Veere","GM0717",2021-01-02,10,10,10,10,10,10,2020-12-01,0,0,0,0,0,"-",21994,0,0,0
"Vlissingen","GM0718",2021-01-02,24,24,23,23,21,16,2020-12-01,8,0,1,3,-50,"&#x2798;",44296,0,2.25754018421528,6.77262055264584
"De Ronde Venen","GM0736",2021-01-02,77,77,75,75,74,69,2020-12-02,8,0,2,3,100,"&#x279A;",44642,0,4.48008601765154,6.72012902647731
"Tytsjerksteradiel","GM0737",2021-01-02,9,9,9,9,9,8,2020-12-01,1,0,0,0,0,"-",32049,0,0,0
"Asten","GM0743",2021-01-02,23,23,23,23,22,21,2020-12-01,2,0,0,1,-100,"&#x2798;",16768,0,0,5.96374045801527
"Baarle-Nassau","GM0744",2021-01-02,12,12,12,12,12,11,2020-12-01,1,0,0,0,0,"-",6917,0,0,0
"Bergen op Zoom","GM0748",2021-01-02,69,69,68,68,67,57,2020-12-01,12,0,1,2,0,"-",67609,0,1.47909302016004,2.95818604032008
"Best","GM0753",2021-01-02,42,41,41,41,40,37,2020-12-01,5,1,1,2,0,"-",30162,3.31543001127246,3.31543001127246,6.63086002254492
"Boekel","GM0755",2021-01-02,39,39,37,37,37,36,2020-12-01,3,0,2,2,200,"&#x279A;",10906,0,18.3385292499542,18.3385292499542
"Boxmeer","GM0756",2021-01-02,30,30,28,28,27,25,2020-12-01,5,0,2,3,100,"&#x279A;",29580,0,6.76132521974307,10.1419878296146
"Boxtel","GM0757",2021-01-02,38,38,35,35,34,30,2020-12-01,8,0,3,4,200,"&#x279A;",30888,0,9.71250971250971,12.950012950013
"Breda","GM0758",2021-01-02,217,217,216,213,211,202,2020-12-01,15,0,1,6,-80,"&#x2798;",184190,0,0.542917639394104,3.25750583636462
"Deurne","GM0762",2021-01-02,69,69,66,65,65,63,2020-12-01,6,0,3,4,200,"&#x279A;",32455,0,9.24356801725466,12.3247573563395
"Pekela","GM0765",2021-01-02,11,11,11,10,10,7,2020-12-01,4,0,0,1,-100,"&#x2798;",12173,0,0,8.21490183192311
"Dongen","GM0766",2021-01-02,39,39,39,39,39,36,2020-12-01,3,0,0,0,0,"-",26351,0,0,0
"Eersel","GM0770",2021-01-02,40,40,40,39,38,36,2020-12-01,4,0,0,2,-100,"&#x2798;",19491,0,0,10.2611461700272
"Eindhoven","GM0772",2021-01-02,290,289,281,280,273,246,2020-12-01,44,1,9,17,12.5,"&#x279A;",235514,0.424603208301842,3.82142887471658,7.21825454113131
"Etten-Leur","GM0777",2021-01-02,61,61,61,61,60,57,2020-12-01,4,0,0,1,-100,"&#x2798;",43928,0,0,2.27645237661628
"Geertruidenberg","GM0779",2021-01-02,22,22,21,21,21,18,2020-12-01,4,0,1,1,100,"&#x279A;",21768,0,4.59389930172731,4.59389930172731
"Gilze en Rijen","GM0784",2021-01-02,30,30,30,30,30,28,2020-12-01,2,0,0,0,0,"-",26761,0,0,0
"Goirle","GM0785",2021-01-02,37,37,36,36,36,36,2020-12-04,1,0,1,1,100,"&#x279A;",23915,0,4.18147606104955,4.18147606104955
"Grave","GM0786",2021-01-02,29,28,28,28,28,28,2020-12-01,1,1,1,1,100,"&#x279A;",12433,8.04311107536395,8.04311107536395,8.04311107536395
"Haaren","GM0788",2021-01-02,26,26,25,25,25,22,2020-12-01,4,0,1,1,100,"&#x279A;",14351,0,6.96815552923141,6.96815552923141
"Helmond","GM0794",2021-01-02,152,152,151,151,148,139,2020-12-01,13,0,1,4,-66.6666666666667,"&#x2798;",92574,0,1.08021690755504,4.32086763022015
"'s-Hertogenbosch","GM0796",2021-01-02,183,183,183,183,181,167,2020-12-01,16,0,0,2,-100,"&#x2798;",155541,0,0,1.285834603095
"Heusden","GM0797",2021-01-02,68,68,68,68,66,60,2020-12-01,8,0,0,2,-100,"&#x2798;",44977,0,0,4.44671721101897
"Hilvarenbeek","GM0798",2021-01-02,18,18,18,18,18,17,2020-12-01,1,0,0,0,0,"-",15661,0,0,0
"Loon op Zand","GM0809",2021-01-02,39,39,39,39,38,36,2020-12-01,3,0,0,1,-100,"&#x2798;",23467,0,0,4.26130310648997
"Mill en Sint Hubert","GM0815",2021-01-02,14,14,14,14,14,14,2020-12-01,0,0,0,0,0,"-",11003,0,0,0
"Nuenen, Gerwen en Nederwetten","GM0820",2021-01-02,24,24,24,24,22,22,2020-12-01,2,0,0,2,-100,"&#x2798;",23640,0,0,8.46023688663283
"Oirschot","GM0823",2021-01-02,21,21,21,21,21,19,2020-12-01,2,0,0,0,0,"-",18826,0,0,0
"Oisterwijk","GM0824",2021-01-02,32,32,32,32,32,29,2020-12-01,3,0,0,0,0,"-",26436,0,0,0
"Oosterhout","GM0826",2021-01-02,68,67,62,62,62,55,2020-12-01,13,1,6,6,600,"&#x279A;",56225,1.77856825255669,10.6714095153402,10.6714095153402
"Oss","GM0828",2021-01-02,203,203,201,200,199,191,2020-12-01,12,0,2,4,0,"-",92390,0,2.16473644333802,4.32947288667605
"Rucphen","GM0840",2021-01-02,27,27,25,25,25,21,2020-12-01,6,0,2,2,200,"&#x279A;",23077,0,8.66663777787407,8.66663777787407
"Sint-Michielsgestel","GM0845",2021-01-02,42,42,42,42,41,39,2020-12-01,3,0,0,1,-100,"&#x2798;",29476,0,0,3.39259058216854
"Someren","GM0847",2021-01-02,37,37,37,37,37,36,2020-12-01,1,0,0,0,0,"-",19364,0,0,0
"Son en Breugel","GM0848",2021-01-02,35,35,35,35,34,32,2020-12-01,3,0,0,1,-100,"&#x2798;",17539,0,0,5.70157933747648
"Steenbergen","GM0851",2021-01-02,24,24,22,20,20,20,2020-12-01,4,0,2,4,0,"-",24326,0,8.22165584148648,16.443311682973
"Waterland","GM0852",2021-01-02,27,27,27,27,25,24,2020-12-01,3,0,0,2,-100,"&#x2798;",17324,0,0,11.5446779034865
"Tilburg","GM0855",2021-01-02,341,341,336,336,329,312,2020-12-01,29,0,5,12,-28.5714285714286,"&#x2798;",220536,0,2.26720354046505,5.44128849711612
"Uden","GM0856",2021-01-02,121,121,121,121,120,120,2020-12-01,1,0,0,1,-100,"&#x2798;",42207,0,0,2.36927523870448
"Valkenswaard","GM0858",2021-01-02,31,31,29,29,27,25,2020-12-01,6,0,2,4,0,"-",31241,0,6.40184373099453,12.8036874619891
"Veldhoven","GM0861",2021-01-02,51,51,50,50,46,42,2020-12-01,9,0,1,5,-75,"&#x2798;",45636,0,2.1912525199404,10.956262599702
"Vught","GM0865",2021-01-02,51,51,51,51,50,45,2020-12-01,6,0,0,1,-100,"&#x2798;",26772,0,0,3.73524577917227
"Waalre","GM0866",2021-01-02,9,9,9,9,9,9,2020-12-01,0,0,0,0,0,"-",17528,0,0,0
"Waalwijk","GM0867",2021-01-02,62,62,60,60,58,56,2020-12-01,6,0,2,4,0,"-",48886,0,4.0911508407315,8.182301681463
"Woensdrecht","GM0873",2021-01-02,12,12,12,12,12,11,2020-12-01,1,0,0,0,0,"-",21970,0,0,0
"Zundert","GM0879",2021-01-02,32,32,31,31,30,30,2020-12-01,2,0,1,2,0,"-",22026,0,4.54008898574412,9.08017797148824
"Wormerland","GM0880",2021-01-02,26,26,25,25,25,24,2020-12-01,2,0,1,1,100,"&#x279A;",16256,0,6.15157480314961,6.15157480314961
"Landgraaf","GM0882",2021-01-02,62,61,59,58,57,56,2020-12-01,6,1,3,5,50,"&#x279A;",37302,2.68082140367809,8.04246421103426,13.4041070183904
"Beek","GM0888",2021-01-02,19,19,19,19,18,18,2020-12-01,1,0,0,1,-100,"&#x2798;",15897,0,0,6.29049506196138
"Beesel","GM0889",2021-01-02,24,24,24,24,24,23,2020-12-01,1,0,0,0,0,"-",13452,0,0,0
"Bergen (L.)","GM0893",2021-01-02,12,12,12,12,12,12,2020-12-01,0,0,0,0,0,"-",13117,0,0,0
"Brunssum","GM0899",2021-01-02,60,60,59,59,58,52,2020-12-01,8,0,1,2,0,"-",27661,0,3.61519829362641,7.23039658725281
"Gennep","GM0907",2021-01-02,24,24,23,23,21,18,2020-12-01,6,0,1,3,-50,"&#x2798;",17002,0,5.88166098106105,17.6449829431832
"Heerlen","GM0917",2021-01-02,154,153,147,147,145,137,2020-12-01,17,1,7,9,250,"&#x279A;",86805,1.15200737284719,8.0640516099303,10.3680663556247
"Kerkrade","GM0928",2021-01-02,92,92,87,87,82,77,2020-12-01,15,0,5,10,0,"-",45517,0,10.9849067381418,21.9698134762836
"Maastricht","GM0935",2021-01-02,228,227,224,224,222,212,2020-12-01,16,1,4,6,100,"&#x279A;",120484,0.829985724245543,3.31994289698217,4.97991434547326
"Meerssen","GM0938",2021-01-02,27,26,26,26,26,24,2020-12-01,3,1,1,1,100,"&#x279A;",18707,5.34559255893516,5.34559255893516,5.34559255893516
"Mook en Middelaar","GM0944",2021-01-02,11,11,10,10,10,9,2020-12-01,2,0,1,1,100,"&#x279A;",7897,0,12.6630365961758,12.6630365961758
"Nederweert","GM0946",2021-01-02,38,38,38,38,37,37,2020-12-01,1,0,0,1,-100,"&#x2798;",17161,0,0,5.82716624905309
"Roermond","GM0957",2021-01-02,70,70,68,68,68,66,2020-12-01,4,0,2,2,200,"&#x279A;",58769,0,3.40315472442955,3.40315472442955
"Simpelveld","GM0965",2021-01-02,22,22,22,22,22,20,2020-12-01,2,0,0,0,0,"-",10508,0,0,0
"Stein","GM0971",2021-01-02,55,55,55,55,55,51,2020-12-01,4,0,0,0,0,"-",24872,0,0,0
"Vaals","GM0981",2021-01-02,15,15,13,13,12,11,2020-12-01,4,0,2,3,100,"&#x279A;",10084,0,19.8333994446648,29.7500991669972
"Venlo","GM0983",2021-01-02,171,171,168,167,160,153,2020-12-01,18,0,3,11,-62.5,"&#x2798;",101934,0,2.94308081699923,10.7912963289972
"Venray","GM0984",2021-01-02,49,49,48,48,47,44,2020-12-01,5,0,1,2,0,"-",43676,0,2.28958695851268,4.57917391702537
"Voerendaal","GM0986",2021-01-02,19,19,18,18,18,18,2020-12-01,1,0,1,1,100,"&#x279A;",12483,0,8.01089481695105,8.01089481695105
"Weert","GM0988",2021-01-02,96,96,89,89,87,84,2020-12-01,12,0,7,9,250,"&#x279A;",50044,0,13.9876908320678,17.9841739269443
"Valkenburg aan de Geul","GM0994",2021-01-02,27,27,26,26,26,23,2020-12-01,4,0,1,1,100,"&#x279A;",16405,0,6.09570252971655,6.09570252971655
"Lelystad","GM0995",2021-01-02,105,105,101,101,100,95,2020-12-01,10,0,4,5,300,"&#x279A;",79759,0,5.01510801288883,6.26888501611103
"Horst aan de Maas","GM1507",2021-01-02,53,53,51,51,51,49,2020-12-01,4,0,2,2,200,"&#x279A;",42484,0,4.70765464645514,4.70765464645514
"Oude IJsselstreek","GM1509",2021-01-02,30,30,29,29,28,27,2020-12-01,3,0,1,2,0,"-",39333,0,2.54239442707142,5.08478885414283
"Teylingen","GM1525",2021-01-02,27,27,27,27,26,24,2020-12-01,3,0,0,1,-100,"&#x2798;",37737,0,0,2.64991917746509
"Utrechtse Heuvelrug","GM1581",2021-01-02,52,52,49,49,45,36,2020-12-01,16,0,3,7,-25,"&#x2798;",49965,0,6.00420294205944,14.0098068648054
"Oost Gelre","GM1586",2021-01-02,26,26,24,24,24,23,2020-12-01,3,0,2,2,200,"&#x279A;",29617,0,6.75287841442415,6.75287841442415
"Koggenland","GM1598",2021-01-02,13,13,13,13,13,12,2020-12-01,1,0,0,0,0,"-",22954,0,0,0
"Lansingerland","GM1621",2021-01-02,68,68,67,67,62,58,2020-12-01,10,0,1,6,-80,"&#x2798;",63267,0,1.58060284192391,9.48361705154346
"Leudal","GM1640",2021-01-02,62,62,61,61,58,57,2020-12-01,5,0,1,4,-66.6666666666667,"&#x2798;",36010,0,2.77700638711469,11.1080255484588
"Maasgouw","GM1641",2021-01-02,31,31,29,29,29,28,2020-12-01,3,0,2,2,200,"&#x279A;",23955,0,8.34898768524316,8.34898768524316
"Gemert-Bakel","GM1652",2021-01-02,84,84,84,84,82,80,2020-12-01,4,0,0,2,-100,"&#x2798;",30751,0,0,6.50385353321843
"Halderberge","GM1655",2021-01-02,38,38,37,37,35,32,2020-12-01,6,0,1,3,-50,"&#x2798;",30428,0,3.28644669383463,9.85934008150388
"Heeze-Leende","GM1658",2021-01-02,20,20,20,20,20,19,2020-12-01,1,0,0,0,0,"-",16207,0,0,0
"Laarbeek","GM1659",2021-01-02,46,46,45,45,42,42,2020-12-01,4,0,1,4,-66.6666666666667,"&#x2798;",22741,0,4.39734400422145,17.5893760168858
"Reusel-De Mierden","GM1667",2021-01-02,20,20,19,19,18,17,2020-12-01,3,0,1,2,0,"-",13138,0,7.61150860100472,15.2230172020094
"Roerdalen","GM1669",2021-01-02,30,30,29,29,29,28,2020-12-01,2,0,1,1,100,"&#x279A;",20572,0,4.86097608399767,4.86097608399767
"Roosendaal","GM1674",2021-01-02,66,66,65,65,64,59,2020-12-01,7,0,1,2,0,"-",77268,0,1.29419682145261,2.58839364290521
"Schouwen-Duiveland","GM1676",2021-01-02,22,22,19,19,18,16,2020-12-01,6,0,3,4,200,"&#x279A;",33960,0,8.8339222614841,11.7785630153121
"Aa en Hunze","GM1680",2021-01-02,3,3,2,2,2,1,2020-12-01,2,0,1,1,100,"&#x279A;",25394,0,3.93793809561314,3.93793809561314
"Borger-Odoorn","GM1681",2021-01-02,15,14,12,12,11,9,2020-12-01,6,1,3,4,200,"&#x279A;",25584,3.90869293308318,11.7260787992495,15.6347717323327
"Cuijk","GM1684",2021-01-02,23,23,22,22,22,20,2020-12-01,3,0,1,1,100,"&#x279A;",25368,0,3.94197414064964,3.94197414064964
"Landerd","GM1685",2021-01-02,46,45,45,45,44,44,2020-12-01,2,1,1,2,0,"-",15831,6.31672035878972,6.31672035878972,12.6334407175794
"De Wolden","GM1690",2021-01-02,19,19,18,18,18,16,2020-12-01,3,0,1,1,100,"&#x279A;",24374,0,4.10273241979158,4.10273241979158
"Noord-Beveland","GM1695",2021-01-02,3,3,3,3,3,3,2020-12-01,0,0,0,0,0,"-",7571,0,0,0
"Wijdemeren","GM1696",2021-01-02,17,17,17,17,17,14,2020-12-01,3,0,0,0,0,"-",24426,0,0,0
"Noordenveld","GM1699",2021-01-02,11,11,11,11,10,7,2020-12-01,4,0,0,1,-100,"&#x2798;",31211,0,0,3.20399859024062
"Twenterand","GM1700",2021-01-02,27,26,22,22,21,16,2020-12-01,11,1,5,6,400,"&#x279A;",33711,2.96639079232298,14.8319539616149,17.7983447539379
"Westerveld","GM1701",2021-01-02,11,11,10,10,10,10,2020-12-01,1,0,1,1,100,"&#x279A;",19620,0,5.09683995922528,5.09683995922528
"Sint Anthonis","GM1702",2021-01-02,21,21,21,21,21,21,2020-12-01,0,0,0,0,0,"-",11682,0,0,0
"Lingewaard","GM1705",2021-01-02,53,53,48,47,47,46,2020-12-01,7,0,5,6,400,"&#x279A;",46760,0,10.6928999144568,12.8314798973482
"Cranendonck","GM1706",2021-01-02,69,68,68,68,67,65,2020-12-01,4,1,1,2,0,"-",20971,4.76848981927424,4.76848981927424,9.53697963854847
"Steenwijkerland","GM1708",2021-01-02,21,21,19,19,19,18,2020-12-01,3,0,2,2,200,"&#x279A;",44323,0,4.51232994156533,4.51232994156533
"Moerdijk","GM1709",2021-01-02,32,32,30,30,28,25,2020-12-01,7,0,2,4,0,"-",37188,0,5.37807895019899,10.756157900398
"Echt-Susteren","GM1711",2021-01-02,46,46,45,45,44,44,2020-12-01,2,0,1,2,0,"-",31774,0,3.14722729275508,6.29445458551016
"Sluis","GM1714",2021-01-02,25,25,20,20,19,16,2020-12-01,9,0,5,6,400,"&#x279A;",23176,0,21.5740421125302,25.8888505350362
"Drimmelen","GM1719",2021-01-02,35,35,33,32,32,28,2020-12-01,7,0,2,3,100,"&#x279A;",27332,0,7.31743011854237,10.9761451778136
"Bernheze","GM1721",2021-01-02,102,102,102,102,102,101,2020-12-01,1,0,0,0,0,"-",31412,0,0,0
"Alphen-Chaam","GM1723",2021-01-02,21,21,21,21,21,20,2020-12-01,1,0,0,0,0,"-",10355,0,0,0
"Bergeijk","GM1724",2021-01-02,24,24,23,23,22,22,2020-12-01,2,0,1,2,0,"-",18728,0,5.33959846219564,10.6791969243913
"Bladel","GM1728",2021-01-02,27,27,27,27,26,25,2020-12-01,2,0,0,1,-100,"&#x2798;",20536,0,0,4.86949746786132
"Gulpen-Wittem","GM1729",2021-01-02,28,28,27,27,27,26,2020-12-01,2,0,1,1,100,"&#x279A;",14195,0,7.04473406128919,7.04473406128919
"Tynaarlo","GM1730",2021-01-02,13,13,13,13,13,12,2020-12-01,1,0,0,0,0,"-",33914,0,0,0
"Midden-Drenthe","GM1731",2021-01-02,13,13,13,13,12,8,2020-12-01,5,0,0,1,-100,"&#x2798;",33362,0,0,2.99742221689347
"Overbetuwe","GM1734",2021-01-02,65,65,63,63,63,62,2020-12-01,3,0,2,2,200,"&#x279A;",48125,0,4.15584415584416,4.15584415584416
"Hof van Twente","GM1735",2021-01-02,28,28,27,27,25,24,2020-12-01,4,0,1,3,-50,"&#x2798;",35053,0,2.85282286822811,8.55846860468434
"Neder-Betuwe","GM1740",2021-01-02,52,52,51,51,50,46,2020-12-01,6,0,1,2,0,"-",24591,0,4.06652840470091,8.13305680940181
"Rijssen-Holten","GM1742",2021-01-02,38,36,36,36,34,32,2020-12-01,6,2,2,4,0,"-",38205,5.23491689569428,5.23491689569428,10.4698337913886
"Geldrop-Mierlo","GM1771",2021-01-02,54,54,51,51,49,43,2020-12-01,11,0,3,5,50,"&#x279A;",40073,0,7.48633743418262,12.477229056971
"Olst-Wijhe","GM1773",2021-01-02,12,12,12,12,12,12,2020-12-01,0,0,0,0,0,"-",18353,0,0,0
"Dinkelland","GM1774",2021-01-02,26,26,24,24,24,24,2020-12-01,2,0,2,2,200,"&#x279A;",26588,0,7.52219046186249,7.52219046186249
"Westland","GM1783",2021-01-02,124,124,119,118,111,102,2020-12-01,22,0,5,13,-37.5,"&#x2798;",111356,0,4.49010381120011,11.6742699091203
"Midden-Delfland","GM1842",2021-01-02,14,14,13,13,13,12,2020-12-01,2,0,1,1,100,"&#x279A;",19374,0,5.16155672550841,5.16155672550841
"Berkelland","GM1859",2021-01-02,30,30,30,30,30,27,2020-12-01,3,0,0,0,0,"-",43831,0,0,0
"Bronckhorst","GM1876",2021-01-02,22,22,22,22,22,20,2020-12-01,2,0,0,0,0,"-",36111,0,0,0
"Sittard-Geleen","GM1883",2021-01-02,156,155,148,148,145,137,2020-12-01,19,1,8,11,166.666666666667,"&#x279A;",91822,1.08906362309686,8.71250898477489,11.9796998540655
"Kaag en Braassem","GM1884",2021-01-02,16,16,16,16,15,12,2020-12-01,4,0,0,1,-100,"&#x2798;",27557,0,0,3.62884203650615
"Dantumadiel","GM1891",2021-01-02,3,3,3,3,3,2,2020-12-01,1,0,0,0,0,"-",18942,0,0,0
"Zuidplas","GM1892",2021-01-02,54,54,51,51,50,47,2020-12-01,7,0,3,4,200,"&#x279A;",45014,0,6.6645932376594,8.88612431687919
"Peel en Maas","GM1894",2021-01-02,150,150,149,149,149,148,2020-12-01,2,0,1,1,100,"&#x279A;",43630,0,2.29200091680037,2.29200091680037
"Oldambt","GM1895",2021-01-02,18,18,14,14,11,11,2020-12-01,7,0,4,7,33.3333333333333,"&#x279A;",38288,0,10.4471374843293,18.2824905975763
"Zwartewaterland","GM1896",2021-01-02,40,40,39,39,39,38,2020-12-01,2,0,1,1,100,"&#x279A;",22794,0,4.38711941739054,4.38711941739054
"Súdwest-Fryslân","GM1900",2021-01-02,30,30,30,30,29,26,2020-12-01,4,0,0,1,-100,"&#x2798;",89958,0,0,1.11162987171791
"Bodegraven-Reeuwijk","GM1901",2021-01-02,37,36,34,34,30,27,2020-12-01,10,1,3,7,-25,"&#x2798;",35260,2.83607487237663,8.50822461712989,19.8525241066364
"Eijsden-Margraten","GM1903",2021-01-02,62,62,62,62,62,61,2020-12-01,1,0,0,0,0,"-",25888,0,0,0
"Stichtse Vecht","GM1904",2021-01-02,75,74,73,72,72,65,2020-12-01,10,1,2,3,100,"&#x279A;",65167,1.53451900501788,3.06903801003575,4.60355701505363
"Hollands Kroon","GM1911",2021-01-02,36,36,34,34,34,32,2020-12-01,4,0,2,2,200,"&#x279A;",48618,0,4.11370274383973,4.11370274383973
"Leidschendam-Voorburg","GM1916",2021-01-02,86,86,81,78,77,61,2020-12-01,25,0,5,9,25,"&#x279A;",76431,0,6.5418482029543,11.7753267653177
"Goeree-Overflakkee","GM1924",2021-01-02,84,81,80,80,78,72,2020-12-01,12,3,4,6,100,"&#x279A;",50488,5.94200602123277,7.92267469497702,11.8840120424655
"Pijnacker-Nootdorp","GM1926",2021-01-02,41,41,41,41,41,38,2020-12-01,3,0,0,0,0,"-",55552,0,0,0
"Nissewaard","GM1930",2021-01-02,106,106,105,105,102,90,2020-12-01,16,0,1,4,-66.6666666666667,"&#x2798;",85300,0,1.17233294255569,4.68933177022274
"Krimpenerwaard","GM1931",2021-01-02,86,86,82,80,76,70,2020-12-01,16,0,4,10,-33.3333333333333,"&#x2798;",56491,0,7.0807739285904,17.701934821476
"De Fryske Marren","GM1940",2021-01-02,31,31,31,31,30,26,2020-12-01,5,0,0,1,-100,"&#x2798;",51651,0,0,1.93607093763916
"Gooise Meren","GM1942",2021-01-02,42,41,39,39,37,35,2020-12-01,7,1,3,5,50,"&#x279A;",58439,1.71118602303256,5.13355806909769,8.55593011516282
"Berg en Dal","GM1945",2021-01-02,45,45,45,45,45,43,2020-12-01,2,0,0,0,0,"-",35017,0,0,0
"Meierijstad","GM1948",2021-01-02,232,231,229,229,226,223,2020-12-01,9,1,3,6,0,"-",81607,1.22538507726053,3.67615523178159,7.35231046356317
"Waadhoeke","GM1949",2021-01-02,20,20,19,19,18,18,2020-12-01,2,0,1,2,0,"-",46085,0,2.16990343929695,4.3398068785939
"Westerwolde","GM1950",2021-01-02,15,15,14,14,14,13,2020-12-01,2,0,1,1,100,"&#x279A;",25976,0,3.84970742223591,3.84970742223591
"Midden-Groningen","GM1952",2021-01-02,24,24,22,20,19,17,2020-12-01,7,0,2,5,-33.3333333333333,"&#x2798;",60761,0,3.29158506278698,8.22896265696746
"Beekdaelen","GM1954",2021-01-02,65,65,60,60,58,55,2020-12-01,10,0,5,7,150,"&#x279A;",36073,0,13.8607823025532,19.4050952235744
"Montferland","GM1955",2021-01-02,31,31,30,30,30,27,2020-12-01,4,0,1,1,100,"&#x279A;",36068,0,2.77254075634912,2.77254075634912
"Altena","GM1959",2021-01-02,61,61,59,59,56,48,2020-12-01,13,0,2,5,-33.3333333333333,"&#x2798;",56333,0,3.55031686578027,8.87579216445068
"West Betuwe","GM1960",2021-01-02,74,74,73,73,71,66,2020-12-01,8,0,1,3,-50,"&#x2798;",51405,0,1.94533605680381,5.83600817041144
"Vijfheerenlanden","GM1961",2021-01-02,65,65,64,64,62,56,2020-12-01,9,0,1,3,-50,"&#x2798;",57751,0,1.73157174767537,5.19471524302609
"Hoeksche Waard","GM1963",2021-01-02,94,94,92,92,89,88,2020-12-01,6,0,2,5,-33.3333333333333,"&#x2798;",87822,0,2.27733369770672,5.69333424426681
"Het Hogeland","GM1966",2021-01-02,16,16,15,14,13,10,2020-12-01,6,0,1,3,-50,"&#x2798;",47888,0,2.08820581356499,6.26461744069495
"Westerkwartier","GM1969",2021-01-02,23,23,21,21,21,21,2020-12-01,2,0,2,2,200,"&#x279A;",63568,0,3.14623710042789,3.14623710042789
"Noardeast-Fryslân","GM1970",2021-01-02,18,18,17,16,16,10,2020-12-01,8,0,1,2,0,"-",45445,0,2.20046209704038,4.40092419408076
"Molenlanden","GM1978",2021-01-02,27,26,25,25,22,20,2020-12-01,7,1,2,5,-33.3333333333333,"&#x2798;",44072,2.26901434017063,4.53802868034126,11.3450717008531
