"municipality","Municipality_code","date","d0","d1","d7","d8","d14","lowest_since_nov1","lowest_since_nov1_date","current","increase_1d","increase_7d","increase_14d","increase_growth","growth","population","rel_increase_1d","rel_increase_7d","rel_increase_14d"
"Netherlands","",2020-12-20,19068,18969,18477,18396,17974,15242,2020-11-01,3826,99,591,1094,17.4950298210736,"&#x279A;",17443797,0.567536987503351,3.3880238344897,6.27157034675421
"Unknown","",2020-12-20,110,110,109,109,110,91,2020-11-01,19,0,1,0,100,"&#x279A;",NA,NA,NA,NA
"Appingedam","GM0003",2020-12-20,9,9,9,9,8,8,2020-11-01,1,0,0,1,-100,"&#x2798;",11524,0,0,8.67754251995835
"Delfzijl","GM0010",2020-12-20,9,9,9,9,9,8,2020-11-01,1,0,0,0,0,"-",24590,0,0,0
"Groningen","GM0014",2020-12-20,44,43,40,39,37,32,2020-11-01,12,1,4,7,33.3333333333333,"&#x279A;",233441,0.428373764677156,1.71349505870862,2.99861635274009
"Loppersum","GM0024",2020-12-20,2,2,1,1,1,0,2020-11-01,2,0,1,1,100,"&#x279A;",9476,0,10.5529759392149,10.5529759392149
"Almere","GM0034",2020-12-20,201,198,193,193,185,170,2020-11-01,31,3,8,16,0,"-",214339,1.3996519532143,3.73240520857147,7.46481041714294
"Stadskanaal","GM0037",2020-12-20,12,12,12,11,10,8,2020-11-01,4,0,0,2,-100,"&#x2798;",31679,0,0,6.31333059755674
"Veendam","GM0047",2020-12-20,4,4,4,4,4,4,2020-11-01,0,0,0,0,0,"-",27395,0,0,0
"Zeewolde","GM0050",2020-12-20,16,16,16,16,16,13,2020-11-01,3,0,0,0,0,"-",22767,0,0,0
"Achtkarspelen","GM0059",2020-12-20,1,1,1,1,1,0,2020-11-01,1,0,0,0,0,"-",27880,0,0,0
"Ameland","GM0060",2020-12-20,0,0,0,0,0,0,2020-11-01,0,0,0,0,0,"-",3759,0,0,0
"Harlingen","GM0072",2020-12-20,5,5,5,5,5,4,2020-11-01,1,0,0,0,0,"-",15830,0,0,0
"Heerenveen","GM0074",2020-12-20,17,17,17,17,17,16,2020-11-01,1,0,0,0,0,"-",50603,0,0,0
"Leeuwarden","GM0080",2020-12-20,54,54,54,54,54,47,2020-11-01,7,0,0,0,0,"-",124427,0,0,0
"Ooststellingwerf","GM0085",2020-12-20,10,9,9,9,8,5,2020-11-01,5,1,1,2,0,"-",25398,3.93731789904717,3.93731789904717,7.87463579809434
"Opsterland","GM0086",2020-12-20,14,14,14,14,11,8,2020-11-01,6,0,0,3,-100,"&#x2798;",29815,0,0,10.0620493040416
"Schiermonnikoog","GM0088",2020-12-20,1,1,1,1,1,1,2020-11-01,0,0,0,0,0,"-",938,0,0,0
"Smallingerland","GM0090",2020-12-20,16,16,14,14,14,12,2020-11-01,4,0,2,2,200,"&#x279A;",56069,0,3.56703347660918,3.56703347660918
"Terschelling","GM0093",2020-12-20,1,1,1,1,1,1,2020-11-01,0,0,0,0,0,"-",4887,0,0,0
"Vlieland","GM0096",2020-12-20,0,0,0,0,0,0,2020-11-01,0,0,0,0,0,"-",1199,0,0,0
"Weststellingwerf","GM0098",2020-12-20,5,5,5,5,5,3,2020-11-01,2,0,0,0,0,"-",26094,0,0,0
"Assen","GM0106",2020-12-20,28,28,24,23,22,14,2020-11-01,14,0,4,6,100,"&#x279A;",68808,0,5.81327752586908,8.71991628880363
"Coevorden","GM0109",2020-12-20,26,26,24,24,22,19,2020-11-01,7,0,2,4,0,"-",35306,0,5.66475953095791,11.3295190619158
"Emmen","GM0114",2020-12-20,62,62,58,58,56,49,2020-11-01,13,0,4,6,100,"&#x279A;",107019,0,3.73765406142834,5.60648109214252
"Hoogeveen","GM0118",2020-12-20,37,37,35,35,33,29,2020-11-01,8,0,2,4,0,"-",55562,0,3.59958244843598,7.19916489687196
"Meppel","GM0119",2020-12-20,14,14,13,13,13,11,2020-11-01,3,0,1,1,100,"&#x279A;",34291,0,2.91621708319967,2.91621708319967
"Almelo","GM0141",2020-12-20,49,48,46,44,42,32,2020-11-01,17,1,3,7,-25,"&#x2798;",73184,1.36641888937473,4.09925666812418,9.56493222562309
"Borne","GM0147",2020-12-20,19,19,18,18,18,16,2020-11-01,3,0,1,1,100,"&#x279A;",23592,0,4.23872499152255,4.23872499152255
"Dalfsen","GM0148",2020-12-20,18,18,18,18,18,17,2020-11-01,1,0,0,0,0,"-",28925,0,0,0
"Deventer","GM0150",2020-12-20,64,62,59,59,56,50,2020-11-01,14,2,5,8,66.6666666666667,"&#x279A;",101081,1.97861121278974,4.94652803197436,7.91444485115897
"Enschede","GM0153",2020-12-20,118,118,113,110,100,70,2020-11-01,48,0,5,18,-61.5384615384615,"&#x2798;",159916,0,3.12664148678056,11.25590935241
"Haaksbergen","GM0158",2020-12-20,22,22,22,22,22,18,2020-11-01,4,0,0,0,0,"-",24265,0,0,0
"Hardenberg","GM0160",2020-12-20,33,33,33,33,31,24,2020-11-01,9,0,0,2,-100,"&#x2798;",61249,0,0,3.26535943443975
"Hellendoorn","GM0163",2020-12-20,17,17,16,16,16,13,2020-11-01,4,0,1,1,100,"&#x279A;",35930,0,2.78318953520735,2.78318953520735
"Hengelo","GM0164",2020-12-20,51,51,49,49,46,39,2020-11-01,12,0,2,5,-33.3333333333333,"&#x2798;",81138,0,2.46493628139713,6.16234070349281
"Kampen","GM0166",2020-12-20,67,67,66,66,66,61,2020-11-01,6,0,1,1,100,"&#x279A;",54423,0,1.83745842750308,1.83745842750308
"Losser","GM0168",2020-12-20,20,20,18,17,14,11,2020-11-01,9,0,2,6,-50,"&#x2798;",22852,0,8.75196919306844,26.2559075792053
"Noordoostpolder","GM0171",2020-12-20,26,26,24,23,23,20,2020-11-01,6,0,2,3,100,"&#x279A;",47537,0,4.20724909018238,6.31087363527358
"Oldenzaal","GM0173",2020-12-20,31,29,27,27,26,16,2020-11-01,15,2,4,5,300,"&#x279A;",31728,6.30358043368633,12.6071608673727,15.7589510842158
"Ommen","GM0175",2020-12-20,10,10,9,9,9,9,2020-11-01,1,0,1,1,100,"&#x279A;",18264,0,5.47525186158563,5.47525186158563
"Raalte","GM0177",2020-12-20,27,27,27,27,27,25,2020-11-01,2,0,0,0,0,"-",37859,0,0,0
"Staphorst","GM0180",2020-12-20,11,11,11,11,11,8,2020-11-01,3,0,0,0,0,"-",17259,0,0,0
"Tubbergen","GM0183",2020-12-20,15,15,14,14,14,12,2020-11-01,3,0,1,1,100,"&#x279A;",21323,0,4.68977160812268,4.68977160812268
"Urk","GM0184",2020-12-20,38,38,38,38,34,24,2020-11-01,14,0,0,4,-100,"&#x2798;",21184,0,0,18.8821752265861
"Wierden","GM0189",2020-12-20,11,11,11,11,11,7,2020-11-01,4,0,0,0,0,"-",24540,0,0,0
"Zwolle","GM0193",2020-12-20,64,64,63,63,62,54,2020-11-01,10,0,1,2,0,"-",129561,0,0.771837204096912,1.54367440819382
"Aalten","GM0197",2020-12-20,16,15,14,14,14,13,2020-11-01,3,1,2,2,200,"&#x279A;",27128,3.68622825125332,7.37245650250664,7.37245650250664
"Apeldoorn","GM0200",2020-12-20,141,139,137,137,134,117,2020-11-01,24,2,4,7,33.3333333333333,"&#x279A;",164609,1.21500039487513,2.43000078975026,4.25250138206295
"Arnhem","GM0202",2020-12-20,123,122,117,117,115,99,2020-11-01,24,1,6,8,200,"&#x279A;",162299,0.616146741507958,3.69688044904775,4.92917393206366
"Barneveld","GM0203",2020-12-20,32,32,32,32,31,25,2020-11-01,7,0,0,1,-100,"&#x2798;",59846,0,0,1.67095545232764
"Beuningen","GM0209",2020-12-20,24,24,24,24,24,20,2020-11-01,4,0,0,0,0,"-",26156,0,0,0
"Brummen","GM0213",2020-12-20,23,23,22,22,22,19,2020-11-01,4,0,1,1,100,"&#x279A;",20854,0,4.79524311882613,4.79524311882613
"Buren","GM0214",2020-12-20,27,27,27,27,27,23,2020-11-01,4,0,0,0,0,"-",26992,0,0,0
"Culemborg","GM0216",2020-12-20,35,34,34,34,34,28,2020-11-01,7,1,1,1,100,"&#x279A;",29103,3.43607188262378,3.43607188262378,3.43607188262378
"Doesburg","GM0221",2020-12-20,13,13,12,12,12,11,2020-11-01,2,0,1,1,100,"&#x279A;",11028,0,9.06782734856728,9.06782734856728
"Doetinchem","GM0222",2020-12-20,42,42,41,40,40,34,2020-11-01,8,0,1,2,0,"-",58220,0,1.71762281003092,3.43524562006183
"Druten","GM0225",2020-12-20,31,31,31,31,29,28,2020-11-01,3,0,0,2,-100,"&#x2798;",18972,0,0,10.5418511490618
"Duiven","GM0226",2020-12-20,19,19,18,18,18,17,2020-11-01,2,0,1,1,100,"&#x279A;",25079,0,3.98739981657961,3.98739981657961
"Ede","GM0228",2020-12-20,100,99,95,94,89,75,2020-11-01,25,1,5,11,-16.6666666666667,"&#x2798;",118461,0.844159681245304,4.22079840622652,9.28575649369835
"Elburg","GM0230",2020-12-20,31,31,31,31,31,29,2020-11-01,2,0,0,0,0,"-",23394,0,0,0
"Epe","GM0232",2020-12-20,58,58,56,56,55,53,2020-11-01,5,0,2,3,100,"&#x279A;",33179,0,6.02790921968715,9.04186382953073
"Ermelo","GM0233",2020-12-20,33,33,33,33,33,33,2020-11-01,0,0,0,0,0,"-",27028,0,0,0
"Harderwijk","GM0243",2020-12-20,57,56,55,55,54,47,2020-11-01,10,1,2,3,100,"&#x279A;",48637,2.05604786479429,4.11209572958859,6.16814359438288
"Hattem","GM0244",2020-12-20,19,19,19,19,18,18,2020-11-01,1,0,0,1,-100,"&#x2798;",12227,0,0,8.17862108448515
"Heerde","GM0246",2020-12-20,55,55,55,55,55,55,2020-11-01,0,0,0,0,0,"-",18749,0,0,0
"Heumen","GM0252",2020-12-20,23,22,21,21,21,19,2020-11-01,4,1,2,2,200,"&#x279A;",16584,6.02990834539315,12.0598166907863,12.0598166907863
"Lochem","GM0262",2020-12-20,23,23,22,22,22,18,2020-11-01,5,0,1,1,100,"&#x279A;",33869,0,2.95255248162036,2.95255248162036
"Maasdriel","GM0263",2020-12-20,26,26,26,26,26,20,2020-11-01,6,0,0,0,0,"-",25442,0,0,0
"Nijkerk","GM0267",2020-12-20,35,34,33,33,33,27,2020-11-01,8,1,2,2,200,"&#x279A;",43527,2.29742458703793,4.59484917407586,4.59484917407586
"Nijmegen","GM0268",2020-12-20,203,204,199,199,199,180,2020-11-01,23,-1,4,4,400,"&#x279A;",177489,-0.563415197561539,2.25366079024616,2.25366079024616
"Oldebroek","GM0269",2020-12-20,42,42,41,41,40,40,2020-11-01,2,0,1,2,0,"-",23715,0,4.21674045962471,8.43348091924942
"Putten","GM0273",2020-12-20,13,13,13,13,13,12,2020-11-01,1,0,0,0,0,"-",24387,0,0,0
"Renkum","GM0274",2020-12-20,22,22,20,20,20,17,2020-11-01,5,0,2,2,200,"&#x279A;",31398,0,6.36983247340595,6.36983247340595
"Rheden","GM0275",2020-12-20,42,42,41,41,39,35,2020-11-01,7,0,1,3,-50,"&#x2798;",43649,0,2.29100323031455,6.87300969094366
"Rozendaal","GM0277",2020-12-20,1,1,1,1,1,1,2020-11-01,0,0,0,0,0,"-",1719,0,0,0
"Scherpenzeel","GM0279",2020-12-20,5,5,5,5,5,5,2020-11-01,0,0,0,0,0,"-",10095,0,0,0
"Tiel","GM0281",2020-12-20,65,65,64,64,61,48,2020-11-01,17,0,1,4,-66.6666666666667,"&#x2798;",41907,0,2.38623618965805,9.54494475863221
"Voorst","GM0285",2020-12-20,20,20,19,19,18,18,2020-11-01,2,0,1,2,0,"-",24720,0,4.0453074433657,8.09061488673139
"Wageningen","GM0289",2020-12-20,30,30,30,30,30,26,2020-11-01,4,0,0,0,0,"-",39770,0,0,0
"Westervoort","GM0293",2020-12-20,16,16,15,15,15,12,2020-11-01,4,0,1,1,100,"&#x279A;",15008,0,6.66311300639659,6.66311300639659
"Winterswijk","GM0294",2020-12-20,13,13,13,13,13,9,2020-11-01,4,0,0,0,0,"-",28937,0,0,0
"Wijchen","GM0296",2020-12-20,61,61,61,61,59,54,2020-11-01,7,0,0,2,-100,"&#x2798;",41239,0,0,4.84977812265089
"Zaltbommel","GM0297",2020-12-20,26,26,26,26,26,23,2020-11-01,3,0,0,0,0,"-",29418,0,0,0
"Zevenaar","GM0299",2020-12-20,62,61,61,61,61,58,2020-11-01,4,1,1,1,100,"&#x279A;",44098,2.26767653861853,2.26767653861853,2.26767653861853
"Zutphen","GM0301",2020-12-20,42,41,39,39,39,34,2020-11-01,8,1,3,3,300,"&#x279A;",48130,2.07770621234158,6.23311863702472,6.23311863702472
"Nunspeet","GM0302",2020-12-20,68,68,65,64,64,61,2020-11-05,7,0,3,4,200,"&#x279A;",28011,0,10.7100781835707,14.280104244761
"Dronten","GM0303",2020-12-20,47,47,44,44,43,40,2020-11-01,7,0,3,4,200,"&#x279A;",41907,0,7.15870856897416,9.54494475863221
"Amersfoort","GM0307",2020-12-20,144,143,135,133,129,99,2020-11-01,45,1,9,15,50,"&#x279A;",157613,0.634465431150984,5.71018888035885,9.51698146726476
"Baarn","GM0308",2020-12-20,25,25,24,24,24,17,2020-11-01,8,0,1,1,100,"&#x279A;",24841,0,4.0256028340244,4.0256028340244
"De Bilt","GM0310",2020-12-20,40,40,38,38,38,35,2020-11-01,5,0,2,2,200,"&#x279A;",43372,0,4.61126994374251,4.61126994374251
"Bunnik","GM0312",2020-12-20,16,16,16,16,15,12,2020-11-01,4,0,0,1,-100,"&#x2798;",15352,0,0,6.51380927566441
"Bunschoten","GM0313",2020-12-20,38,38,36,36,33,17,2020-11-01,21,0,2,5,-33.3333333333333,"&#x2798;",22030,0,9.07852927825692,22.6963231956423
"Eemnes","GM0317",2020-12-20,7,7,7,6,6,3,2020-11-01,4,0,0,1,-100,"&#x2798;",9370,0,0,10.6723585912487
"Houten","GM0321",2020-12-20,44,44,43,43,43,34,2020-11-01,10,0,1,1,100,"&#x279A;",50236,0,1.99060434747989,1.99060434747989
"Leusden","GM0327",2020-12-20,18,18,16,16,16,11,2020-11-01,7,0,2,2,200,"&#x279A;",30509,0,6.55544265626536,6.55544265626536
"Lopik","GM0331",2020-12-20,25,25,25,25,25,25,2020-11-01,0,0,0,0,0,"-",14434,0,0,0
"Montfoort","GM0335",2020-12-20,16,16,16,16,16,16,2020-11-01,0,0,0,0,0,"-",13901,0,0,0
"Renswoude","GM0339",2020-12-20,5,5,5,5,5,5,2020-11-01,0,0,0,0,0,"-",5533,0,0,0
"Rhenen","GM0340",2020-12-20,16,16,15,15,15,13,2020-11-01,3,0,1,1,100,"&#x279A;",20170,0,4.95785820525533,4.95785820525533
"Soest","GM0342",2020-12-20,47,47,46,46,43,37,2020-11-01,10,0,1,4,-66.6666666666667,"&#x2798;",46905,0,2.13196887325445,8.5278754930178
"Utrecht","GM0344",2020-12-20,473,473,464,461,456,368,2020-11-01,105,0,9,17,12.5,"&#x279A;",359481,0,2.50360937017534,4.7290399214423
"Veenendaal","GM0345",2020-12-20,81,81,77,76,72,59,2020-11-01,22,0,4,9,-20,"&#x2798;",66905,0,5.97862641058217,13.4519094238099
"Woudenberg","GM0351",2020-12-20,12,12,11,11,11,9,2020-11-01,3,0,1,1,100,"&#x279A;",13602,0,7.35186002058521,7.35186002058521
"Wijk bij Duurstede","GM0352",2020-12-20,15,15,14,14,14,12,2020-11-01,3,0,1,1,100,"&#x279A;",23932,0,4.17850576633796,4.17850576633796
"IJsselstein","GM0353",2020-12-20,52,52,52,52,51,44,2020-11-01,8,0,0,1,-100,"&#x2798;",33901,0,0,2.94976549364326
"Zeist","GM0355",2020-12-20,55,54,52,52,51,45,2020-11-02,10,1,3,4,200,"&#x279A;",64980,1.5389350569406,4.61680517082179,6.15574022776239
"Nieuwegein","GM0356",2020-12-20,71,71,69,67,65,54,2020-11-01,17,0,2,6,-50,"&#x2798;",63821,0,3.13376474828035,9.40129424484104
"Aalsmeer","GM0358",2020-12-20,19,19,19,18,18,12,2020-11-01,7,0,0,1,-100,"&#x2798;",31958,0,0,3.12910695287565
"Alkmaar","GM0361",2020-12-20,84,83,82,82,80,68,2020-11-01,16,1,2,4,0,"-",109809,0.910672167126556,1.82134433425311,3.64268866850622
"Amstelveen","GM0362",2020-12-20,91,91,90,90,88,76,2020-11-01,15,0,1,3,-50,"&#x2798;",90965,0,1.09932391579179,3.29797174737536
"Amsterdam","GM0363",2020-12-20,1276,1261,1234,1231,1207,1049,2020-11-01,227,15,42,69,55.5555555555556,"&#x279A;",872939,1.7183331252241,4.81133275062748,7.90433237603086
"Beemster","GM0370",2020-12-20,4,4,4,4,4,4,2020-11-01,0,0,0,0,0,"-",10062,0,0,0
"Bergen (NH.)","GM0373",2020-12-20,27,27,27,27,25,22,2020-11-01,5,0,0,2,-100,"&#x2798;",29674,0,0,6.73990698928355
"Beverwijk","GM0375",2020-12-20,25,25,24,23,23,20,2020-11-01,5,0,1,2,0,"-",41803,0,2.39217281056384,4.78434562112767
"Blaricum","GM0376",2020-12-20,8,8,8,8,8,8,2020-11-01,0,0,0,0,0,"-",11885,0,0,0
"Bloemendaal","GM0377",2020-12-20,10,10,10,10,10,10,2020-11-01,0,0,0,0,0,"-",23526,0,0,0
"Castricum","GM0383",2020-12-20,18,18,18,18,18,18,2020-11-01,0,0,0,0,0,"-",36198,0,0,0
"Diemen","GM0384",2020-12-20,30,30,30,30,28,24,2020-11-01,6,0,0,2,-100,"&#x2798;",31263,0,0,6.39733870709785
"Edam-Volendam","GM0385",2020-12-20,57,57,56,56,55,42,2020-11-01,15,0,1,2,0,"-",36239,0,2.75945804244046,5.51891608488093
"Enkhuizen","GM0388",2020-12-20,21,21,20,20,20,20,2020-11-01,1,0,1,1,100,"&#x279A;",18640,0,5.36480686695279,5.36480686695279
"Haarlem","GM0392",2020-12-20,139,139,136,136,131,107,2020-11-01,32,0,3,8,-40,"&#x2798;",162773,0,1.84305750953782,4.91482002543419
"Haarlemmermeer","GM0394",2020-12-20,123,121,116,115,114,100,2020-11-01,23,2,7,9,250,"&#x279A;",157715,1.26811019877627,4.43838569571696,5.70649589449323
"Heemskerk","GM0396",2020-12-20,42,42,42,42,40,35,2020-11-01,7,0,0,2,-100,"&#x2798;",39207,0,0,5.10112990027291
"Heemstede","GM0397",2020-12-20,21,21,20,20,18,17,2020-11-01,4,0,1,3,-50,"&#x2798;",27474,0,3.63980490645701,10.919414719371
"Heerhugowaard","GM0398",2020-12-20,36,36,33,33,33,30,2020-11-01,6,0,3,3,300,"&#x279A;",58156,0,5.15853910172639,5.15853910172639
"Heiloo","GM0399",2020-12-20,15,15,14,14,14,12,2020-11-01,3,0,1,1,100,"&#x279A;",24095,0,4.15023863872173,4.15023863872173
"Den Helder","GM0400",2020-12-20,23,23,19,19,19,17,2020-11-01,6,0,4,4,400,"&#x279A;",56506,0,7.07889427671398,7.07889427671398
"Hilversum","GM0402",2020-12-20,50,50,49,49,49,42,2020-11-01,8,0,1,1,100,"&#x279A;",91233,0,1.09609461488716,1.09609461488716
"Hoorn","GM0405",2020-12-20,52,52,50,50,48,40,2020-11-01,12,0,2,4,0,"-",73552,0,2.71916467261257,5.43832934522515
"Huizen","GM0406",2020-12-20,39,39,38,38,37,31,2020-11-01,8,0,1,2,0,"-",41146,0,2.43036990229913,4.86073980459826
"Landsmeer","GM0415",2020-12-20,7,7,7,6,6,5,2020-11-01,2,0,0,1,-100,"&#x2798;",11578,0,0,8.63707030575229
"Langedijk","GM0416",2020-12-20,23,23,22,22,22,21,2020-11-01,2,0,1,1,100,"&#x279A;",28327,0,3.53020086842941,3.53020086842941
"Laren","GM0417",2020-12-20,12,12,11,11,11,10,2020-11-01,2,0,1,1,100,"&#x279A;",11406,0,8.76731544800982,8.76731544800982
"Medemblik","GM0420",2020-12-20,24,24,23,23,23,20,2020-11-01,4,0,1,1,100,"&#x279A;",45116,0,2.21650855572303,2.21650855572303
"Oostzaan","GM0431",2020-12-20,13,13,13,13,13,12,2020-11-01,1,0,0,0,0,"-",9668,0,0,0
"Opmeer","GM0432",2020-12-20,3,3,3,3,3,1,2020-11-01,2,0,0,0,0,"-",11995,0,0,0
"Ouder-Amstel","GM0437",2020-12-20,8,8,8,8,8,8,2020-11-01,0,0,0,0,0,"-",14146,0,0,0
"Purmerend","GM0439",2020-12-20,103,103,101,101,99,88,2020-11-01,15,0,2,4,0,"-",81735,0,2.4469321588059,4.89386431761179
"Schagen","GM0441",2020-12-20,25,25,24,24,24,21,2020-11-01,4,0,1,1,100,"&#x279A;",46517,0,2.14975170367823,2.14975170367823
"Texel","GM0448",2020-12-20,6,6,6,6,6,6,2020-11-01,0,0,0,0,0,"-",13651,0,0,0
"Uitgeest","GM0450",2020-12-20,8,8,7,7,7,7,2020-11-01,1,0,1,1,100,"&#x279A;",13661,0,7.3201083376034,7.3201083376034
"Uithoorn","GM0451",2020-12-20,27,27,27,27,27,21,2020-11-01,6,0,0,0,0,"-",30051,0,0,0
"Velsen","GM0453",2020-12-20,62,62,61,60,59,50,2020-11-01,12,0,1,3,-50,"&#x2798;",68758,0,1.45437621804008,4.36312865412025
"Weesp","GM0457",2020-12-20,12,12,11,11,11,10,2020-11-01,2,0,1,1,100,"&#x279A;",20466,0,4.88615264340858,4.88615264340858
"Zandvoort","GM0473",2020-12-20,15,15,15,15,15,15,2020-11-01,0,0,0,0,0,"-",17149,0,0,0
"Zaanstad","GM0479",2020-12-20,214,212,204,202,199,161,2020-11-01,53,2,10,15,100,"&#x279A;",157133,1.27280711244614,6.36403556223072,9.54605334334608
"Alblasserdam","GM0482",2020-12-20,15,15,15,15,15,11,2020-11-01,4,0,0,0,0,"-",20229,0,0,0
"Alphen aan den Rijn","GM0484",2020-12-20,114,114,111,111,109,89,2020-11-01,25,0,3,5,50,"&#x279A;",112520,0,2.66619267685745,4.44365446142908
"Barendrecht","GM0489",2020-12-20,73,73,71,71,70,51,2020-11-01,22,0,2,3,100,"&#x279A;",48597,0,4.11548037944729,6.17322056917094
"Drechterland","GM0498",2020-12-20,7,7,7,7,7,6,2020-11-01,1,0,0,0,0,"-",19832,0,0,0
"Brielle","GM0501",2020-12-20,23,23,23,23,23,17,2020-11-01,6,0,0,0,0,"-",17397,0,0,0
"Capelle aan den IJssel","GM0502",2020-12-20,99,99,99,99,96,73,2020-11-01,26,0,0,3,-100,"&#x2798;",67204,0,0,4.46401999880959
"Delft","GM0503",2020-12-20,71,71,69,69,67,48,2020-11-01,23,0,2,4,0,"-",103973,0,1.92357631308128,3.84715262616256
"Dordrecht","GM0505",2020-12-20,114,114,110,110,107,97,2020-11-01,17,0,4,7,33.3333333333333,"&#x279A;",119203,0,3.35562024445694,5.87233542779964
"Gorinchem","GM0512",2020-12-20,23,23,23,23,20,20,2020-11-01,3,0,0,3,-100,"&#x2798;",37422,0,0,8.01667468334135
"Gouda","GM0513",2020-12-20,112,110,105,104,103,73,2020-11-01,39,2,7,9,250,"&#x279A;",73771,2.71109243469656,9.48882352143796,12.1999159561345
"'s-Gravenhage","GM0518",2020-12-20,841,838,806,804,793,617,2020-11-01,224,3,35,48,169.230769230769,"&#x279A;",547882,0.547563161410669,6.38823688312447,8.7610105825707
"Hardinxveld-Giessendam","GM0523",2020-12-20,2,2,2,2,2,2,2020-11-01,0,0,0,0,0,"-",18393,0,0,0
"Hellevoetsluis","GM0530",2020-12-20,35,35,34,34,32,20,2020-11-04,15,0,1,3,-50,"&#x2798;",40251,0,2.48441032520931,7.45323097562794
"Hendrik-Ido-Ambacht","GM0531",2020-12-20,14,14,14,14,13,13,2020-11-01,1,0,0,1,-100,"&#x2798;",31235,0,0,3.20153673763406
"Stede Broec","GM0532",2020-12-20,20,20,20,20,20,19,2020-11-01,1,0,0,0,0,"-",21775,0,0,0
"Hillegom","GM0534",2020-12-20,11,11,10,10,9,8,2020-11-01,3,0,1,2,0,"-",22216,0,4.50126035289881,9.00252070579762
"Katwijk","GM0537",2020-12-20,66,65,63,61,57,46,2020-11-01,20,1,3,9,-50,"&#x2798;",65965,1.51595543091033,4.54786629273099,13.643598878193
"Krimpen aan den IJssel","GM0542",2020-12-20,25,25,25,25,26,18,2020-11-01,7,0,0,-1,0,"-",29410,0,0,-3.40020401224073
"Leiden","GM0546",2020-12-20,89,89,86,85,84,64,2020-11-01,25,0,3,5,50,"&#x279A;",124016,0,2.4190427041672,4.03173784027867
"Leiderdorp","GM0547",2020-12-20,30,30,30,30,29,25,2020-11-01,5,0,0,1,-100,"&#x2798;",27359,0,0,3.65510435322928
"Lisse","GM0553",2020-12-20,20,19,18,17,15,11,2020-11-01,9,1,2,5,-33.3333333333333,"&#x2798;",22989,4.34990647701074,8.69981295402149,21.7495323850537
"Maassluis","GM0556",2020-12-20,45,44,44,44,44,32,2020-11-01,13,1,1,1,100,"&#x279A;",33539,2.98160350636572,2.98160350636572,2.98160350636572
"Nieuwkoop","GM0569",2020-12-20,22,22,21,19,17,14,2020-11-01,8,0,1,5,-75,"&#x2798;",29119,0,3.4341838662042,17.170919331021
"Noordwijk","GM0575",2020-12-20,43,42,42,42,41,32,2020-11-01,11,1,1,2,0,"-",43982,2.27365740530217,2.27365740530217,4.54731481060434
"Oegstgeest","GM0579",2020-12-20,17,17,17,17,17,11,2020-11-01,6,0,0,0,0,"-",25067,0,0,0
"Oudewater","GM0589",2020-12-20,32,32,32,32,32,30,2020-11-01,2,0,0,0,0,"-",10154,0,0,0
"Papendrecht","GM0590",2020-12-20,11,11,11,11,11,9,2020-11-01,2,0,0,0,0,"-",32119,0,0,0
"Ridderkerk","GM0597",2020-12-20,61,61,57,56,55,47,2020-11-01,14,0,4,6,100,"&#x279A;",46646,0,8.57522617159028,12.8628392573854
"Rotterdam","GM0599",2020-12-20,1195,1193,1164,1160,1132,850,2020-11-01,345,2,31,63,-3.125,"-",652497,0.306514819225223,4.75097969799095,9.65521680559451
"Rijswijk","GM0603",2020-12-20,82,82,80,80,79,62,2020-11-01,20,0,2,3,100,"&#x279A;",55211,0,3.62246653746536,5.43369980619804
"Schiedam","GM0606",2020-12-20,145,145,142,142,133,79,2020-11-01,66,0,3,12,-66.6666666666667,"&#x2798;",79284,0,3.78386559709399,15.135462388376
"Sliedrecht","GM0610",2020-12-20,12,12,12,12,12,10,2020-11-01,2,0,0,0,0,"-",25509,0,0,0
"Albrandswaard","GM0613",2020-12-20,32,32,32,32,31,18,2020-11-01,14,0,0,1,-100,"&#x2798;",25857,0,0,3.86742468190432
"Westvoorne","GM0614",2020-12-20,10,10,9,9,9,6,2020-11-01,4,0,1,1,100,"&#x279A;",14896,0,6.71321160042964,6.71321160042964
"Vlaardingen","GM0622",2020-12-20,103,102,97,96,90,62,2020-11-01,41,1,6,13,-14.2857142857143,"&#x2798;",73863,1.35385781785197,8.12314690711182,17.6001516320756
"Voorschoten","GM0626",2020-12-20,13,13,13,13,12,11,2020-11-01,2,0,0,1,-100,"&#x2798;",25613,0,0,3.9042673642291
"Waddinxveen","GM0627",2020-12-20,45,44,44,42,41,27,2020-11-01,18,1,1,4,-66.6666666666667,"&#x2798;",30123,3.31972247120141,3.31972247120141,13.2788898848056
"Wassenaar","GM0629",2020-12-20,21,21,20,19,19,11,2020-11-01,10,0,1,2,0,"-",26782,0,3.73385109401837,7.46770218803674
"Woerden","GM0632",2020-12-20,79,78,76,76,74,64,2020-11-01,15,1,3,5,50,"&#x279A;",52659,1.89901061546934,5.69703184640802,9.4950530773467
"Zoetermeer","GM0637",2020-12-20,92,90,86,86,85,70,2020-11-01,22,2,6,7,500,"&#x279A;",125297,1.59620741119101,4.78862223357303,5.58672593916854
"Zoeterwoude","GM0638",2020-12-20,5,4,4,4,4,4,2020-11-01,1,1,1,1,100,"&#x279A;",8794,11.3713895838071,11.3713895838071,11.3713895838071
"Zwijndrecht","GM0642",2020-12-20,36,35,35,34,32,30,2020-11-01,6,1,1,4,-66.6666666666667,"&#x2798;",44778,2.23323953727277,2.23323953727277,8.93295814909107
"Borsele","GM0654",2020-12-20,7,7,7,7,7,5,2020-11-01,2,0,0,0,0,"-",22758,0,0,0
"Goes","GM0664",2020-12-20,31,31,26,26,24,15,2020-11-01,16,0,5,7,150,"&#x279A;",38556,0,12.9681502230522,18.1554103122731
"West Maas en Waal","GM0668",2020-12-20,24,24,24,24,24,24,2020-11-01,0,0,0,0,0,"-",19537,0,0,0
"Hulst","GM0677",2020-12-20,22,21,21,21,21,13,2020-11-01,9,1,1,1,100,"&#x279A;",27593,3.62410756351249,3.62410756351249,3.62410756351249
"Kapelle","GM0678",2020-12-20,5,5,4,4,4,3,2020-11-01,2,0,1,1,100,"&#x279A;",12874,0,7.76759359950287,7.76759359950287
"Middelburg","GM0687",2020-12-20,29,29,29,29,28,21,2020-11-01,8,0,0,1,-100,"&#x2798;",49009,0,0,2.04044155155176
"Reimerswaal","GM0703",2020-12-20,10,10,9,9,9,6,2020-11-01,4,0,1,1,100,"&#x279A;",22916,0,4.36376330947809,4.36376330947809
"Terneuzen","GM0715",2020-12-20,41,41,40,40,39,25,2020-11-01,16,0,1,2,0,"-",54435,0,1.83705336640029,3.67410673280059
"Tholen","GM0716",2020-12-20,51,51,51,50,50,45,2020-11-01,6,0,0,1,-100,"&#x2798;",25993,0,0,3.84718962797676
"Veere","GM0717",2020-12-20,10,10,10,10,10,8,2020-11-01,2,0,0,0,0,"-",21994,0,0,0
"Vlissingen","GM0718",2020-12-20,21,21,20,20,17,12,2020-11-01,9,0,1,4,-66.6666666666667,"&#x2798;",44296,0,2.25754018421528,9.03016073686112
"De Ronde Venen","GM0736",2020-12-20,74,74,71,70,70,53,2020-11-01,21,0,3,4,200,"&#x279A;",44642,0,6.72012902647731,8.96017203530308
"Tytsjerksteradiel","GM0737",2020-12-20,9,9,9,9,9,7,2020-11-01,2,0,0,0,0,"-",32049,0,0,0
"Asten","GM0743",2020-12-20,22,22,22,22,21,18,2020-11-01,4,0,0,1,-100,"&#x2798;",16768,0,0,5.96374045801527
"Baarle-Nassau","GM0744",2020-12-20,12,12,12,12,12,9,2020-11-01,3,0,0,0,0,"-",6917,0,0,0
"Bergen op Zoom","GM0748",2020-12-20,67,67,66,66,63,47,2020-11-01,20,0,1,4,-66.6666666666667,"&#x2798;",67609,0,1.47909302016004,5.91637208064015
"Best","GM0753",2020-12-20,40,40,39,39,39,35,2020-11-01,5,0,1,1,100,"&#x279A;",30162,0,3.31543001127246,3.31543001127246
"Boekel","GM0755",2020-12-20,37,37,36,36,36,36,2020-11-01,1,0,1,1,100,"&#x279A;",10906,0,9.16926462497708,9.16926462497708
"Boxmeer","GM0756",2020-12-20,28,27,25,25,25,23,2020-11-01,5,1,3,3,300,"&#x279A;",29580,3.38066260987153,10.1419878296146,10.1419878296146
"Boxtel","GM0757",2020-12-20,34,34,34,34,32,24,2020-11-01,10,0,0,2,-100,"&#x2798;",30888,0,0,6.47500647500648
"Breda","GM0758",2020-12-20,212,211,207,206,202,184,2020-11-01,28,1,5,10,0,"-",184190,0.542917639394104,2.71458819697052,5.42917639394104
"Deurne","GM0762",2020-12-20,65,65,64,64,64,58,2020-11-01,7,0,1,1,100,"&#x279A;",32455,0,3.08118933908489,3.08118933908489
"Pekela","GM0765",2020-12-20,10,10,8,8,7,6,2020-11-01,4,0,2,3,100,"&#x279A;",12173,0,16.4298036638462,24.6447054957693
"Dongen","GM0766",2020-12-20,39,39,38,38,38,30,2020-11-01,9,0,1,1,100,"&#x279A;",26351,0,3.79492239383705,3.79492239383705
"Eersel","GM0770",2020-12-20,38,38,38,38,36,32,2020-11-01,6,0,0,2,-100,"&#x2798;",19491,0,0,10.2611461700272
"Eindhoven","GM0772",2020-12-20,277,273,262,258,247,210,2020-11-01,67,4,15,30,0,"-",235514,1.69841283320737,6.36904812452763,12.7380962490553
"Etten-Leur","GM0777",2020-12-20,60,60,59,59,58,51,2020-11-01,9,0,1,2,0,"-",43928,0,2.27645237661628,4.55290475323256
"Geertruidenberg","GM0779",2020-12-20,21,21,20,20,19,17,2020-11-01,4,0,1,2,0,"-",21768,0,4.59389930172731,9.18779860345461
"Gilze en Rijen","GM0784",2020-12-20,30,30,29,29,29,24,2020-11-01,6,0,1,1,100,"&#x279A;",26761,0,3.73678113672882,3.73678113672882
"Goirle","GM0785",2020-12-20,36,36,36,36,36,35,2020-11-01,1,0,0,0,0,"-",23915,0,0,0
"Grave","GM0786",2020-12-20,28,28,28,28,28,24,2020-11-01,4,0,0,0,0,"-",12433,0,0,0
"Haaren","GM0788",2020-12-20,25,25,23,23,22,20,2020-11-01,5,0,2,3,100,"&#x279A;",14351,0,13.9363110584628,20.9044665876942
"Helmond","GM0794",2020-12-20,150,148,145,144,139,124,2020-11-01,26,2,5,11,-16.6666666666667,"&#x2798;",92574,2.16043381511007,5.40108453777519,11.8823859831054
"'s-Hertogenbosch","GM0796",2020-12-20,181,181,176,176,170,153,2020-11-01,28,0,5,11,-16.6666666666667,"&#x2798;",155541,0,3.21458650773751,7.07209031702252
"Heusden","GM0797",2020-12-20,68,66,64,64,61,50,2020-11-01,18,2,4,7,33.3333333333333,"&#x279A;",44977,4.44671721101897,8.89343442203793,15.5635102385664
"Hilvarenbeek","GM0798",2020-12-20,18,18,17,17,17,15,2020-11-01,3,0,1,1,100,"&#x279A;",15661,0,6.38528829576655,6.38528829576655
"Loon op Zand","GM0809",2020-12-20,38,38,38,38,36,30,2020-11-01,8,0,0,2,-100,"&#x2798;",23467,0,0,8.52260621297993
"Mill en Sint Hubert","GM0815",2020-12-20,14,14,14,14,14,9,2020-11-01,5,0,0,0,0,"-",11003,0,0,0
"Nuenen, Gerwen en Nederwetten","GM0820",2020-12-20,22,22,22,22,22,20,2020-11-01,2,0,0,0,0,"-",23640,0,0,0
"Oirschot","GM0823",2020-12-20,21,21,21,21,20,17,2020-11-01,4,0,0,1,-100,"&#x2798;",18826,0,0,5.3118028258791
"Oisterwijk","GM0824",2020-12-20,32,32,32,32,30,27,2020-11-01,5,0,0,2,-100,"&#x2798;",26436,0,0,7.5654410652141
"Oosterhout","GM0826",2020-12-20,62,62,59,59,58,52,2020-11-01,10,0,3,4,200,"&#x279A;",56225,0,5.33570475767008,7.11427301022677
"Oss","GM0828",2020-12-20,200,199,197,196,193,177,2020-11-01,23,1,3,7,-25,"&#x2798;",92390,1.08236822166901,3.24710466500704,7.57657755168308
"Rucphen","GM0840",2020-12-20,25,25,24,24,23,16,2020-11-01,9,0,1,2,0,"-",23077,0,4.33331888893704,8.66663777787407
"Sint-Michielsgestel","GM0845",2020-12-20,41,41,39,39,39,37,2020-11-01,4,0,2,2,200,"&#x279A;",29476,0,6.78518116433709,6.78518116433709
"Someren","GM0847",2020-12-20,37,37,36,36,36,34,2020-11-01,3,0,1,1,100,"&#x279A;",19364,0,5.16422226812642,5.16422226812642
"Son en Breugel","GM0848",2020-12-20,35,34,33,33,32,31,2020-11-01,4,1,2,3,100,"&#x279A;",17539,5.70157933747648,11.403158674953,17.1047380124294
"Steenbergen","GM0851",2020-12-20,20,20,20,20,20,18,2020-11-01,2,0,0,0,0,"-",24326,0,0,0
"Waterland","GM0852",2020-12-20,25,25,25,25,24,21,2020-11-01,4,0,0,1,-100,"&#x2798;",17324,0,0,5.77233895174325
"Tilburg","GM0855",2020-12-20,330,329,322,320,315,278,2020-11-01,52,1,8,15,14.2857142857143,"&#x279A;",220536,0.45344070809301,3.62752566474408,6.80161062139515
"Uden","GM0856",2020-12-20,120,120,120,120,120,116,2020-11-01,4,0,0,0,0,"-",42207,0,0,0
"Valkenswaard","GM0858",2020-12-20,28,27,27,27,25,23,2020-11-01,5,1,1,3,-50,"&#x2798;",31241,3.20092186549726,3.20092186549726,9.60276559649179
"Veldhoven","GM0861",2020-12-20,48,46,43,43,43,38,2020-11-01,10,2,5,5,500,"&#x279A;",45636,4.3825050398808,10.956262599702,10.956262599702
"Vught","GM0865",2020-12-20,50,50,49,48,46,43,2020-11-01,7,0,1,4,-66.6666666666667,"&#x2798;",26772,0,3.73524577917227,14.9409831166891
"Waalre","GM0866",2020-12-20,9,9,9,9,9,8,2020-11-01,1,0,0,0,0,"-",17528,0,0,0
"Waalwijk","GM0867",2020-12-20,59,58,57,57,57,45,2020-11-01,14,1,2,2,200,"&#x279A;",48886,2.04557542036575,4.0911508407315,4.0911508407315
"Woensdrecht","GM0873",2020-12-20,12,12,11,11,11,10,2020-11-01,2,0,1,1,100,"&#x279A;",21970,0,4.55166135639508,4.55166135639508
"Zundert","GM0879",2020-12-20,30,30,30,30,30,27,2020-11-01,3,0,0,0,0,"-",22026,0,0,0
"Wormerland","GM0880",2020-12-20,25,25,25,25,25,21,2020-11-01,4,0,0,0,0,"-",16256,0,0,0
"Landgraaf","GM0882",2020-12-20,57,57,56,56,56,55,2020-11-01,2,0,1,1,100,"&#x279A;",37302,0,2.68082140367809,2.68082140367809
"Beek","GM0888",2020-12-20,18,18,18,18,18,18,2020-11-01,0,0,0,0,0,"-",15897,0,0,0
"Beesel","GM0889",2020-12-20,24,24,24,24,23,20,2020-11-01,4,0,0,1,-100,"&#x2798;",13452,0,0,7.43383883437407
"Bergen (L.)","GM0893",2020-12-20,12,12,12,12,12,10,2020-11-01,2,0,0,0,0,"-",13117,0,0,0
"Brunssum","GM0899",2020-12-20,58,58,58,56,54,50,2020-11-01,8,0,0,4,-100,"&#x2798;",27661,0,0,14.4607931745056
"Gennep","GM0907",2020-12-20,21,21,19,19,18,17,2020-11-01,4,0,2,3,100,"&#x279A;",17002,0,11.7633219621221,17.6449829431832
"Heerlen","GM0917",2020-12-20,145,145,143,142,137,131,2020-11-01,14,0,2,8,-66.6666666666667,"&#x2798;",86805,0,2.30401474569437,9.21605898277749
"Kerkrade","GM0928",2020-12-20,84,82,80,80,78,70,2020-11-01,14,2,4,6,100,"&#x279A;",45517,4.39396269525672,8.78792539051343,13.1818880857702
"Maastricht","GM0935",2020-12-20,222,222,215,213,213,200,2020-11-01,22,0,7,9,250,"&#x279A;",120484,0,5.8099000697188,7.46987151820989
"Meerssen","GM0938",2020-12-20,26,26,26,26,25,23,2020-11-01,3,0,0,1,-100,"&#x2798;",18707,0,0,5.34559255893516
"Mook en Middelaar","GM0944",2020-12-20,10,10,9,9,9,8,2020-11-01,2,0,1,1,100,"&#x279A;",7897,0,12.6630365961758,12.6630365961758
"Nederweert","GM0946",2020-12-20,37,37,37,37,37,34,2020-11-01,3,0,0,0,0,"-",17161,0,0,0
"Roermond","GM0957",2020-12-20,68,68,68,67,66,65,2020-11-01,3,0,0,2,-100,"&#x2798;",58769,0,0,3.40315472442955
"Simpelveld","GM0965",2020-12-20,22,22,22,22,21,19,2020-11-01,3,0,0,1,-100,"&#x2798;",10508,0,0,9.51655881233346
"Stein","GM0971",2020-12-20,55,55,54,54,51,49,2020-11-01,6,0,1,4,-66.6666666666667,"&#x2798;",24872,0,4.02058539723384,16.0823415889353
"Vaals","GM0981",2020-12-20,12,12,11,11,11,10,2020-11-01,2,0,1,1,100,"&#x279A;",10084,0,9.91669972233241,9.91669972233241
"Venlo","GM0983",2020-12-20,162,160,156,156,153,144,2020-11-01,18,2,6,9,100,"&#x279A;",101934,1.96205387799949,5.88616163399847,8.8292424509977
"Venray","GM0984",2020-12-20,47,47,47,47,46,42,2020-11-01,5,0,0,1,-100,"&#x2798;",43676,0,0,2.28958695851268
"Voerendaal","GM0986",2020-12-20,18,18,18,18,18,17,2020-11-01,1,0,0,0,0,"-",12483,0,0,0
"Weert","GM0988",2020-12-20,87,87,86,86,84,72,2020-11-01,15,0,1,3,-50,"&#x2798;",50044,0,1.99824154743825,5.99472464231476
"Valkenburg aan de Geul","GM0994",2020-12-20,26,26,25,25,23,20,2020-11-01,6,0,1,3,-50,"&#x2798;",16405,0,6.09570252971655,18.2871075891496
"Lelystad","GM0995",2020-12-20,100,100,97,97,95,85,2020-11-01,15,0,3,5,50,"&#x279A;",79759,0,3.76133100966662,6.26888501611103
"Horst aan de Maas","GM1507",2020-12-20,51,51,50,50,49,44,2020-11-01,7,0,1,2,0,"-",42484,0,2.35382732322757,4.70765464645514
"Oude IJsselstreek","GM1509",2020-12-20,28,28,28,27,27,25,2020-11-01,3,0,0,1,-100,"&#x2798;",39333,0,0,2.54239442707142
"Teylingen","GM1525",2020-12-20,27,26,25,25,25,19,2020-11-01,8,1,2,2,200,"&#x279A;",37737,2.64991917746509,5.29983835493017,5.29983835493017
"Utrechtse Heuvelrug","GM1581",2020-12-20,46,45,43,43,39,33,2020-11-01,13,1,3,7,-25,"&#x2798;",49965,2.00140098068648,6.00420294205944,14.0098068648054
"Oost Gelre","GM1586",2020-12-20,24,24,23,23,23,21,2020-11-01,3,0,1,1,100,"&#x279A;",29617,0,3.37643920721207,3.37643920721207
"Koggenland","GM1598",2020-12-20,13,13,13,13,12,9,2020-11-01,4,0,0,1,-100,"&#x2798;",22954,0,0,4.3565391652871
"Lansingerland","GM1621",2020-12-20,63,62,61,61,59,51,2020-11-01,12,1,2,4,0,"-",63267,1.58060284192391,3.16120568384782,6.32241136769564
"Leudal","GM1640",2020-12-20,58,58,58,58,58,54,2020-11-01,4,0,0,0,0,"-",36010,0,0,0
"Maasgouw","GM1641",2020-12-20,29,29,29,29,28,28,2020-11-01,1,0,0,1,-100,"&#x2798;",23955,0,0,4.17449384262158
"Gemert-Bakel","GM1652",2020-12-20,82,82,82,82,80,79,2020-11-01,3,0,0,2,-100,"&#x2798;",30751,0,0,6.50385353321843
"Halderberge","GM1655",2020-12-20,36,35,34,34,33,26,2020-11-01,10,1,2,3,100,"&#x279A;",30428,3.28644669383463,6.57289338766925,9.85934008150388
"Heeze-Leende","GM1658",2020-12-20,20,20,20,20,19,18,2020-11-01,2,0,0,1,-100,"&#x2798;",16207,0,0,6.17017338187203
"Laarbeek","GM1659",2020-12-20,43,42,42,42,42,42,2020-11-01,1,1,1,1,100,"&#x279A;",22741,4.39734400422145,4.39734400422145,4.39734400422145
"Reusel-De Mierden","GM1667",2020-12-20,19,18,18,18,18,15,2020-11-01,4,1,1,1,100,"&#x279A;",13138,7.61150860100472,7.61150860100472,7.61150860100472
"Roerdalen","GM1669",2020-12-20,29,29,29,29,28,27,2020-11-01,2,0,0,1,-100,"&#x2798;",20572,0,0,4.86097608399767
"Roosendaal","GM1674",2020-12-20,64,64,63,63,63,46,2020-11-01,18,0,1,1,100,"&#x279A;",77268,0,1.29419682145261,1.29419682145261
"Schouwen-Duiveland","GM1676",2020-12-20,18,18,16,16,16,13,2020-11-01,5,0,2,2,200,"&#x279A;",33960,0,5.88928150765607,5.88928150765607
"Aa en Hunze","GM1680",2020-12-20,2,2,2,2,1,1,2020-11-01,1,0,0,1,-100,"&#x2798;",25394,0,0,3.93793809561314
"Borger-Odoorn","GM1681",2020-12-20,11,11,10,10,9,8,2020-11-01,3,0,1,2,0,"-",25584,0,3.90869293308318,7.81738586616635
"Cuijk","GM1684",2020-12-20,22,22,20,20,20,18,2020-11-01,4,0,2,2,200,"&#x279A;",25368,0,7.88394828129927,7.88394828129927
"Landerd","GM1685",2020-12-20,44,44,44,44,44,42,2020-11-01,2,0,0,0,0,"-",15831,0,0,0
"De Wolden","GM1690",2020-12-20,18,18,17,17,16,16,2020-11-01,2,0,1,2,0,"-",24374,0,4.10273241979158,8.20546483958316
"Noord-Beveland","GM1695",2020-12-20,3,3,3,3,3,1,2020-11-01,2,0,0,0,0,"-",7571,0,0,0
"Wijdemeren","GM1696",2020-12-20,17,17,16,16,14,11,2020-11-01,6,0,1,3,-50,"&#x2798;",24426,0,4.09399819864079,12.2819945959224
"Noordenveld","GM1699",2020-12-20,10,10,9,9,7,6,2020-11-01,4,0,1,3,-50,"&#x2798;",31211,0,3.20399859024062,9.61199577072186
"Twenterand","GM1700",2020-12-20,21,21,18,18,16,12,2020-11-01,9,0,3,5,50,"&#x279A;",33711,0,8.89917237696894,14.8319539616149
"Westerveld","GM1701",2020-12-20,10,10,10,10,10,9,2020-11-01,1,0,0,0,0,"-",19620,0,0,0
"Sint Anthonis","GM1702",2020-12-20,21,21,21,21,21,21,2020-11-01,0,0,0,0,0,"-",11682,0,0,0
"Lingewaard","GM1705",2020-12-20,47,47,47,47,46,38,2020-11-01,9,0,0,1,-100,"&#x2798;",46760,0,0,2.13857998289136
"Cranendonck","GM1706",2020-12-20,67,67,66,65,65,63,2020-11-01,4,0,1,2,0,"-",20971,0,4.76848981927424,9.53697963854847
"Steenwijkerland","GM1708",2020-12-20,19,19,18,18,18,15,2020-11-01,4,0,1,1,100,"&#x279A;",44323,0,2.25616497078266,2.25616497078266
"Moerdijk","GM1709",2020-12-20,28,28,27,26,26,20,2020-11-01,8,0,1,2,0,"-",37188,0,2.68903947509949,5.37807895019899
"Echt-Susteren","GM1711",2020-12-20,44,44,44,44,44,43,2020-11-01,1,0,0,0,0,"-",31774,0,0,0
"Sluis","GM1714",2020-12-20,19,19,18,18,18,10,2020-11-01,9,0,1,1,100,"&#x279A;",23176,0,4.31480842250604,4.31480842250604
"Drimmelen","GM1719",2020-12-20,32,32,31,31,30,21,2020-11-01,11,0,1,2,0,"-",27332,0,3.65871505927118,7.31743011854237
"Bernheze","GM1721",2020-12-20,102,102,102,102,101,98,2020-11-01,4,0,0,1,-100,"&#x2798;",31412,0,0,3.18349675283331
"Alphen-Chaam","GM1723",2020-12-20,21,21,20,20,20,18,2020-11-01,3,0,1,1,100,"&#x279A;",10355,0,9.65717044905842,9.65717044905842
"Bergeijk","GM1724",2020-12-20,22,22,22,22,22,20,2020-11-01,2,0,0,0,0,"-",18728,0,0,0
"Bladel","GM1728",2020-12-20,26,26,25,25,25,23,2020-11-01,3,0,1,1,100,"&#x279A;",20536,0,4.86949746786132,4.86949746786132
"Gulpen-Wittem","GM1729",2020-12-20,27,27,27,27,27,24,2020-11-01,3,0,0,0,0,"-",14195,0,0,0
"Tynaarlo","GM1730",2020-12-20,13,13,13,13,13,11,2020-11-01,2,0,0,0,0,"-",33914,0,0,0
"Midden-Drenthe","GM1731",2020-12-20,12,12,12,12,9,6,2020-11-01,6,0,0,3,-100,"&#x2798;",33362,0,0,8.99226665068042
"Overbetuwe","GM1734",2020-12-20,63,63,63,63,63,62,2020-11-01,1,0,0,0,0,"-",48125,0,0,0
"Hof van Twente","GM1735",2020-12-20,26,25,25,25,24,20,2020-11-01,6,1,1,2,0,"-",35053,2.85282286822811,2.85282286822811,5.70564573645622
"Neder-Betuwe","GM1740",2020-12-20,51,50,47,47,47,44,2020-11-01,7,1,4,4,400,"&#x279A;",24591,4.06652840470091,16.2661136188036,16.2661136188036
"Rijssen-Holten","GM1742",2020-12-20,34,34,34,34,32,30,2020-11-01,4,0,0,2,-100,"&#x2798;",38205,0,0,5.23491689569428
"Geldrop-Mierlo","GM1771",2020-12-20,50,49,47,46,44,37,2020-11-01,13,1,3,6,0,"-",40073,2.49544581139421,7.48633743418262,14.9726748683652
"Olst-Wijhe","GM1773",2020-12-20,12,12,12,12,12,12,2020-11-01,0,0,0,0,0,"-",18353,0,0,0
"Dinkelland","GM1774",2020-12-20,24,24,24,24,24,21,2020-11-01,3,0,0,0,0,"-",26588,0,0,0
"Westland","GM1783",2020-12-20,111,111,108,108,104,75,2020-11-01,36,0,3,7,-25,"&#x2798;",111356,0,2.69406228672007,6.28614533568016
"Midden-Delfland","GM1842",2020-12-20,13,13,13,13,13,8,2020-11-01,5,0,0,0,0,"-",19374,0,0,0
"Berkelland","GM1859",2020-12-20,30,30,29,28,27,19,2020-11-01,11,0,1,3,-50,"&#x2798;",43831,0,2.281490269444,6.844470808332
"Bronckhorst","GM1876",2020-12-20,22,22,21,21,20,18,2020-11-01,4,0,1,2,0,"-",36111,0,2.76923928996705,5.53847857993409
"Sittard-Geleen","GM1883",2020-12-20,145,145,141,141,138,128,2020-11-01,17,0,4,7,33.3333333333333,"&#x279A;",91822,0,4.35625449238745,7.62344536167803
"Kaag en Braassem","GM1884",2020-12-20,15,15,15,14,13,9,2020-11-01,6,0,0,2,-100,"&#x2798;",27557,0,0,7.2576840730123
"Dantumadiel","GM1891",2020-12-20,3,3,2,2,2,2,2020-11-01,1,0,1,1,100,"&#x279A;",18942,0,5.2792735719565,5.2792735719565
"Zuidplas","GM1892",2020-12-20,50,50,49,48,47,32,2020-11-01,18,0,1,3,-50,"&#x2798;",45014,0,2.2215310792198,6.6645932376594
"Peel en Maas","GM1894",2020-12-20,149,149,148,148,148,146,2020-11-01,3,0,1,1,100,"&#x279A;",43630,0,2.29200091680037,2.29200091680037
"Oldambt","GM1895",2020-12-20,11,11,11,11,11,10,2020-11-01,1,0,0,0,0,"-",38288,0,0,0
"Zwartewaterland","GM1896",2020-12-20,39,39,38,38,38,35,2020-11-01,4,0,1,1,100,"&#x279A;",22794,0,4.38711941739054,4.38711941739054
"Súdwest-Fryslân","GM1900",2020-12-20,29,29,27,27,26,22,2020-11-01,7,0,2,3,100,"&#x279A;",89958,0,2.22325974343583,3.33488961515374
"Bodegraven-Reeuwijk","GM1901",2020-12-20,31,30,29,29,28,15,2020-11-01,16,1,2,3,100,"&#x279A;",35260,2.83607487237663,5.67214974475326,8.50822461712989
"Eijsden-Margraten","GM1903",2020-12-20,62,62,62,62,62,59,2020-11-01,3,0,0,0,0,"-",25888,0,0,0
"Stichtse Vecht","GM1904",2020-12-20,72,72,69,69,67,51,2020-11-02,21,0,3,5,50,"&#x279A;",65167,0,4.60355701505363,7.67259502508939
"Hollands Kroon","GM1911",2020-12-20,34,34,33,33,32,26,2020-11-01,8,0,1,2,0,"-",48618,0,2.05685137191987,4.11370274383973
"Leidschendam-Voorburg","GM1916",2020-12-20,76,77,73,73,67,41,2020-11-01,35,-1,3,9,-50,"&#x2798;",76431,-1.30836964059086,3.92510892177258,11.7753267653177
"Goeree-Overflakkee","GM1924",2020-12-20,78,78,77,76,74,61,2020-11-01,17,0,1,4,-66.6666666666667,"&#x2798;",50488,0,1.98066867374426,7.92267469497702
"Pijnacker-Nootdorp","GM1926",2020-12-20,41,41,40,40,40,32,2020-11-01,9,0,1,1,100,"&#x279A;",55552,0,1.80011520737327,1.80011520737327
"Nissewaard","GM1930",2020-12-20,103,102,98,97,90,74,2020-11-01,29,1,5,13,-37.5,"&#x2798;",85300,1.17233294255569,5.86166471277843,15.2403282532239
"Krimpenerwaard","GM1931",2020-12-20,79,76,73,72,70,58,2020-11-01,21,3,6,9,100,"&#x279A;",56491,5.3105804464428,10.6211608928856,15.9317413393284
"De Fryske Marren","GM1940",2020-12-20,30,30,27,27,26,24,2020-11-01,6,0,3,4,200,"&#x279A;",51651,0,5.80821281291747,7.74428375055662
"Gooise Meren","GM1942",2020-12-20,37,37,37,37,36,29,2020-11-01,8,0,0,1,-100,"&#x2798;",58439,0,0,1.71118602303256
"Berg en Dal","GM1945",2020-12-20,45,45,44,44,43,41,2020-11-01,4,0,1,2,0,"-",35017,0,2.85575577576606,5.71151155153211
"Meierijstad","GM1948",2020-12-20,227,226,225,225,224,217,2020-11-01,10,1,2,3,100,"&#x279A;",81607,1.22538507726053,2.45077015452106,3.67615523178159
"Waadhoeke","GM1949",2020-12-20,19,18,18,18,18,15,2020-11-01,4,1,1,1,100,"&#x279A;",46085,2.16990343929695,2.16990343929695,2.16990343929695
"Westerwolde","GM1950",2020-12-20,14,14,14,14,14,12,2020-11-01,2,0,0,0,0,"-",25976,0,0,0
"Midden-Groningen","GM1952",2020-12-20,19,19,18,17,17,10,2020-11-01,9,0,1,2,0,"-",60761,0,1.64579253139349,3.29158506278698
"Beekdaelen","GM1954",2020-12-20,58,58,56,55,55,52,2020-11-01,6,0,2,3,100,"&#x279A;",36073,0,5.54431292102126,8.31646938153189
"Montferland","GM1955",2020-12-20,30,30,28,28,28,25,2020-11-01,5,0,2,2,200,"&#x279A;",36068,0,5.54508151269824,5.54508151269824
"Altena","GM1959",2020-12-20,56,56,53,53,50,40,2020-11-01,16,0,3,6,0,"-",56333,0,5.32547529867041,10.6509505973408
"West Betuwe","GM1960",2020-12-20,72,71,69,69,67,54,2020-11-01,18,1,3,5,50,"&#x279A;",51405,1.94533605680381,5.83600817041144,9.72668028401906
"Vijfheerenlanden","GM1961",2020-12-20,62,62,60,60,59,48,2020-11-01,14,0,2,3,100,"&#x279A;",57751,0,3.46314349535073,5.19471524302609
"Hoeksche Waard","GM1963",2020-12-20,90,89,88,88,88,84,2020-11-15,6,1,2,2,200,"&#x279A;",87822,1.13866684885336,2.27733369770672,2.27733369770672
"Het Hogeland","GM1966",2020-12-20,13,13,13,13,11,7,2020-11-01,6,0,0,2,-100,"&#x2798;",47888,0,0,4.17641162712997
"Westerkwartier","GM1969",2020-12-20,21,21,21,21,21,19,2020-11-01,2,0,0,0,0,"-",63568,0,0,0
"Noardeast-Fryslân","GM1970",2020-12-20,16,16,14,14,13,7,2020-11-01,9,0,2,3,100,"&#x279A;",45445,0,4.40092419408076,6.60138629112113
"Molenlanden","GM1978",2020-12-20,22,22,21,21,21,19,2020-11-23,3,0,1,1,100,"&#x279A;",44072,0,2.26901434017063,2.26901434017063
