"municipality","Municipality_code","date","d0","d1","d7","d8","d14","dec1","lowest_since_dec1","lowest_since_dec1_date","current","increase_1d","increase_7d","increase_14d","increase_growth","growth","population","rel_increase_1d","rel_increase_7d","rel_increase_14d"
"Netherlands","",2021-01-22,39699,39480,38547,38336,37070,27921,27921,2020-12-01,11778,219,1152,2629,-22.0040622884225,"&#x2798;",17443797,1.25546060871954,6.60406676367536,15.0712600014779
"Unknown","",2021-01-22,1126,1119,1100,1090,1060,813,813,2020-12-01,313,7,26,66,-35,"&#x2798;",NA,NA,NA,NA
"Groningen","GM0014",2021-01-22,141,141,138,136,131,76,76,2020-12-01,65,0,3,10,-57.1428571428571,"&#x2798;",233456,0,1.28503872250017,4.2834624083339
"Almere","GM0034",2021-01-22,148,148,147,146,139,86,86,2020-12-01,62,0,1,9,-87.5,"&#x2798;",214551,0,0.466089647682835,4.19480682914552
"Stadskanaal","GM0037",2021-01-22,43,42,39,39,39,22,22,2020-12-01,21,1,4,4,400,"&#x279A;",31702,3.15437511828907,12.6175004731563,12.6175004731563
"Veendam","GM0047",2021-01-22,30,30,28,28,26,13,13,2020-12-01,17,0,2,4,0,"-",27416,0,7.2950102130143,14.5900204260286
"Zeewolde","GM0050",2021-01-22,42,42,41,41,38,20,20,2020-12-01,22,0,1,4,-66.6666666666667,"&#x2798;",22836,0,4.37905062182519,17.5162024873008
"Achtkarspelen","GM0059",2021-01-22,30,28,22,21,18,10,10,2020-12-01,20,2,8,12,100,"&#x279A;",27881,7.17334385423765,28.6933754169506,43.0400631254259
"Ameland","GM0060",2021-01-22,3,3,3,3,3,0,0,2020-12-01,3,0,0,0,0,"-",3747,0,0,0
"Harlingen","GM0072",2021-01-22,10,10,10,10,10,7,7,2020-12-01,3,0,0,0,0,"-",15835,0,0,0
"Heerenveen","GM0074",2021-01-22,51,51,48,48,43,32,32,2020-12-01,19,0,3,8,-40,"&#x2798;",50626,0,5.92580887291115,15.8021569944297
"Leeuwarden","GM0080",2021-01-22,113,112,110,109,102,65,65,2020-12-01,48,1,3,11,-62.5,"&#x2798;",124517,0.803103190728977,2.40930957218693,8.83413509801874
"Ooststellingwerf","GM0085",2021-01-22,23,23,23,22,21,16,16,2020-12-01,7,0,0,2,-100,"&#x2798;",25437,0,0,7.86256240908912
"Opsterland","GM0086",2021-01-22,34,34,33,33,29,16,16,2020-12-01,18,0,1,5,-75,"&#x2798;",29812,0,3.35435395142895,16.7717697571448
"Schiermonnikoog","GM0088",2021-01-22,1,1,1,1,1,1,1,2020-12-01,0,0,0,0,0,"-",936,0,0,0
"Smallingerland","GM0090",2021-01-22,60,58,52,51,49,29,29,2020-12-01,31,2,8,11,166.666666666667,"&#x279A;",56060,3.56760613628255,14.2704245451302,19.621833749554
"Terschelling","GM0093",2021-01-22,2,2,2,2,1,1,1,2020-12-01,1,0,0,1,-100,"&#x2798;",4883,0,0,20.4792135981978
"Vlieland","GM0096",2021-01-22,0,0,0,0,0,0,0,2020-12-01,0,0,0,0,0,"-",1200,0,0,0
"Weststellingwerf","GM0098",2021-01-22,18,18,17,17,15,10,10,2020-12-01,8,0,1,3,-50,"&#x2798;",26112,0,3.8296568627451,11.4889705882353
"Assen","GM0106",2021-01-22,68,68,64,63,60,35,35,2020-12-01,33,0,4,8,0,"-",68812,0,5.81293960355752,11.625879207115
"Coevorden","GM0109",2021-01-22,71,70,66,64,57,28,28,2020-12-01,43,1,5,14,-44.4444444444444,"&#x2798;",35309,2.83213911467331,14.1606955733666,39.6499476054264
"Emmen","GM0114",2021-01-22,182,177,167,165,157,116,116,2020-12-01,66,5,15,25,50,"&#x279A;",106984,4.67359605174606,14.0207881552382,23.3679802587303
"Hoogeveen","GM0118",2021-01-22,103,103,102,101,94,56,56,2020-12-01,47,0,1,9,-87.5,"&#x2798;",55604,0,1.79843176749874,16.1858859074887
"Meppel","GM0119",2021-01-22,28,28,26,25,24,11,11,2020-12-01,17,0,2,4,0,"-",34324,0,5.82682671017364,11.6536534203473
"Almelo","GM0141",2021-01-22,246,244,243,240,231,166,166,2020-12-01,80,2,3,15,-75,"&#x2798;",73180,2.73298715496037,4.09948073244056,20.4974036622028
"Borne","GM0147",2021-01-22,58,58,55,55,55,38,38,2020-12-01,20,0,3,3,300,"&#x279A;",23637,0,12.6919659855312,12.6919659855312
"Dalfsen","GM0148",2021-01-22,28,28,28,28,28,13,13,2020-12-01,15,0,0,0,0,"-",28919,0,0,0
"Deventer","GM0150",2021-01-22,201,199,194,194,189,133,133,2020-12-01,68,2,7,12,40,"&#x279A;",101100,1.9782393669634,6.92383778437191,11.8694362017804
"Enschede","GM0153",2021-01-22,374,372,359,359,353,239,239,2020-12-01,135,2,15,21,150,"&#x279A;",159872,1.25100080064051,9.38250600480384,13.1355084067254
"Haaksbergen","GM0158",2021-01-22,75,75,70,68,63,47,47,2020-12-01,28,0,5,12,-28.5714285714286,"&#x2798;",24237,0,20.6296158765524,49.5110781037257
"Hardenberg","GM0160",2021-01-22,98,97,92,91,86,47,47,2020-12-01,51,1,6,12,0,"-",61327,1.63060316010892,9.78361896065355,19.5672379213071
"Hellendoorn","GM0163",2021-01-22,76,74,71,71,67,37,37,2020-12-01,39,2,5,9,25,"&#x279A;",35903,5.57056513383283,13.9264128345821,25.0675431022477
"Hengelo","GM0164",2021-01-22,190,186,180,180,172,127,127,2020-12-01,63,4,10,18,25,"&#x279A;",81099,4.93224330756236,12.3306082689059,22.1950948840306
"Kampen","GM0166",2021-01-22,51,51,50,49,49,40,40,2020-12-01,11,0,1,2,0,"-",54438,0,1.83695212902752,3.67390425805503
"Losser","GM0168",2021-01-22,76,76,73,72,70,41,41,2020-12-01,35,0,3,6,0,"-",22867,0,13.1193422836402,26.2386845672804
"Noordoostpolder","GM0171",2021-01-22,54,54,50,50,47,26,26,2020-12-01,28,0,4,7,33.3333333333333,"&#x279A;",47597,0,8.40389100153371,14.706809252684
"Oldenzaal","GM0173",2021-01-22,95,94,91,91,88,58,58,2020-12-01,37,1,4,7,33.3333333333333,"&#x279A;",31734,3.1511943026407,12.6047772105628,22.0583601184849
"Ommen","GM0175",2021-01-22,34,34,33,33,32,19,19,2020-12-01,15,0,1,2,0,"-",18272,0,5.47285464098074,10.9457092819615
"Raalte","GM0177",2021-01-22,62,59,53,53,51,36,36,2020-12-01,26,3,9,11,350,"&#x279A;",37920,7.91139240506329,23.7341772151899,29.0084388185654
"Staphorst","GM0180",2021-01-22,32,31,29,29,29,15,15,2020-12-01,17,1,3,3,300,"&#x279A;",17276,5.78837693910627,17.3651308173188,17.3651308173188
"Tubbergen","GM0183",2021-01-22,55,53,52,52,49,39,39,2020-12-01,16,2,3,6,0,"-",21322,9.37998311603039,14.0699746740456,28.1399493480912
"Urk","GM0184",2021-01-22,69,69,68,67,66,45,45,2020-12-01,24,0,1,3,-50,"&#x2798;",21208,0,4.7152018106375,14.1456054319125
"Wierden","GM0189",2021-01-22,64,64,63,63,63,38,38,2020-12-01,26,0,1,1,100,"&#x279A;",24532,0,4.0763084950269,4.0763084950269
"Zwolle","GM0193",2021-01-22,79,79,77,77,72,45,45,2020-12-01,34,0,2,7,-60,"&#x2798;",129697,0,1.54205571447296,5.39719500065537
"Aalten","GM0197",2021-01-22,42,42,41,41,39,24,24,2020-12-01,18,0,1,3,-50,"&#x2798;",27133,0,3.68554896251797,11.0566468875539
"Apeldoorn","GM0200",2021-01-22,331,328,319,317,309,224,224,2020-12-01,107,3,12,22,20,"&#x279A;",164717,1.82130563329832,7.28522253319329,13.3562413108544
"Arnhem","GM0202",2021-01-22,129,129,127,127,122,67,67,2020-12-01,62,0,2,7,-60,"&#x2798;",162353,0,1.23188361163637,4.3115926407273
"Barneveld","GM0203",2021-01-22,115,113,110,109,99,64,64,2020-12-01,51,2,5,16,-54.5454545454545,"&#x2798;",59938,3.33678134071874,8.34195335179686,26.6942507257499
"Beuningen","GM0209",2021-01-22,53,52,52,51,50,37,37,2020-12-01,16,1,1,3,-50,"&#x2798;",26159,3.82277610000382,3.82277610000382,11.4683283000115
"Brummen","GM0213",2021-01-22,42,42,41,40,36,21,21,2020-12-01,21,0,1,6,-80,"&#x2798;",20867,0,4.79225571476494,28.7535342885896
"Buren","GM0214",2021-01-22,81,80,75,75,72,47,47,2020-12-01,34,1,6,9,100,"&#x279A;",26997,3.70411527206727,22.2246916324036,33.3370374486054
"Culemborg","GM0216",2021-01-22,83,82,75,75,74,60,60,2020-12-01,23,1,8,9,700,"&#x279A;",29132,3.43265137992585,27.4612110394068,30.8938624193327
"Doesburg","GM0221",2021-01-22,19,19,19,19,17,10,10,2020-12-01,9,0,0,2,-100,"&#x2798;",11061,0,0,18.08154778049
"Doetinchem","GM0222",2021-01-22,95,94,94,94,90,66,66,2020-12-01,29,1,1,5,-75,"&#x2798;",58227,1.71741631888986,1.71741631888986,8.58708159444931
"Druten","GM0225",2021-01-22,67,66,65,65,63,47,47,2020-12-01,20,1,2,4,0,"-",18980,5.26870389884089,10.5374077976818,21.0748155953635
"Duiven","GM0226",2021-01-22,22,22,22,22,20,11,11,2020-12-01,11,0,0,2,-100,"&#x2798;",25072,0,0,7.97702616464582
"Ede","GM0228",2021-01-22,274,272,261,259,243,172,172,2020-12-01,102,2,13,31,-27.7777777777778,"&#x2798;",118538,1.68722266277481,10.9669473080362,26.1519512730095
"Elburg","GM0230",2021-01-22,45,45,43,43,39,25,25,2020-12-01,20,0,2,6,-50,"&#x2798;",23443,0,8.53133131425159,25.5939939427548
"Epe","GM0232",2021-01-22,76,76,74,74,73,50,50,2020-12-01,26,0,2,3,100,"&#x279A;",33198,0,6.0244593047774,9.03668895716609
"Ermelo","GM0233",2021-01-22,83,82,81,80,76,53,53,2020-12-01,30,1,2,7,-60,"&#x2798;",27044,3.69767785830498,7.39535571660997,25.8837450081349
"Harderwijk","GM0243",2021-01-22,145,143,136,133,130,80,80,2020-12-01,65,2,9,15,50,"&#x279A;",48657,4.11040549150174,18.4968247117578,30.828041186263
"Hattem","GM0244",2021-01-22,12,12,12,12,11,9,9,2020-12-01,3,0,0,1,-100,"&#x2798;",12235,0,0,8.1732733959951
"Heerde","GM0246",2021-01-22,25,24,23,23,23,18,18,2020-12-01,7,1,2,2,200,"&#x279A;",18744,5.33504054630815,10.6700810926163,10.6700810926163
"Heumen","GM0252",2021-01-22,45,45,43,43,42,33,33,2020-12-01,12,0,2,3,100,"&#x279A;",16579,0,12.0634537668134,18.0951806502202
"Lochem","GM0262",2021-01-22,55,55,52,52,50,34,34,2020-12-01,21,0,3,5,50,"&#x279A;",33907,0,8.8477305571121,14.7462175951868
"Maasdriel","GM0263",2021-01-22,55,55,54,54,51,42,42,2020-12-01,13,0,1,4,-66.6666666666667,"&#x2798;",25441,0,3.93066310286545,15.7226524114618
"Nijkerk","GM0267",2021-01-22,92,92,88,87,83,57,57,2020-12-01,35,0,4,9,-20,"&#x2798;",43577,0,9.17915414094591,20.6530968171283
"Nijmegen","GM0268",2021-01-22,410,408,397,394,381,308,308,2020-12-01,102,2,13,29,-18.75,"&#x2798;",177463,1.12699548638308,7.32547066149,16.3414345525546
"Oldebroek","GM0269",2021-01-22,34,34,33,33,32,14,14,2020-12-01,20,0,1,2,0,"-",23749,0,4.21070360857299,8.42140721714599
"Putten","GM0273",2021-01-22,45,44,43,43,43,30,30,2020-12-01,15,1,2,2,200,"&#x279A;",24384,4.1010498687664,8.20209973753281,8.20209973753281
"Renkum","GM0274",2021-01-22,37,37,36,36,35,22,22,2020-12-01,15,0,1,2,0,"-",31413,0,3.18339540954382,6.36679081908764
"Rheden","GM0275",2021-01-22,33,33,32,32,28,15,15,2020-12-01,18,0,1,5,-75,"&#x2798;",43565,0,2.29542063583152,11.4771031791576
"Rozendaal","GM0277",2021-01-22,1,1,1,1,1,0,0,2020-12-01,1,0,0,0,0,"-",1718,0,0,0
"Scherpenzeel","GM0279",2021-01-22,19,19,18,17,15,9,9,2020-12-01,10,0,1,4,-66.6666666666667,"&#x2798;",10110,0,9.89119683481701,39.5647873392681
"Tiel","GM0281",2021-01-22,141,140,139,138,134,109,109,2020-12-01,32,1,2,7,-60,"&#x2798;",41899,2.38669180648703,4.77338361297406,16.7068426454092
"Voorst","GM0285",2021-01-22,58,58,58,58,56,35,35,2020-12-01,23,0,0,2,-100,"&#x2798;",24762,0,0,8.0768920119538
"Wageningen","GM0289",2021-01-22,63,63,63,63,58,47,47,2020-12-01,16,0,0,5,-100,"&#x2798;",39719,0,0,12.5884337470732
"Westervoort","GM0293",2021-01-22,18,18,18,18,16,9,9,2020-12-01,9,0,0,2,-100,"&#x2798;",15017,0,0,13.3182393287607
"Winterswijk","GM0294",2021-01-22,40,40,39,39,36,33,33,2020-12-01,7,0,1,4,-66.6666666666667,"&#x2798;",29007,0,3.44744372048126,13.7897748819251
"Wijchen","GM0296",2021-01-22,126,126,125,125,123,94,94,2020-12-01,32,0,1,3,-50,"&#x2798;",41259,0,2.42371361399937,7.27114084199811
"Zaltbommel","GM0297",2021-01-22,72,72,68,67,62,40,40,2020-12-01,32,0,4,10,-33.3333333333333,"&#x2798;",29436,0,13.588802826471,33.9720070661775
"Zevenaar","GM0299",2021-01-22,43,43,42,42,42,31,31,2020-12-01,12,0,1,1,100,"&#x279A;",44085,0,2.26834524214585,2.26834524214585
"Zutphen","GM0301",2021-01-22,81,81,81,81,80,57,57,2020-12-01,24,0,0,1,-100,"&#x2798;",48105,0,0,2.07878598898243
"Nunspeet","GM0302",2021-01-22,114,112,110,109,108,91,91,2020-12-01,23,2,4,6,100,"&#x279A;",28017,7.13852303958311,14.2770460791662,21.4155691187493
"Dronten","GM0303",2021-01-22,87,86,85,84,82,52,52,2020-12-01,35,1,2,5,-33.3333333333333,"&#x2798;",41936,2.38458603586417,4.76917207172835,11.9229301793209
"Amersfoort","GM0307",2021-01-22,291,287,285,285,277,183,183,2020-12-01,108,4,6,14,-25,"&#x2798;",157547,2.53892489225438,3.80838733838156,8.88623712289031
"Baarn","GM0308",2021-01-22,29,29,28,28,28,21,21,2020-12-01,8,0,1,1,100,"&#x279A;",24844,0,4.02511672838512,4.02511672838512
"De Bilt","GM0310",2021-01-22,83,83,81,81,80,65,65,2020-12-01,18,0,2,3,100,"&#x279A;",43371,0,4.61137626524636,6.91706439786954
"Bunnik","GM0312",2021-01-22,28,27,27,27,27,20,20,2020-12-01,8,1,1,1,100,"&#x279A;",15345,6.5167807103291,6.5167807103291,6.5167807103291
"Bunschoten","GM0313",2021-01-22,87,87,87,87,82,54,54,2020-12-01,33,0,0,5,-100,"&#x2798;",22036,0,0,22.6901434017063
"Eemnes","GM0317",2021-01-22,10,10,8,7,6,1,1,2020-12-01,9,0,2,4,0,"-",9361,0,21.3652387565431,42.7304775130862
"Houten","GM0321",2021-01-22,75,75,75,75,74,56,56,2020-12-01,19,0,0,1,-100,"&#x2798;",50206,0,0,1.99179380950484
"Leusden","GM0327",2021-01-22,35,35,35,34,34,23,23,2020-12-01,12,0,0,1,-100,"&#x2798;",30522,0,0,3.27632527357316
"Lopik","GM0331",2021-01-22,33,33,33,33,33,30,30,2020-12-01,3,0,0,0,0,"-",14455,0,0,0
"Montfoort","GM0335",2021-01-22,30,30,30,30,30,24,24,2020-12-01,6,0,0,0,0,"-",13878,0,0,0
"Renswoude","GM0339",2021-01-22,7,7,7,7,7,4,4,2020-12-01,3,0,0,0,0,"-",5547,0,0,0
"Rhenen","GM0340",2021-01-22,45,44,43,42,42,28,28,2020-12-01,17,1,2,3,100,"&#x279A;",20193,4.95221116228396,9.90442232456792,14.8566334868519
"Soest","GM0342",2021-01-22,99,99,96,96,90,61,61,2020-12-01,38,0,3,9,-50,"&#x2798;",46906,0,6.39577026393212,19.1873107917964
"Utrecht","GM0344",2021-01-22,808,805,785,782,763,631,631,2020-12-01,177,3,23,45,4.54545454545454,"-",359548,0.834380944964233,6.39692057805912,12.5157141744635
"Veenendaal","GM0345",2021-01-22,184,184,182,181,177,116,116,2020-12-01,68,0,2,7,-60,"&#x2798;",66945,0,2.98752707446411,10.4563447606244
"Woudenberg","GM0351",2021-01-22,29,28,27,27,26,17,17,2020-12-01,12,1,2,3,100,"&#x279A;",13625,7.3394495412844,14.6788990825688,22.0183486238532
"Wijk bij Duurstede","GM0352",2021-01-22,48,47,46,44,44,29,29,2020-12-01,19,1,2,4,0,"-",23917,4.18112639545093,8.36225279090187,16.7245055818037
"IJsselstein","GM0353",2021-01-22,97,97,96,96,94,79,79,2020-12-01,18,0,1,3,-50,"&#x2798;",33855,0,2.95377344557672,8.86132033673017
"Zeist","GM0355",2021-01-22,113,113,112,112,110,81,81,2020-12-01,32,0,1,3,-50,"&#x2798;",65005,0,1.53834320436889,4.61502961310668
"Nieuwegein","GM0356",2021-01-22,121,120,117,117,114,93,93,2020-12-01,28,1,4,7,33.3333333333333,"&#x279A;",63811,1.56712792465249,6.26851169860996,10.9698954725674
"Aalsmeer","GM0358",2021-01-22,44,43,42,42,42,30,30,2020-12-01,14,1,2,2,200,"&#x279A;",31957,3.12920486904278,6.25840973808555,6.25840973808555
"Alkmaar","GM0361",2021-01-22,236,234,229,228,220,149,149,2020-12-01,87,2,7,16,-22.2222222222222,"&#x2798;",109841,1.82081372165221,6.37284802578272,14.5665097732176
"Amstelveen","GM0362",2021-01-22,171,170,168,168,163,137,137,2020-12-01,34,1,3,8,-40,"&#x2798;",90956,1.09943269273055,3.29829807819165,8.79546154184441
"Amsterdam","GM0363",2021-01-22,2450,2438,2384,2367,2310,1876,1876,2020-12-01,574,12,66,140,-10.8108108108108,"&#x2798;",873289,1.3741155562477,7.55763555936236,16.0313481562232
"Beemster","GM0370",2021-01-22,13,12,12,11,11,9,9,2020-12-01,4,1,1,2,0,"-",10073,9.92752903802243,9.92752903802243,19.8550580760449
"Bergen (NH.)","GM0373",2021-01-22,68,67,66,66,64,44,44,2020-12-01,24,1,2,4,0,"-",29706,3.36632330168989,6.73264660337979,13.4652932067596
"Beverwijk","GM0375",2021-01-22,52,52,52,52,51,39,39,2020-12-01,13,0,0,1,-100,"&#x2798;",41830,0,0,2.3906287353574
"Blaricum","GM0376",2021-01-22,8,8,8,7,7,3,3,2020-12-01,5,0,0,1,-100,"&#x2798;",11919,0,0,8.38996560114104
"Bloemendaal","GM0377",2021-01-22,11,11,11,10,10,6,6,2020-12-01,5,0,0,1,-100,"&#x2798;",23529,0,0,4.25007437630159
"Castricum","GM0383",2021-01-22,50,50,49,48,47,32,32,2020-12-01,18,0,1,3,-50,"&#x2798;",36164,0,2.76518084282712,8.29554252848136
"Diemen","GM0384",2021-01-22,72,72,70,70,69,51,51,2020-12-01,21,0,2,3,100,"&#x279A;",31304,0,6.38895987733197,9.58343981599796
"Edam-Volendam","GM0385",2021-01-22,101,101,98,98,97,78,78,2020-12-01,23,0,3,4,200,"&#x279A;",36247,0,8.27654702458135,11.0353960327751
"Enkhuizen","GM0388",2021-01-22,61,61,60,60,56,29,29,2020-12-01,32,0,1,5,-75,"&#x2798;",18666,0,5.3573341905068,26.786670952534
"Haarlem","GM0392",2021-01-22,140,140,130,130,125,76,76,2020-12-01,64,0,10,15,100,"&#x279A;",162754,0,6.1442422306057,9.21636334590855
"Haarlemmermeer","GM0394",2021-01-22,190,190,184,183,177,110,110,2020-12-01,80,0,6,13,-14.2857142857143,"&#x2798;",157730,0,3.80396880745578,8.24193241615419
"Heemskerk","GM0396",2021-01-22,66,65,65,65,65,51,51,2020-12-01,15,1,1,1,100,"&#x279A;",39233,2.54887467183239,2.54887467183239,2.54887467183239
"Heemstede","GM0397",2021-01-22,18,18,16,16,15,9,9,2020-12-01,9,0,2,3,100,"&#x279A;",27494,0,7.27431439586819,10.9114715938023
"Heerhugowaard","GM0398",2021-01-22,102,102,99,98,95,66,66,2020-12-01,36,0,3,7,-25,"&#x2798;",58303,0,5.1455328199235,12.0062432464882
"Heiloo","GM0399",2021-01-22,34,33,32,32,30,20,20,2020-12-01,14,1,2,4,0,"-",24119,4.14610887681911,8.29221775363821,16.5844355072764
"Den Helder","GM0400",2021-01-22,82,80,77,77,71,37,37,2020-12-01,45,2,5,11,-16.6666666666667,"&#x2798;",56531,3.53788187012436,8.84470467531089,19.458350285684
"Hilversum","GM0402",2021-01-22,54,54,50,48,47,26,26,2020-12-01,28,0,4,7,33.3333333333333,"&#x279A;",91247,0,4.38370576566901,7.67148508992076
"Hoorn","GM0405",2021-01-22,150,149,146,143,131,85,85,2020-12-01,65,1,4,19,-73.3333333333333,"&#x2798;",73579,1.35908343413202,5.43633373652809,25.8225852485084
"Huizen","GM0406",2021-01-22,43,43,39,39,39,24,24,2020-12-01,19,0,4,4,400,"&#x279A;",41130,0,9.72526136639922,9.72526136639922
"Landsmeer","GM0415",2021-01-22,23,23,23,23,22,12,12,2020-12-01,11,0,0,1,-100,"&#x2798;",11564,0,0,8.6475268073331
"Langedijk","GM0416",2021-01-22,53,53,51,50,50,36,36,2020-12-01,17,0,2,3,100,"&#x279A;",28332,0,7.05915572497529,10.5887335874629
"Laren","GM0417",2021-01-22,14,13,13,13,11,7,7,2020-12-01,7,1,1,3,-50,"&#x2798;",11401,8.77116042452416,8.77116042452416,26.3134812735725
"Medemblik","GM0420",2021-01-22,92,90,82,82,78,44,44,2020-12-01,48,2,10,14,150,"&#x279A;",45194,4.42536619905297,22.1268309952649,30.9775633933708
"Oostzaan","GM0431",2021-01-22,27,27,26,26,26,20,20,2020-12-01,7,0,1,1,100,"&#x279A;",9685,0,10.3252452245741,10.3252452245741
"Opmeer","GM0432",2021-01-22,10,10,9,9,9,7,7,2020-12-01,3,0,1,1,100,"&#x279A;",11988,0,8.34167500834168,8.34167500834168
"Ouder-Amstel","GM0437",2021-01-22,20,20,20,20,19,16,16,2020-12-01,4,0,0,1,-100,"&#x2798;",14120,0,0,7.08215297450425
"Purmerend","GM0439",2021-01-22,241,239,229,224,211,154,154,2020-12-01,87,2,12,30,-33.3333333333333,"&#x2798;",81708,2.44774073530132,14.6864444118079,36.7161110295198
"Schagen","GM0441",2021-01-22,82,81,80,80,78,41,41,2020-12-01,41,1,2,4,0,"-",46546,2.14841232329309,4.29682464658617,8.59364929317235
"Texel","GM0448",2021-01-22,13,13,13,13,13,11,11,2020-12-01,2,0,0,0,0,"-",13658,0,0,0
"Uitgeest","GM0450",2021-01-22,18,18,18,18,18,13,13,2020-12-01,5,0,0,0,0,"-",13644,0,0,0
"Uithoorn","GM0451",2021-01-22,49,49,47,47,45,39,39,2020-12-01,10,0,2,4,0,"-",30138,0,6.6361404207313,13.2722808414626
"Velsen","GM0453",2021-01-22,90,90,88,87,87,57,57,2020-12-01,33,0,2,3,100,"&#x279A;",68683,0,2.91192871598503,4.36789307397755
"Weesp","GM0457",2021-01-22,24,24,21,21,19,14,14,2020-12-01,10,0,3,5,50,"&#x279A;",20459,0,14.6634732880395,24.4391221467325
"Zandvoort","GM0473",2021-01-22,17,17,17,17,15,9,9,2020-12-01,8,0,0,2,-100,"&#x2798;",17168,0,0,11.6495806150979
"Zaanstad","GM0479",2021-01-22,429,429,423,419,415,327,327,2020-12-01,102,0,6,14,-25,"&#x2798;",157106,0,3.81907756546536,8.91118098608583
"Alblasserdam","GM0482",2021-01-22,75,75,74,74,71,49,49,2020-12-01,26,0,1,4,-66.6666666666667,"&#x2798;",20193,0,4.95221116228396,19.8088446491358
"Alphen aan den Rijn","GM0484",2021-01-22,238,236,231,231,226,162,162,2020-12-01,76,2,7,12,40,"&#x279A;",112552,1.77695642902836,6.21934750159926,10.6617385741702
"Barendrecht","GM0489",2021-01-22,124,123,120,120,116,91,91,2020-12-01,33,1,4,8,0,"-",48635,2.05613241492752,8.22452965971009,16.4490593194202
"Drechterland","GM0498",2021-01-22,34,34,32,32,29,19,19,2020-12-01,15,0,2,5,-33.3333333333333,"&#x2798;",19834,0,10.0836946657255,25.2092366643138
"Brielle","GM0501",2021-01-22,48,48,47,47,46,34,34,2020-12-01,14,0,1,2,0,"-",17408,0,5.74448529411765,11.4889705882353
"Capelle aan den IJssel","GM0502",2021-01-22,243,243,239,239,231,180,180,2020-12-01,63,0,4,12,-50,"&#x2798;",67204,0,5.95202666507946,17.8560799952384
"Delft","GM0503",2021-01-22,202,202,194,193,185,145,145,2020-12-01,57,0,8,17,-11.1111111111111,"&#x2798;",103880,0,7.70119368502118,16.36503658067
"Dordrecht","GM0505",2021-01-22,417,416,409,406,399,306,306,2020-12-01,111,1,8,18,-20,"&#x2798;",119184,0.83903879715398,6.71231037723184,15.1026983487716
"Gorinchem","GM0512",2021-01-22,84,82,77,74,67,44,44,2020-12-01,40,2,7,17,-30,"&#x2798;",37405,5.34687875952413,18.7140756583344,45.4484694559551
"Gouda","GM0513",2021-01-22,213,211,210,210,205,162,162,2020-12-01,51,2,3,8,-40,"&#x2798;",73754,2.71171733058546,4.06757599587819,10.8468693223418
"'s-Gravenhage","GM0518",2021-01-22,1507,1490,1461,1454,1408,1171,1171,2020-12-01,336,17,46,99,-13.2075471698113,"&#x2798;",548076,3.1017596099811,8.39299659171356,18.0631883169487
"Hardinxveld-Giessendam","GM0523",2021-01-22,31,31,30,30,27,15,15,2020-12-01,16,0,1,4,-66.6666666666667,"&#x2798;",18399,0,5.4350779933692,21.7403119734768
"Hellevoetsluis","GM0530",2021-01-22,94,94,92,91,85,61,61,2020-12-01,33,0,2,9,-71.4285714285714,"&#x2798;",40235,0,4.97079657015037,22.3685845656766
"Hendrik-Ido-Ambacht","GM0531",2021-01-22,93,92,89,88,87,67,67,2020-12-01,26,1,4,6,100,"&#x279A;",31255,3.19948808190689,12.7979523276276,19.1969284914414
"Stede Broec","GM0532",2021-01-22,66,66,60,60,57,36,36,2020-12-01,30,0,6,9,100,"&#x279A;",21768,0,27.5633958103638,41.3450937155458
"Hillegom","GM0534",2021-01-22,19,19,19,19,18,11,11,2020-12-01,8,0,0,1,-100,"&#x2798;",22217,0,0,4.50105774857091
"Katwijk","GM0537",2021-01-22,178,175,168,167,158,97,97,2020-12-01,81,3,10,20,0,"-",66005,4.54511021892281,15.1503673964094,30.3007347928187
"Krimpen aan den IJssel","GM0542",2021-01-22,90,90,84,83,79,57,57,2020-12-01,33,0,6,11,20,"&#x279A;",29443,0,20.378358183609,37.3603233366165
"Leiden","GM0546",2021-01-22,184,183,179,179,176,137,137,2020-12-01,47,1,5,8,66.6666666666667,"&#x279A;",124121,0.805665439369647,4.02832719684824,6.44532351495718
"Leiderdorp","GM0547",2021-01-22,68,68,67,67,64,50,50,2020-12-01,18,0,1,4,-66.6666666666667,"&#x2798;",27374,0,3.6531014831592,14.6124059326368
"Lisse","GM0553",2021-01-22,43,43,42,42,39,21,21,2020-12-01,22,0,1,4,-66.6666666666667,"&#x2798;",22999,0,4.34801513109266,17.3920605243706
"Maassluis","GM0556",2021-01-22,98,98,97,96,94,80,80,2020-12-01,18,0,1,4,-66.6666666666667,"&#x2798;",33557,0,2.98000417200584,11.9200166880234
"Nieuwkoop","GM0569",2021-01-22,45,45,45,45,44,23,23,2020-12-01,22,0,0,1,-100,"&#x2798;",29146,0,0,3.43100253894188
"Noordwijk","GM0575",2021-01-22,95,93,91,91,89,66,66,2020-12-01,29,2,4,6,100,"&#x279A;",43998,4.54566116641666,9.09132233283331,13.63698349925
"Oegstgeest","GM0579",2021-01-22,39,39,39,38,38,30,30,2020-12-01,9,0,0,1,-100,"&#x2798;",25061,0,0,3.9902637564343
"Oudewater","GM0589",2021-01-22,38,38,37,37,37,33,33,2020-12-01,5,0,1,1,100,"&#x279A;",10156,0,9.84639621898385,9.84639621898385
"Papendrecht","GM0590",2021-01-22,93,93,91,91,89,63,63,2020-12-01,30,0,2,4,0,"-",32142,0,6.22238815257296,12.4447763051459
"Ridderkerk","GM0597",2021-01-22,151,151,145,145,136,102,102,2020-12-01,49,0,6,15,-33.3333333333333,"&#x2798;",46633,0,12.866425063796,32.1660626594901
"Rotterdam","GM0599",2021-01-22,2455,2444,2403,2391,2336,1943,1943,2020-12-01,512,11,52,119,-22.3880597014925,"&#x2798;",652742,1.68519874621213,7.96639407300281,18.2307864362949
"Rijswijk","GM0603",2021-01-22,147,145,144,144,140,113,113,2020-12-01,34,2,3,7,-25,"&#x2798;",55236,3.62082699688609,5.43124049532913,12.6728944891013
"Schiedam","GM0606",2021-01-22,242,242,238,237,232,196,196,2020-12-01,46,0,4,10,-33.3333333333333,"&#x2798;",79316,0,5.04311866458218,12.6077966614554
"Sliedrecht","GM0610",2021-01-22,115,114,111,111,103,60,60,2020-12-01,55,1,4,12,-50,"&#x2798;",25570,3.91083300743058,15.6433320297223,46.929996089167
"Albrandswaard","GM0613",2021-01-22,70,70,69,69,66,55,55,2020-12-01,15,0,1,4,-66.6666666666667,"&#x2798;",25806,0,3.87506781368674,15.500271254747
"Westvoorne","GM0614",2021-01-22,26,26,25,25,21,15,15,2020-12-01,11,0,1,5,-75,"&#x2798;",14893,0,6.7145638890754,33.572819445377
"Vlaardingen","GM0622",2021-01-22,191,190,188,188,187,156,156,2020-12-01,35,1,3,4,200,"&#x279A;",73950,1.35226504394861,4.05679513184584,5.40906017579446
"Voorschoten","GM0626",2021-01-22,33,33,33,33,31,20,20,2020-12-01,13,0,0,2,-100,"&#x2798;",25643,0,0,7.79939944624264
"Waddinxveen","GM0627",2021-01-22,75,74,73,73,72,55,55,2020-12-01,20,1,2,3,100,"&#x279A;",30320,3.29815303430079,6.59630606860158,9.89445910290237
"Wassenaar","GM0629",2021-01-22,41,41,39,38,35,26,26,2020-12-01,15,0,2,6,-50,"&#x2798;",26845,0,7.45017694170236,22.3505308251071
"Woerden","GM0632",2021-01-22,130,130,128,127,124,100,100,2020-12-01,30,0,2,6,-50,"&#x2798;",52671,0,3.79715593020827,11.3914677906248
"Zoetermeer","GM0637",2021-01-22,262,262,259,258,248,184,184,2020-12-01,78,0,3,14,-72.7272727272727,"&#x2798;",125284,0,2.39455956067814,11.1746112831646
"Zoeterwoude","GM0638",2021-01-22,16,16,15,15,14,9,9,2020-12-01,7,0,1,2,0,"-",8813,0,11.3468739362306,22.6937478724611
"Zwijndrecht","GM0642",2021-01-22,157,157,155,155,150,109,109,2020-12-01,48,0,2,7,-60,"&#x2798;",44763,0,4.46797578357125,15.6379152424994
"Borsele","GM0654",2021-01-22,23,23,23,23,22,9,9,2020-12-01,14,0,0,1,-100,"&#x2798;",22779,0,0,4.39000834101585
"Goes","GM0664",2021-01-22,53,53,48,48,45,32,32,2020-12-01,21,0,5,8,66.6666666666667,"&#x279A;",38571,0,12.9631069974852,20.7409711959763
"West Maas en Waal","GM0668",2021-01-22,40,40,40,40,40,33,33,2020-12-01,7,0,0,0,0,"-",19560,0,0,0
"Hulst","GM0677",2021-01-22,39,39,39,39,36,29,29,2020-12-01,10,0,0,3,-100,"&#x2798;",27563,0,0,10.8841562964844
"Kapelle","GM0678",2021-01-22,10,10,10,10,10,7,7,2020-12-01,3,0,0,0,0,"-",12842,0,0,0
"Middelburg","GM0687",2021-01-22,46,46,44,44,41,31,31,2020-12-01,15,0,2,5,-33.3333333333333,"&#x2798;",48973,0,4.08388295591448,10.2097073897862
"Reimerswaal","GM0703",2021-01-22,32,32,25,24,23,14,14,2020-12-01,18,0,7,9,250,"&#x279A;",22931,0,30.526361693777,39.2481793205704
"Terneuzen","GM0715",2021-01-22,96,95,94,93,90,63,63,2020-12-01,33,1,2,6,-50,"&#x2798;",54486,1.83533384722681,3.67066769445362,11.0120030833609
"Tholen","GM0716",2021-01-22,70,70,69,69,65,58,58,2020-12-01,12,0,1,5,-75,"&#x2798;",26050,0,3.83877159309021,19.1938579654511
"Veere","GM0717",2021-01-22,19,19,18,18,15,14,14,2020-12-01,5,0,1,4,-66.6666666666667,"&#x2798;",21981,0,4.54938355852782,18.1975342341113
"Vlissingen","GM0718",2021-01-22,48,47,46,46,42,28,28,2020-12-01,20,1,2,6,-50,"&#x2798;",44330,2.25580870742161,4.51161741484322,13.5348522445297
"De Ronde Venen","GM0736",2021-01-22,125,124,119,118,116,95,95,2020-12-01,30,1,6,9,100,"&#x279A;",44696,2.23733667442277,13.4240200465366,20.1360300698049
"Tytsjerksteradiel","GM0737",2021-01-22,22,22,21,21,18,7,7,2020-12-01,15,0,1,4,-66.6666666666667,"&#x2798;",32039,0,3.12119604232342,12.4847841692937
"Asten","GM0743",2021-01-22,45,44,44,44,43,38,38,2020-12-01,7,1,1,2,0,"-",16802,5.95167241995001,5.95167241995001,11.9033448399
"Baarle-Nassau","GM0744",2021-01-22,19,19,19,19,19,18,18,2020-12-01,1,0,0,0,0,"-",6901,0,0,0
"Bergen op Zoom","GM0748",2021-01-22,179,178,174,173,164,124,124,2020-12-01,55,1,5,15,-50,"&#x2798;",67501,1.48145953393283,7.40729766966415,22.2218930089925
"Best","GM0753",2021-01-22,100,100,98,98,89,51,51,2020-12-01,49,0,2,11,-77.7777777777778,"&#x2798;",30196,0,6.62339382699695,36.4286660484832
"Boekel","GM0755",2021-01-22,40,40,40,39,38,35,35,2020-12-01,5,0,0,2,-100,"&#x2798;",10922,0,0,18.3116645303058
"Boxmeer","GM0756",2021-01-22,90,89,88,87,81,56,56,2020-12-01,34,1,2,9,-71.4285714285714,"&#x2798;",29592,3.37929170045958,6.75858340091917,30.4136253041363
"Boxtel","GM0757",2021-01-22,91,91,89,88,85,52,52,2020-12-01,39,0,2,6,-50,"&#x2798;",32675,0,6.12088752869166,18.362662586075
"Breda","GM0758",2021-01-22,457,456,451,450,443,365,365,2020-12-01,92,1,6,14,-25,"&#x2798;",184151,0.543032619969481,3.25819571981689,7.60245667957274
"Deurne","GM0762",2021-01-22,121,121,118,117,113,93,93,2020-12-01,28,0,3,8,-40,"&#x2798;",32482,0,9.23588448987131,24.6290253063235
"Pekela","GM0765",2021-01-22,26,26,25,24,20,9,9,2020-12-01,17,0,1,6,-80,"&#x2798;",12163,0,8.22165584148648,49.3299350489189
"Dongen","GM0766",2021-01-22,104,104,100,100,96,65,65,2020-12-01,39,0,4,8,0,"-",26358,0,15.1756582441763,30.3513164883527
"Eersel","GM0770",2021-01-22,84,84,84,83,83,73,73,2020-12-01,11,0,0,1,-100,"&#x2798;",19494,0,0,5.12978352313532
"Eindhoven","GM0772",2021-01-22,660,654,638,634,609,457,457,2020-12-01,203,6,22,51,-24.1379310344828,"&#x2798;",235728,2.54530645489717,9.33279033462295,21.6351048666259
"Etten-Leur","GM0777",2021-01-22,118,118,116,116,116,100,100,2020-12-01,18,0,2,2,200,"&#x279A;",43881,0,4.55778127207675,4.55778127207675
"Geertruidenberg","GM0779",2021-01-22,52,52,49,49,44,32,32,2020-12-01,20,0,3,8,-40,"&#x2798;",21792,0,13.7665198237885,36.7107195301028
"Gilze en Rijen","GM0784",2021-01-22,61,61,61,60,59,44,44,2020-12-01,17,0,0,2,-100,"&#x2798;",26806,0,0,7.46101619040513
"Goirle","GM0785",2021-01-22,85,84,83,82,82,65,65,2020-12-01,20,1,2,3,100,"&#x279A;",23939,4.17728392998872,8.35456785997744,12.5318517899662
"Grave","GM0786",2021-01-22,55,55,54,54,53,46,46,2020-12-01,9,0,1,2,0,"-",12429,0,8.04569957357792,16.0913991471558
"Helmond","GM0794",2021-01-22,318,314,308,306,295,245,245,2020-12-01,73,4,10,23,-23.0769230769231,"&#x2798;",92614,4.31900144686549,10.7975036171637,24.8342583194765
"'s-Hertogenbosch","GM0796",2021-01-22,386,386,378,376,371,285,285,2020-12-01,101,0,8,15,14.2857142857143,"&#x279A;",155491,0,5.14499231466773,9.64686059000199
"Heusden","GM0797",2021-01-22,140,140,136,136,133,103,103,2020-12-01,37,0,4,7,33.3333333333333,"&#x279A;",45008,0,8.88730892285816,15.5527906150018
"Hilvarenbeek","GM0798",2021-01-22,38,38,38,38,38,33,33,2020-12-01,5,0,0,0,0,"-",15683,0,0,0
"Loon op Zand","GM0809",2021-01-22,98,98,94,94,90,72,72,2020-12-01,26,0,4,8,0,"-",23497,0,17.0234498021024,34.0468996042048
"Mill en Sint Hubert","GM0815",2021-01-22,31,30,30,29,27,23,23,2020-12-01,8,1,1,4,-66.6666666666667,"&#x2798;",11003,9.08843042806507,9.08843042806507,36.3537217122603
"Nuenen, Gerwen en Nederwetten","GM0820",2021-01-22,56,55,54,52,49,40,40,2020-12-01,16,1,2,7,-60,"&#x2798;",23657,4.22707866593397,8.45415733186795,29.5895506615378
"Oirschot","GM0823",2021-01-22,53,53,53,53,53,39,39,2020-12-01,14,0,0,0,0,"-",18838,0,0,0
"Oisterwijk","GM0824",2021-01-22,71,71,70,70,70,51,51,2020-12-01,20,0,1,1,100,"&#x279A;",30700,0,3.25732899022801,3.25732899022801
"Oosterhout","GM0826",2021-01-22,159,159,157,157,156,113,113,2020-12-01,46,0,2,3,100,"&#x279A;",56184,0,3.55973230813043,5.33959846219564
"Oss","GM0828",2021-01-22,307,305,302,301,299,280,280,2020-12-01,27,2,5,8,66.6666666666667,"&#x279A;",92442,2.16351874688994,5.40879686722485,8.65407498755977
"Rucphen","GM0840",2021-01-22,77,77,74,73,68,49,49,2020-12-01,28,0,3,9,-50,"&#x2798;",23089,0,12.9932002252155,38.9796006756464
"Sint-Michielsgestel","GM0845",2021-01-22,83,83,82,82,81,64,64,2020-12-01,19,0,1,2,0,"-",29510,0,3.38868180277872,6.77736360555744
"Someren","GM0847",2021-01-22,56,55,53,53,51,36,36,2020-12-01,20,1,3,5,50,"&#x279A;",19395,5.15596803299819,15.4679040989946,25.779840164991
"Son en Breugel","GM0848",2021-01-22,52,52,52,52,51,44,44,2020-12-01,8,0,0,1,-100,"&#x2798;",17526,0,0,5.7058085130663
"Steenbergen","GM0851",2021-01-22,71,71,71,70,69,54,54,2020-12-01,17,0,0,2,-100,"&#x2798;",24315,0,0,8.22537528274728
"Waterland","GM0852",2021-01-22,49,49,46,46,42,34,34,2020-12-01,15,0,3,7,-25,"&#x2798;",17325,0,17.3160173160173,40.4040404040404
"Tilburg","GM0855",2021-01-22,786,785,773,770,765,615,615,2020-12-01,171,1,13,21,62.5,"&#x279A;",221358,0.451756882516105,5.87283947270937,9.48689453283821
"Uden","GM0856",2021-01-22,152,152,149,149,147,136,136,2020-12-01,16,0,3,5,50,"&#x279A;",42244,0,7.10160022725121,11.836000378752
"Valkenswaard","GM0858",2021-01-22,78,78,77,77,71,54,54,2020-12-01,24,0,1,7,-83.3333333333333,"&#x2798;",31253,0,3.19969282948837,22.3978498064186
"Veldhoven","GM0861",2021-01-22,144,144,141,141,135,99,99,2020-12-01,45,0,3,9,-50,"&#x2798;",45562,0,6.58443439708529,19.7533031912559
"Vught","GM0865",2021-01-22,95,95,95,95,95,69,69,2020-12-01,26,0,0,0,0,"-",30756,0,0,0
"Waalre","GM0866",2021-01-22,41,41,40,39,35,28,28,2020-12-01,13,0,1,6,-80,"&#x2798;",17519,0,5.70808836120783,34.248530167247
"Waalwijk","GM0867",2021-01-22,179,179,177,177,176,136,136,2020-12-01,43,0,2,3,100,"&#x279A;",48826,0,4.09617826567812,6.14426739851718
"Woensdrecht","GM0873",2021-01-22,49,48,45,44,43,36,36,2020-12-01,13,1,4,6,100,"&#x279A;",22002,4.54504135987638,18.1801654395055,27.2702481592582
"Zundert","GM0879",2021-01-22,60,60,57,57,56,47,47,2020-12-01,13,0,3,4,200,"&#x279A;",21995,0,13.6394635144351,18.1859513525801
"Wormerland","GM0880",2021-01-22,44,44,43,43,43,37,37,2020-12-01,7,0,1,1,100,"&#x279A;",16295,0,6.13685179502915,6.13685179502915
"Landgraaf","GM0882",2021-01-22,111,109,108,108,104,77,77,2020-12-01,34,2,3,7,-25,"&#x2798;",37325,5.35833891493637,8.03750837240455,18.7541862022773
"Beek","GM0888",2021-01-22,33,33,33,33,33,23,23,2020-12-01,10,0,0,0,0,"-",15872,0,0,0
"Beesel","GM0889",2021-01-22,11,11,11,11,11,9,9,2020-12-01,2,0,0,0,0,"-",13464,0,0,0
"Bergen (L.)","GM0893",2021-01-22,28,28,26,25,22,13,13,2020-12-01,15,0,2,6,-50,"&#x2798;",13111,0,15.2543665624285,45.7630996872855
"Brunssum","GM0899",2021-01-22,86,86,82,82,81,60,60,2020-12-01,26,0,4,5,300,"&#x279A;",27655,0,14.4639305731332,18.0799132164166
"Gennep","GM0907",2021-01-22,44,44,43,43,42,27,27,2020-12-01,17,0,1,2,0,"-",17019,0,5.8757858863623,11.7515717727246
"Heerlen","GM0917",2021-01-22,222,222,220,220,216,170,170,2020-12-01,52,0,2,6,-50,"&#x2798;",86829,0,2.30337790369577,6.91013371108731
"Kerkrade","GM0928",2021-01-22,126,125,125,121,120,98,98,2020-12-01,28,1,1,6,-80,"&#x2798;",45499,2.19785050220884,2.19785050220884,13.187103013253
"Maastricht","GM0935",2021-01-22,359,358,348,348,337,241,241,2020-12-01,118,1,11,22,0,"-",120379,0.830709675275588,9.13780642803147,18.2756128560629
"Meerssen","GM0938",2021-01-22,42,42,41,41,39,29,29,2020-12-01,13,0,1,3,-50,"&#x2798;",18710,0,5.34473543559594,16.0342063067878
"Mook en Middelaar","GM0944",2021-01-22,22,22,22,22,21,18,18,2020-12-01,4,0,0,1,-100,"&#x2798;",7901,0,0,12.6566257435768
"Nederweert","GM0946",2021-01-22,47,47,42,42,37,29,29,2020-12-01,18,0,5,10,0,"-",17171,0,29.1188631995807,58.2377263991614
"Roermond","GM0957",2021-01-22,157,157,153,153,151,121,121,2020-12-01,36,0,4,6,100,"&#x279A;",58784,0,6.80457267283615,10.2068590092542
"Simpelveld","GM0965",2021-01-22,29,29,29,29,27,24,24,2020-12-01,5,0,0,2,-100,"&#x2798;",10495,0,0,19.0566936636494
"Stein","GM0971",2021-01-22,74,74,74,74,73,61,61,2020-12-01,13,0,0,1,-100,"&#x2798;",24876,0,0,4.01993889692877
"Vaals","GM0981",2021-01-22,23,23,22,22,21,14,14,2020-12-01,9,0,1,2,0,"-",10113,0,9.88826263225551,19.776525264511
"Venlo","GM0983",2021-01-22,30,30,30,30,30,20,20,2020-12-01,10,0,0,0,0,"-",101967,0,0,0
"Venray","GM0984",2021-01-22,40,40,40,40,40,29,29,2020-12-01,11,0,0,0,0,"-",43704,0,0,0
"Voerendaal","GM0986",2021-01-22,28,28,28,28,26,22,22,2020-12-01,6,0,0,2,-100,"&#x2798;",12478,0,0,16.0282096489822
"Weert","GM0988",2021-01-22,139,138,132,132,127,75,75,2020-12-01,64,1,7,12,40,"&#x279A;",50008,1.99968005119181,13.9977603583427,23.9961606143017
"Valkenburg aan de Geul","GM0994",2021-01-22,31,31,29,29,28,20,20,2020-12-01,11,0,2,3,100,"&#x279A;",16399,0,12.1958656015611,18.2937984023416
"Lelystad","GM0995",2021-01-22,206,204,202,202,200,147,147,2020-12-01,59,2,4,6,100,"&#x279A;",79703,2.50931583503758,5.01863167007515,7.52794750511273
"Horst aan de Maas","GM1507",2021-01-22,15,15,13,13,13,10,10,2020-12-01,5,0,2,2,200,"&#x279A;",42464,0,4.70987189148455,4.70987189148455
"Oude IJsselstreek","GM1509",2021-01-22,70,70,64,64,61,47,47,2020-12-01,23,0,6,9,100,"&#x279A;",39348,0,15.2485513876182,22.8728270814273
"Teylingen","GM1525",2021-01-22,65,65,64,64,60,42,42,2020-12-01,23,0,1,5,-75,"&#x2798;",37761,0,2.64823495140489,13.2411747570244
"Utrechtse Heuvelrug","GM1581",2021-01-22,82,82,79,78,77,53,53,2020-12-01,29,0,3,5,50,"&#x279A;",49962,0,6.00456346823586,10.0076057803931
"Oost Gelre","GM1586",2021-01-22,65,65,64,64,64,53,53,2020-12-01,12,0,1,1,100,"&#x279A;",29574,0,3.38134848177453,3.38134848177453
"Koggenland","GM1598",2021-01-22,29,29,28,28,28,19,19,2020-12-01,10,0,1,1,100,"&#x279A;",22932,0,4.36071864643293,4.36071864643293
"Lansingerland","GM1621",2021-01-22,127,127,127,127,124,102,102,2020-12-01,25,0,0,3,-100,"&#x2798;",63295,0,0,4.73971087763646
"Leudal","GM1640",2021-01-22,91,91,89,89,84,66,66,2020-12-01,25,0,2,7,-60,"&#x2798;",36027,0,5.55139201154689,19.4298720404141
"Maasgouw","GM1641",2021-01-22,63,63,61,60,57,42,42,2020-12-01,21,0,2,6,-50,"&#x2798;",23976,0,8.34167500834168,25.025025025025
"Gemert-Bakel","GM1652",2021-01-22,115,115,115,115,112,97,97,2020-12-01,18,0,0,3,-100,"&#x2798;",30751,0,0,9.75578029982765
"Halderberge","GM1655",2021-01-22,88,88,86,85,82,69,69,2020-12-01,19,0,2,6,-50,"&#x2798;",30461,0,6.56577262729392,19.6973178818818
"Heeze-Leende","GM1658",2021-01-22,41,39,39,39,39,29,29,2020-12-01,12,2,2,2,200,"&#x279A;",16222,12.3289360128221,12.3289360128221,12.3289360128221
"Laarbeek","GM1659",2021-01-22,81,81,79,79,77,64,64,2020-12-01,17,0,2,4,0,"-",22787,0,8.77693421687805,17.5538684337561
"Reusel-De Mierden","GM1667",2021-01-22,42,41,40,40,40,35,35,2020-12-01,7,1,2,2,200,"&#x279A;",13123,7.62020879372095,15.2404175874419,15.2404175874419
"Roerdalen","GM1669",2021-01-22,49,49,48,48,46,40,40,2020-12-01,9,0,1,3,-50,"&#x2798;",20612,0,4.85154279060741,14.5546283718222
"Roosendaal","GM1674",2021-01-22,206,206,200,199,187,151,151,2020-12-01,55,0,6,19,-53.8461538461538,"&#x2798;",77256,0,7.7663870767319,24.5935590763177
"Schouwen-Duiveland","GM1676",2021-01-22,35,35,34,34,34,23,23,2020-12-01,12,0,1,1,100,"&#x279A;",33990,0,2.94204177699323,2.94204177699323
"Aa en Hunze","GM1680",2021-01-22,12,12,9,9,9,5,5,2020-12-01,7,0,3,3,300,"&#x279A;",25366,0,11.8268548450682,11.8268548450682
"Borger-Odoorn","GM1681",2021-01-22,31,31,31,31,29,13,13,2020-12-01,18,0,0,2,-100,"&#x2798;",25587,0,0,7.81646930081682
"Cuijk","GM1684",2021-01-22,52,52,51,51,49,37,37,2020-12-01,15,0,1,3,-50,"&#x2798;",25373,0,3.9411973357506,11.8235920072518
"Landerd","GM1685",2021-01-22,54,54,54,54,52,48,48,2020-12-01,6,0,0,2,-100,"&#x2798;",15838,0,0,12.6278570526582
"De Wolden","GM1690",2021-01-22,33,33,32,32,30,21,21,2020-12-01,12,0,1,3,-50,"&#x2798;",24374,0,4.10273241979158,12.3081972593747
"Noord-Beveland","GM1695",2021-01-22,5,5,4,4,4,4,4,2020-12-01,1,0,1,1,100,"&#x279A;",7570,0,13.2100396301189,13.2100396301189
"Wijdemeren","GM1696",2021-01-22,19,19,19,19,16,12,12,2020-12-01,7,0,0,3,-100,"&#x2798;",24440,0,0,12.2749590834697
"Noordenveld","GM1699",2021-01-22,15,15,15,15,14,8,8,2020-12-01,7,0,0,1,-100,"&#x2798;",31216,0,0,3.20348539210661
"Twenterand","GM1700",2021-01-22,119,119,116,114,108,55,55,2020-12-01,64,0,3,11,-62.5,"&#x2798;",33696,0,8.9031339031339,32.644824311491
"Westerveld","GM1701",2021-01-22,15,15,14,14,14,8,8,2020-12-01,7,0,1,1,100,"&#x279A;",19638,0,5.09216824523882,5.09216824523882
"Sint Anthonis","GM1702",2021-01-22,26,26,26,26,26,22,22,2020-12-01,4,0,0,0,0,"-",11687,0,0,0
"Lingewaard","GM1705",2021-01-22,73,73,73,72,68,37,37,2020-12-01,36,0,0,5,-100,"&#x2798;",46781,0,0,10.6880998696052
"Cranendonck","GM1706",2021-01-22,72,71,70,70,68,57,57,2020-12-01,15,1,2,4,0,"-",21007,4.76031798924168,9.52063597848336,19.0412719569667
"Steenwijkerland","GM1708",2021-01-22,43,43,42,42,36,16,16,2020-12-01,27,0,1,7,-83.3333333333333,"&#x2798;",44301,0,2.25728538859168,15.8009977201418
"Moerdijk","GM1709",2021-01-22,85,85,84,84,81,57,57,2020-12-01,28,0,1,4,-66.6666666666667,"&#x2798;",37193,0,2.68867797703869,10.7547119081548
"Echt-Susteren","GM1711",2021-01-22,80,80,78,77,73,59,59,2020-12-01,21,0,2,7,-60,"&#x2798;",31751,0,6.29901420427703,22.0465497149696
"Sluis","GM1714",2021-01-22,41,41,41,40,40,22,22,2020-12-01,19,0,0,1,-100,"&#x2798;",23143,0,0,4.32096098172233
"Drimmelen","GM1719",2021-01-22,69,69,66,66,63,43,43,2020-12-01,26,0,3,6,0,"-",27334,0,10.9753420648277,21.9506841296554
"Bernheze","GM1721",2021-01-22,125,125,124,124,122,116,116,2020-12-01,9,0,1,3,-50,"&#x2798;",31398,0,3.18491623670297,9.55474871010892
"Alphen-Chaam","GM1723",2021-01-22,40,40,40,40,40,38,38,2020-12-01,2,0,0,0,0,"-",10362,0,0,0
"Bergeijk","GM1724",2021-01-22,63,63,62,62,62,52,52,2020-12-01,11,0,1,1,100,"&#x279A;",18745,0,5.33475593491598,5.33475593491598
"Bladel","GM1728",2021-01-22,68,67,65,65,61,52,52,2020-12-01,16,1,3,7,-25,"&#x2798;",20552,4.86570650058388,14.5971195017517,34.0599455040872
"Gulpen-Wittem","GM1729",2021-01-22,37,36,36,35,34,28,28,2020-12-01,9,1,1,3,-50,"&#x2798;",14184,7.05019740552736,7.05019740552736,21.1505922165821
"Tynaarlo","GM1730",2021-01-22,24,23,19,19,19,11,11,2020-12-01,13,1,5,5,500,"&#x279A;",33927,2.94750493707077,14.7375246853538,14.7375246853538
"Midden-Drenthe","GM1731",2021-01-22,37,36,34,34,30,14,14,2020-12-01,23,1,3,7,-25,"&#x2798;",33357,2.99787151122703,8.99361453368109,20.9851005785892
"Overbetuwe","GM1734",2021-01-22,68,67,67,67,63,51,51,2020-12-01,17,1,1,5,-75,"&#x2798;",48147,2.07697260473134,2.07697260473134,10.3848630236567
"Hof van Twente","GM1735",2021-01-22,85,84,82,82,77,58,58,2020-12-01,27,1,3,8,-40,"&#x2798;",35037,2.85412563861061,8.56237691583184,22.8330051088849
"Neder-Betuwe","GM1740",2021-01-22,89,89,88,88,84,64,64,2020-12-01,25,0,1,5,-75,"&#x2798;",24634,0,4.05943005602013,20.2971502801007
"Rijssen-Holten","GM1742",2021-01-22,103,101,96,96,91,60,60,2020-12-01,43,2,7,12,40,"&#x279A;",38182,5.23807029490336,18.3332460321618,31.4284217694201
"Geldrop-Mierlo","GM1771",2021-01-22,130,128,123,122,118,85,85,2020-12-01,45,2,7,12,40,"&#x279A;",40097,4.98790433199491,17.4576651619822,29.9274259919695
"Olst-Wijhe","GM1773",2021-01-22,17,17,17,17,17,12,12,2020-12-01,5,0,0,0,0,"-",18348,0,0,0
"Dinkelland","GM1774",2021-01-22,69,69,66,66,63,48,48,2020-12-01,21,0,3,6,0,"-",26616,0,11.2714156898106,22.5428313796213
"Westland","GM1783",2021-01-22,270,269,265,263,251,177,177,2020-12-01,93,1,5,19,-64.2857142857143,"&#x2798;",111342,0.898133678216666,4.49066839108333,17.0645398861166
"Midden-Delfland","GM1842",2021-01-22,45,45,45,44,44,28,28,2020-12-01,17,0,0,1,-100,"&#x2798;",19378,0,0,5.16049127876974
"Berkelland","GM1859",2021-01-22,80,80,78,78,73,62,62,2020-12-01,18,0,2,7,-60,"&#x2798;",43821,0,4.56402181602428,15.974076356085
"Bronckhorst","GM1876",2021-01-22,67,67,65,65,64,47,47,2020-12-01,20,0,2,3,100,"&#x279A;",36103,0,5.53970584161981,8.30955876242971
"Sittard-Geleen","GM1883",2021-01-22,219,217,214,214,210,167,167,2020-12-01,52,2,5,9,25,"&#x279A;",91781,2.17910024950698,5.44775062376745,9.8059511227814
"Kaag en Braassem","GM1884",2021-01-22,47,47,47,47,44,26,26,2020-12-01,21,0,0,3,-100,"&#x2798;",27547,0,0,10.8904780919882
"Dantumadiel","GM1891",2021-01-22,18,18,17,17,11,3,3,2020-12-01,15,0,1,7,-83.3333333333333,"&#x2798;",18927,0,5.28345749458446,36.9842024620912
"Zuidplas","GM1892",2021-01-22,118,117,104,101,89,67,67,2020-12-01,51,1,14,29,-6.66666666666667,"&#x2798;",45015,2.22148172831278,31.100744196379,64.4229701210707
"Peel en Maas","GM1894",2021-01-22,39,38,38,38,37,34,34,2020-12-01,5,1,1,2,0,"-",43695,2.28859137201053,2.28859137201053,4.57718274402106
"Oldambt","GM1895",2021-01-22,67,65,60,57,48,21,21,2020-12-01,46,2,7,19,-41.6666666666667,"&#x2798;",38281,5.22452391525822,18.2858337034038,49.6329771949531
"Zwartewaterland","GM1896",2021-01-22,29,29,29,29,27,18,18,2020-12-01,11,0,0,2,-100,"&#x2798;",22797,0,0,8.77308417774269
"Súdwest-Fryslân","GM1900",2021-01-22,85,85,84,84,77,46,46,2020-12-01,39,0,1,8,-85.7142857142857,"&#x2798;",89930,0,1.1119759813188,8.89580785055043
"Bodegraven-Reeuwijk","GM1901",2021-01-22,79,79,75,75,72,52,52,2020-12-01,27,0,4,7,33.3333333333333,"&#x279A;",35288,0,11.3352981183405,19.8367717070959
"Eijsden-Margraten","GM1903",2021-01-22,81,81,80,80,76,64,64,2020-12-01,17,0,1,5,-75,"&#x2798;",25903,0,3.86055669227503,19.3027834613751
"Stichtse Vecht","GM1904",2021-01-22,148,148,147,147,143,106,106,2020-12-01,42,0,1,5,-75,"&#x2798;",65142,0,1.53510791808664,7.67553959043321
"Hollands Kroon","GM1911",2021-01-22,78,78,75,75,73,40,40,2020-12-01,38,0,3,5,50,"&#x279A;",48532,0,6.18148850243139,10.3024808373856
"Leidschendam-Voorburg","GM1916",2021-01-22,151,148,144,143,140,105,105,2020-12-01,46,3,7,11,75,"&#x279A;",76451,3.92408209179736,9.15619154752718,14.388301003257
"Goeree-Overflakkee","GM1924",2021-01-22,157,156,150,147,142,108,108,2020-12-01,49,1,7,15,-12.5,"&#x2798;",50567,1.9775743073546,13.8430201514822,29.663614610319
"Pijnacker-Nootdorp","GM1926",2021-01-22,84,84,84,84,79,70,70,2020-12-01,14,0,0,5,-100,"&#x2798;",55592,0,0,8.99409987048496
"Nissewaard","GM1930",2021-01-22,246,245,234,234,228,172,172,2020-12-01,74,1,12,18,100,"&#x279A;",85302,1.17230545590959,14.0676654709151,21.1014982063727
"Krimpenerwaard","GM1931",2021-01-22,161,159,152,152,146,115,115,2020-12-01,46,2,9,15,50,"&#x279A;",56559,3.53613041248961,15.9125868562033,26.5209780936721
"De Fryske Marren","GM1940",2021-01-22,52,52,50,50,49,33,33,2020-12-01,19,0,2,3,100,"&#x279A;",51735,0,3.86585483715087,5.7987822557263
"Gooise Meren","GM1942",2021-01-22,49,49,47,46,41,24,24,2020-12-01,25,0,2,8,-66.6666666666667,"&#x2798;",58466,0,3.42079157116957,13.6831662846783
"Berg en Dal","GM1945",2021-01-22,99,99,99,99,96,79,79,2020-12-01,20,0,0,3,-100,"&#x2798;",35015,0,0,8.56775667571041
"Meierijstad","GM1948",2021-01-22,335,335,335,334,325,299,299,2020-12-01,36,0,0,10,-100,"&#x2798;",81653,0,0,12.2469474483485
"Waadhoeke","GM1949",2021-01-22,35,34,34,34,34,14,14,2020-12-01,21,1,1,1,100,"&#x279A;",46082,2.17004470292088,2.17004470292088,2.17004470292088
"Westerwolde","GM1950",2021-01-22,37,37,35,33,30,19,19,2020-12-01,18,0,2,7,-60,"&#x2798;",26284,0,7.60919190381981,26.6321716633693
"Midden-Groningen","GM1952",2021-01-22,87,85,84,82,75,42,42,2020-12-01,45,2,3,12,-66.6666666666667,"&#x2798;",60745,3.29245205366697,4.93867808050045,19.7547123220018
"Beekdaelen","GM1954",2021-01-22,92,92,91,90,89,68,68,2020-12-01,24,0,1,3,-50,"&#x2798;",36073,0,2.77215646051063,8.31646938153189
"Montferland","GM1955",2021-01-22,60,58,57,57,54,42,42,2020-12-01,18,2,3,6,0,"-",36062,5.54600410404304,8.31900615606456,16.6380123121291
"Altena","GM1959",2021-01-22,162,162,161,161,156,99,99,2020-12-01,63,0,1,6,-80,"&#x2798;",56308,0,1.77594657952689,10.6556794771613
"West Betuwe","GM1960",2021-01-22,152,152,149,148,146,114,114,2020-12-01,38,0,3,6,0,"-",51489,0,5.82648721086057,11.6529744217211
"Vijfheerenlanden","GM1961",2021-01-22,125,125,122,121,117,90,90,2020-12-01,35,0,3,8,-40,"&#x2798;",57786,0,5.1915688921192,13.8441837123179
"Hoeksche Waard","GM1963",2021-01-22,204,202,198,196,190,150,150,2020-12-01,54,2,6,14,-25,"&#x2798;",87963,2.273683253186,6.821049759558,15.915782772302
"Het Hogeland","GM1966",2021-01-22,31,31,30,30,27,13,13,2020-12-01,18,0,1,4,-66.6666666666667,"&#x2798;",47859,0,2.08947115485071,8.35788461940283
"Westerkwartier","GM1969",2021-01-22,68,68,67,66,63,39,39,2020-12-01,29,0,1,5,-75,"&#x2798;",63603,0,1.5722528811534,7.86126440576702
"Noardeast-Fryslân","GM1970",2021-01-22,56,56,48,48,38,14,14,2020-12-01,42,0,8,18,-20,"&#x2798;",45479,0,17.5905362914752,39.5787066558192
"Molenlanden","GM1978",2021-01-22,85,85,84,84,83,60,60,2020-12-01,25,0,1,2,0,"-",44105,0,2.26731663076749,4.53463326153497
"Eemsdelta","GM1979",2021-01-22,75,74,72,72,66,25,25,2020-12-01,50,1,3,9,-50,"&#x2798;",45606,2.19269394377933,6.57808183133798,19.7342454940139
