"municipality","Municipality_code","date","d0","d1","d7","d8","d14","lowest_since_okt1","lowest_since_okt1_date","current","increase_1d","increase_7d","increase_14d","increase_growth","growth","population","rel_increase_1d","rel_increase_7d","rel_increase_14d"
"Netherlands","",2020-11-18,16772,16668,16136,16064,15534,12805,2020-10-01,3967,104,636,1238,5.64784053156147,"&#x279A;",17443797,0.596200471720692,3.64599519244577,7.09707869221363
"Unknown","",2020-11-18,102,103,95,95,91,74,2020-10-01,28,-1,7,11,75,"&#x279A;",NA,NA,NA,NA
"Appingedam","GM0003",2020-11-18,8,8,8,8,8,3,2020-10-01,5,0,0,0,0,"-",11529,0,0,0
"Delfzijl","GM0010",2020-11-18,9,9,8,8,8,6,2020-10-01,3,0,1,1,100,"&#x279A;",24627,0,4.06058391196654,4.06058391196654
"Groningen","GM0014",2020-11-18,33,33,32,32,32,19,2020-10-01,14,0,1,1,100,"&#x279A;",233266,0,0.428695137739748,0.428695137739748
"Loppersum","GM0024",2020-11-18,1,1,0,0,0,0,2020-10-01,1,0,1,1,100,"&#x279A;",9501,0,10.5252078728555,10.5252078728555
"Almere","GM0034",2020-11-18,175,175,173,173,171,138,2020-10-01,37,0,2,4,0,"-",214133,0,0.933998963261151,1.8679979265223
"Stadskanaal","GM0037",2020-11-18,9,9,9,9,8,2,2020-10-01,7,0,0,1,-100,"&#x2798;",31564,0,0,3.16816626536561
"Veendam","GM0047",2020-11-18,4,4,4,4,4,2,2020-10-01,2,0,0,0,0,"-",27440,0,0,0
"Zeewolde","GM0050",2020-11-18,14,14,13,13,13,12,2020-10-01,2,0,1,1,100,"&#x279A;",22750,0,4.3956043956044,4.3956043956044
"Achtkarspelen","GM0059",2020-11-18,0,0,0,0,0,0,2020-10-01,0,0,0,0,0,"-",27890,0,0,0
"Ameland","GM0060",2020-11-18,0,0,0,0,0,0,2020-10-01,0,0,0,0,0,"-",3766,0,0,0
"Harlingen","GM0072",2020-11-18,5,5,5,5,5,4,2020-10-01,1,0,0,0,0,"-",15827,0,0,0
"Heerenveen","GM0074",2020-11-18,17,17,17,16,16,13,2020-10-01,4,0,0,1,-100,"&#x2798;",50561,0,0,1.9778089832084
"Leeuwarden","GM0080",2020-11-18,47,47,47,47,47,37,2020-10-01,10,0,0,0,0,"-",124338,0,0,0
"Ooststellingwerf","GM0085",2020-11-18,6,6,6,6,5,3,2020-10-01,3,0,0,1,-100,"&#x2798;",25398,0,0,3.93731789904717
"Opsterland","GM0086",2020-11-18,11,9,9,9,8,7,2020-10-01,4,2,2,3,100,"&#x279A;",29777,6.716593343856,6.716593343856,10.074890015784
"Schiermonnikoog","GM0088",2020-11-18,1,1,1,1,1,0,2020-10-01,1,0,0,0,0,"-",940,0,0,0
"Smallingerland","GM0090",2020-11-18,13,13,12,12,12,9,2020-10-01,4,0,1,1,100,"&#x279A;",56109,0,1.78224527259441,1.78224527259441
"Terschelling","GM0093",2020-11-18,1,1,1,1,1,0,2020-10-01,1,0,0,0,0,"-",4893,0,0,0
"Vlieland","GM0096",2020-11-18,0,0,0,0,0,0,2020-10-01,0,0,0,0,0,"-",1208,0,0,0
"Weststellingwerf","GM0098",2020-11-18,5,5,3,3,3,3,2020-10-01,2,0,2,2,200,"&#x279A;",26044,0,7.67931193365075,7.67931193365075
"Assen","GM0106",2020-11-18,17,17,16,15,14,12,2020-10-01,5,0,1,3,-50,"&#x2798;",68890,0,1.45158949049209,4.35476847147627
"Coevorden","GM0109",2020-11-18,20,20,20,19,19,13,2020-10-01,7,0,0,1,-100,"&#x2798;",35274,0,0,2.83494925440835
"Emmen","GM0114",2020-11-18,53,53,52,52,50,23,2020-10-01,30,0,1,3,-50,"&#x2798;",107083,0,0.933855047019602,2.80156514105881
"Hoogeveen","GM0118",2020-11-18,32,32,32,32,30,20,2020-10-01,12,0,0,2,-100,"&#x2798;",55612,0,0,3.59634611234985
"Meppel","GM0119",2020-11-18,13,13,11,11,11,11,2020-10-01,2,0,2,2,200,"&#x279A;",34211,0,5.84607290052907,5.84607290052907
"Almelo","GM0141",2020-11-18,39,39,38,37,35,26,2020-10-01,13,0,1,4,-66.6666666666667,"&#x2798;",73183,0,1.36643756063567,5.46575024254267
"Borne","GM0147",2020-11-18,16,16,16,16,16,14,2020-10-01,2,0,0,0,0,"-",23582,0,0,0
"Dalfsen","GM0148",2020-11-18,18,18,18,18,18,16,2020-10-01,2,0,0,0,0,"-",28921,0,0,0
"Deventer","GM0150",2020-11-18,54,53,53,53,50,48,2020-10-01,6,1,1,4,-66.6666666666667,"&#x2798;",101021,0.989893190524742,0.989893190524742,3.95957276209897
"Enschede","GM0153",2020-11-18,93,93,81,80,73,59,2020-10-01,34,0,12,20,50,"&#x279A;",159857,0,7.50670912127714,12.5111818687952
"Haaksbergen","GM0158",2020-11-18,21,20,19,19,18,15,2020-10-01,6,1,2,3,100,"&#x279A;",24271,4.12014338098966,8.24028676197932,12.360430142969
"Hardenberg","GM0160",2020-11-18,26,26,26,26,25,23,2020-10-01,3,0,0,1,-100,"&#x2798;",61240,0,0,1.63291966035271
"Hellendoorn","GM0163",2020-11-18,15,15,13,13,13,8,2020-10-01,7,0,2,2,200,"&#x279A;",35938,0,5.56513996327008,5.56513996327008
"Hengelo","GM0164",2020-11-18,42,42,42,41,41,26,2020-10-01,16,0,0,1,-100,"&#x2798;",81149,0,0,1.23230107579884
"Kampen","GM0166",2020-11-18,63,63,63,63,61,59,2020-10-01,4,0,0,2,-100,"&#x2798;",54429,0,0,3.67451174925132
"Losser","GM0168",2020-11-18,13,13,13,13,11,10,2020-10-01,3,0,0,2,-100,"&#x2798;",22850,0,0,8.7527352297593
"Noordoostpolder","GM0171",2020-11-18,21,21,20,20,20,17,2020-10-01,4,0,1,1,100,"&#x279A;",47514,0,2.10464284210969,2.10464284210969
"Oldenzaal","GM0173",2020-11-18,22,22,19,19,16,15,2020-10-01,7,0,3,6,0,"-",31771,0,9.44257341600831,18.8851468320166
"Ommen","GM0175",2020-11-18,9,9,9,9,9,9,2020-10-01,0,0,0,0,0,"-",18204,0,0,0
"Raalte","GM0177",2020-11-18,26,26,26,26,26,24,2020-10-01,2,0,0,0,0,"-",37817,0,0,0
"Staphorst","GM0180",2020-11-18,11,11,11,10,9,8,2020-10-01,3,0,0,2,-100,"&#x2798;",17235,0,0,11.6042935886278
"Tubbergen","GM0183",2020-11-18,13,13,13,12,12,12,2020-10-01,1,0,0,1,-100,"&#x2798;",21282,0,0,4.6988065031482
"Urk","GM0184",2020-11-18,28,27,26,26,26,23,2020-10-01,5,1,2,2,200,"&#x279A;",21161,4.72567459004773,9.45134918009546,9.45134918009546
"Wierden","GM0189",2020-11-18,8,8,8,8,8,7,2020-10-01,1,0,0,0,0,"-",24517,0,0,0
"Zwolle","GM0193",2020-11-18,57,57,56,56,55,53,2020-10-01,4,0,1,2,0,"-",129465,0,0.772409531533619,1.54481906306724
"Aalten","GM0197",2020-11-18,14,14,13,13,13,9,2020-10-01,5,0,1,1,100,"&#x279A;",27110,0,3.68867576540022,3.68867576540022
"Apeldoorn","GM0200",2020-11-18,124,124,123,123,121,101,2020-10-01,23,0,1,3,-50,"&#x2798;",164513,0,0.607854698412891,1.82356409523867
"Arnhem","GM0202",2020-11-18,109,109,108,108,102,73,2020-10-01,36,0,1,7,-83.3333333333333,"&#x2798;",162219,0,0.61645060073111,4.31515420511777
"Barneveld","GM0203",2020-11-18,30,30,27,26,25,18,2020-10-01,12,0,3,5,50,"&#x279A;",59777,0,5.01865265904947,8.36442109841578
"Beuningen","GM0209",2020-11-18,22,22,22,22,20,19,2020-10-01,3,0,0,2,-100,"&#x2798;",26169,0,0,7.64263059345027
"Brummen","GM0213",2020-11-18,22,21,21,21,19,18,2020-10-01,4,1,1,3,-50,"&#x2798;",20870,4.79156684235745,4.79156684235745,14.3747005270724
"Buren","GM0214",2020-11-18,24,24,23,23,23,17,2020-10-01,7,0,1,1,100,"&#x279A;",27020,0,3.70096225018505,3.70096225018505
"Culemborg","GM0216",2020-11-18,30,30,29,29,29,24,2020-10-01,6,0,1,1,100,"&#x279A;",29044,0,3.44305192122297,3.44305192122297
"Doesburg","GM0221",2020-11-18,11,11,11,11,11,9,2020-10-01,2,0,0,0,0,"-",11010,0,0,0
"Doetinchem","GM0222",2020-11-18,38,38,36,36,35,27,2020-10-01,11,0,2,3,100,"&#x279A;",58150,0,3.43938091143594,5.15907136715391
"Druten","GM0225",2020-11-18,29,29,29,29,28,25,2020-10-01,4,0,0,1,-100,"&#x2798;",18964,0,0,5.27314912465725
"Duiven","GM0226",2020-11-18,18,18,18,18,17,14,2020-10-01,4,0,0,1,-100,"&#x2798;",25102,0,0,3.98374631503466
"Ede","GM0228",2020-11-18,82,82,78,78,78,58,2020-10-01,24,0,4,4,400,"&#x279A;",118380,0,3.37894914681534,3.37894914681534
"Elburg","GM0230",2020-11-18,30,30,29,29,29,28,2020-10-01,2,0,1,1,100,"&#x279A;",23370,0,4.27899015832264,4.27899015832264
"Epe","GM0232",2020-11-18,54,54,53,53,53,49,2020-10-01,5,0,1,1,100,"&#x279A;",33168,0,3.01495417269658,3.01495417269658
"Ermelo","GM0233",2020-11-18,33,33,33,33,33,33,2020-10-01,0,0,0,0,0,"-",27010,0,0,0
"Harderwijk","GM0243",2020-11-18,51,51,50,50,47,44,2020-10-01,7,0,1,4,-66.6666666666667,"&#x2798;",48701,0,2.05334592718835,8.21338370875341
"Hattem","GM0244",2020-11-18,18,18,18,18,18,18,2020-10-01,0,0,0,0,0,"-",12214,0,0,0
"Heerde","GM0246",2020-11-18,55,55,55,55,55,55,2020-10-01,0,0,0,0,0,"-",18715,0,0,0
"Heumen","GM0252",2020-11-18,19,19,19,19,19,18,2020-10-01,1,0,0,0,0,"-",16562,0,0,0
"Lochem","GM0262",2020-11-18,21,19,19,19,19,16,2020-10-01,5,2,2,2,200,"&#x279A;",33847,5.90894318551127,5.90894318551127,5.90894318551127
"Maasdriel","GM0263",2020-11-18,26,26,26,25,24,15,2020-10-01,11,0,0,2,-100,"&#x2798;",25444,0,0,7.86039930828486
"Nijkerk","GM0267",2020-11-18,32,32,31,31,29,22,2020-10-01,10,0,1,3,-50,"&#x2798;",43507,0,2.29848070425449,6.89544211276346
"Nijmegen","GM0268",2020-11-18,193,191,188,188,181,142,2020-10-01,51,2,5,12,-28.5714285714286,"&#x2798;",177525,1.12660188705816,2.8165047176454,6.75961132234896
"Oldebroek","GM0269",2020-11-18,40,40,40,40,40,40,2020-10-01,0,0,0,0,0,"-",23713,0,0,0
"Putten","GM0273",2020-11-18,12,12,12,12,12,10,2020-10-01,2,0,0,0,0,"-",24337,0,0,0
"Renkum","GM0274",2020-11-18,20,20,19,19,17,14,2020-10-01,6,0,1,3,-50,"&#x2798;",31432,0,3.1814711122423,9.5444133367269
"Rheden","GM0275",2020-11-18,38,38,38,38,35,34,2020-10-01,4,0,0,3,-100,"&#x2798;",43655,0,0,6.87206505554919
"Rozendaal","GM0277",2020-11-18,1,1,1,1,1,1,2020-10-01,0,0,0,0,0,"-",1709,0,0,0
"Scherpenzeel","GM0279",2020-11-18,5,5,5,5,5,4,2020-10-01,1,0,0,0,0,"-",10054,0,0,0
"Tiel","GM0281",2020-11-18,56,55,53,53,48,43,2020-10-01,13,1,3,8,-40,"&#x2798;",41984,2.38185975609756,7.14557926829268,19.0548780487805
"Voorst","GM0285",2020-11-18,18,18,18,18,18,17,2020-10-01,1,0,0,0,0,"-",24717,0,0,0
"Wageningen","GM0289",2020-11-18,28,27,26,26,27,21,2020-10-01,7,1,2,1,200,"&#x279A;",39600,2.52525252525253,5.05050505050505,2.52525252525253
"Westervoort","GM0293",2020-11-18,13,13,12,12,12,12,2020-10-01,1,0,1,1,100,"&#x279A;",15023,0,6.65646009452173,6.65646009452173
"Winterswijk","GM0294",2020-11-18,10,10,9,9,9,7,2020-10-01,3,0,1,1,100,"&#x279A;",28912,0,3.45877144438295,3.45877144438295
"Wijchen","GM0296",2020-11-18,57,57,55,55,55,44,2020-10-01,13,0,2,2,200,"&#x279A;",41213,0,4.85283769684323,4.85283769684323
"Zaltbommel","GM0297",2020-11-18,25,25,25,24,23,21,2020-10-01,4,0,0,2,-100,"&#x2798;",29355,0,0,6.81314937830012
"Zevenaar","GM0299",2020-11-18,60,60,59,59,58,48,2020-10-01,12,0,1,2,0,"-",44058,0,2.26973534885832,4.53947069771665
"Zutphen","GM0301",2020-11-18,38,38,35,35,35,31,2020-10-01,7,0,3,3,300,"&#x279A;",48159,0,6.2293652276833,6.2293652276833
"Nunspeet","GM0302",2020-11-18,63,61,61,61,62,55,2020-10-01,8,2,2,1,200,"&#x279A;",27972,7.15000715000715,7.15000715000715,3.57500357500358
"Dronten","GM0303",2020-11-18,41,40,40,40,40,31,2020-10-01,10,1,1,1,100,"&#x279A;",41837,2.39022874489089,2.39022874489089,2.39022874489089
"Amersfoort","GM0307",2020-11-18,112,112,108,108,102,78,2020-10-01,34,0,4,10,-33.3333333333333,"&#x2798;",157691,0,2.53660640112625,6.34151600281563
"Baarn","GM0308",2020-11-18,20,20,19,18,18,12,2020-10-01,8,0,1,2,0,"-",24864,0,4.02187902187902,8.04375804375804
"De Bilt","GM0310",2020-11-18,37,37,36,36,35,29,2020-10-01,8,0,1,2,0,"-",43328,0,2.30797636632201,4.61595273264402
"Bunnik","GM0312",2020-11-18,13,12,12,12,12,10,2020-10-01,3,1,1,1,100,"&#x279A;",15344,6.51720542231491,6.51720542231491,6.51720542231491
"Bunschoten","GM0313",2020-11-18,22,22,20,20,19,12,2020-10-01,10,0,2,3,100,"&#x279A;",22001,0,9.09049588655061,13.6357438298259
"Eemnes","GM0317",2020-11-18,4,4,4,4,3,2,2020-10-01,2,0,0,1,-100,"&#x2798;",9350,0,0,10.6951871657754
"Houten","GM0321",2020-11-18,40,40,37,37,35,27,2020-10-01,13,0,3,5,50,"&#x279A;",50268,0,5.968011458582,9.94668576430333
"Leusden","GM0327",2020-11-18,15,14,13,12,11,9,2020-10-01,6,1,2,4,0,"-",30486,3.2801941874959,6.5603883749918,13.1207767499836
"Lopik","GM0331",2020-11-18,25,25,25,25,25,20,2020-10-01,5,0,0,0,0,"-",14441,0,0,0
"Montfoort","GM0335",2020-11-18,16,16,16,16,16,15,2020-10-01,1,0,0,0,0,"-",13887,0,0,0
"Renswoude","GM0339",2020-11-18,5,5,5,5,5,5,2020-10-01,0,0,0,0,0,"-",5530,0,0,0
"Rhenen","GM0340",2020-11-18,14,14,14,14,13,11,2020-10-01,3,0,0,1,-100,"&#x2798;",20129,0,0,4.96795667941775
"Soest","GM0342",2020-11-18,40,40,40,40,37,24,2020-10-01,16,0,0,3,-100,"&#x2798;",46883,0,0,6.39890791971504
"Utrecht","GM0344",2020-11-18,417,414,399,396,378,301,2020-10-01,116,3,18,39,-14.2857142857143,"&#x2798;",359374,0.834784931575462,5.00870958945277,10.852204110481
"Veenendaal","GM0345",2020-11-18,65,65,63,63,62,49,2020-10-06,16,0,2,3,100,"&#x279A;",66922,0,2.98855383879741,4.48283075819611
"Woudenberg","GM0351",2020-11-18,11,11,10,10,9,9,2020-10-06,2,0,1,2,0,"-",13579,0,7.36431254142426,14.7286250828485
"Wijk bij Duurstede","GM0352",2020-11-18,14,13,13,13,12,10,2020-10-01,4,1,1,2,0,"-",23910,4.18235048097031,4.18235048097031,8.36470096194061
"IJsselstein","GM0353",2020-11-18,49,49,49,49,46,36,2020-10-01,13,0,0,3,-100,"&#x2798;",33874,0,0,8.85635000295212
"Zeist","GM0355",2020-11-18,47,47,47,47,46,38,2020-10-01,9,0,0,1,-100,"&#x2798;",64914,0,0,1.54049973811504
"Nieuwegein","GM0356",2020-11-18,62,61,61,61,58,46,2020-10-01,16,1,1,4,-66.6666666666667,"&#x2798;",63748,1.56867666436594,1.56867666436594,6.27470665746376
"Aalsmeer","GM0358",2020-11-18,17,16,15,15,13,10,2020-10-01,7,1,2,4,0,"-",31927,3.13214520625176,6.26429041250352,12.528580825007
"Alkmaar","GM0361",2020-11-18,75,75,71,71,69,57,2020-10-01,18,0,4,6,100,"&#x279A;",109782,0,3.64358455848864,5.46537683773296
"Amstelveen","GM0362",2020-11-18,83,83,80,79,78,69,2020-10-01,14,0,3,5,50,"&#x279A;",91061,0,3.29449489902373,5.49082483170622
"Amsterdam","GM0363",2020-11-18,1141,1135,1089,1088,1071,766,2020-10-01,375,6,52,70,188.888888888889,"&#x279A;",872445,0.687722435225143,5.96026110528457,8.02342841096
"Beemster","GM0370",2020-11-18,4,4,4,4,4,4,2020-10-01,0,0,0,0,0,"-",10038,0,0,0
"Bergen (NH.)","GM0373",2020-11-18,23,23,23,23,22,20,2020-10-06,3,0,0,1,-100,"&#x2798;",29745,0,0,3.36190956463271
"Beverwijk","GM0375",2020-11-18,23,23,22,22,21,15,2020-10-01,8,0,1,2,0,"-",41773,0,2.39389079070213,4.78778158140426
"Blaricum","GM0376",2020-11-18,8,8,8,8,8,8,2020-10-01,0,0,0,0,0,"-",11863,0,0,0
"Bloemendaal","GM0377",2020-11-18,10,10,10,10,10,7,2020-10-01,3,0,0,0,0,"-",23568,0,0,0
"Castricum","GM0383",2020-11-18,18,18,18,18,18,15,2020-10-01,3,0,0,0,0,"-",36155,0,0,0
"Diemen","GM0384",2020-11-18,26,26,25,25,25,20,2020-10-01,6,0,1,1,100,"&#x279A;",31312,0,3.19366377107818,3.19366377107818
"Edam-Volendam","GM0385",2020-11-18,50,50,49,49,43,26,2020-10-01,24,0,1,7,-83.3333333333333,"&#x2798;",36220,0,2.76090557702927,19.3263390392049
"Enkhuizen","GM0388",2020-11-18,20,20,20,20,20,18,2020-10-01,2,0,0,0,0,"-",18639,0,0,0
"Haarlem","GM0392",2020-11-18,117,117,116,116,111,75,2020-10-01,42,0,1,6,-80,"&#x2798;",162807,0,0.614224204118987,3.68534522471392
"Haarlemmermeer","GM0394",2020-11-18,110,110,105,105,101,76,2020-10-01,34,0,5,9,25,"&#x279A;",157440,0,3.17581300813008,5.71646341463415
"Heemskerk","GM0396",2020-11-18,36,36,36,36,35,31,2020-10-01,5,0,0,1,-100,"&#x2798;",39266,0,0,2.54673254214842
"Heemstede","GM0397",2020-11-18,17,17,17,17,17,13,2020-10-01,4,0,0,0,0,"-",27459,0,0,0
"Heerhugowaard","GM0398",2020-11-18,33,33,33,32,30,27,2020-10-01,6,0,0,3,-100,"&#x2798;",58139,0,0,5.16004747243675
"Heiloo","GM0399",2020-11-18,13,13,13,13,13,11,2020-10-01,2,0,0,0,0,"-",24121,0,0,0
"Den Helder","GM0400",2020-11-18,19,19,17,17,17,13,2020-10-01,6,0,2,2,200,"&#x279A;",56432,0,3.54408846044797,3.54408846044797
"Hilversum","GM0402",2020-11-18,48,47,47,47,43,37,2020-10-01,11,1,1,5,-75,"&#x2798;",91290,1.09541023113156,1.09541023113156,5.47705115565779
"Hoorn","GM0405",2020-11-18,46,45,43,43,41,36,2020-10-01,10,1,3,5,50,"&#x279A;",73507,1.36041465438666,4.08124396315997,6.80207327193329
"Huizen","GM0406",2020-11-18,34,34,34,33,31,23,2020-10-01,11,0,0,3,-100,"&#x2798;",41139,0,0,7.29235032450959
"Landsmeer","GM0415",2020-11-18,6,6,6,6,5,3,2020-10-01,3,0,0,1,-100,"&#x2798;",11582,0,0,8.63408737696425
"Langedijk","GM0416",2020-11-18,21,21,21,21,21,17,2020-10-01,4,0,0,0,0,"-",28288,0,0,0
"Laren","GM0417",2020-11-18,10,10,10,10,10,8,2020-10-01,2,0,0,0,0,"-",11379,0,0,0
"Medemblik","GM0420",2020-11-18,22,22,22,22,20,19,2020-10-01,3,0,0,2,-100,"&#x2798;",45105,0,0,4.43409821527547
"Oostzaan","GM0431",2020-11-18,13,13,13,13,12,12,2020-10-01,1,0,0,1,-100,"&#x2798;",9667,0,0,10.3444708803145
"Opmeer","GM0432",2020-11-18,3,3,2,1,1,1,2020-10-01,2,0,1,2,0,"-",11987,0,8.34237090181029,16.6847418036206
"Ouder-Amstel","GM0437",2020-11-18,8,8,8,8,8,6,2020-10-01,2,0,0,0,0,"-",14116,0,0,0
"Purmerend","GM0439",2020-11-18,93,93,90,90,89,73,2020-10-01,20,0,3,4,200,"&#x279A;",81768,0,3.66891693572058,4.89188924762743
"Schagen","GM0441",2020-11-18,23,23,23,22,21,19,2020-10-01,4,0,0,2,-100,"&#x2798;",46474,0,0,4.30348151654689
"Texel","GM0448",2020-11-18,6,6,6,6,6,5,2020-10-01,1,0,0,0,0,"-",13637,0,0,0
"Uitgeest","GM0450",2020-11-18,7,7,7,7,7,5,2020-10-01,2,0,0,0,0,"-",13647,0,0,0
"Uithoorn","GM0451",2020-11-18,23,23,22,22,21,18,2020-10-01,5,0,1,2,0,"-",30003,0,3.33300003333,6.66600006666
"Velsen","GM0453",2020-11-18,53,53,51,50,50,34,2020-10-01,19,0,2,3,100,"&#x279A;",68757,0,2.90879474089911,4.36319211134866
"Weesp","GM0457",2020-11-18,11,11,11,11,10,9,2020-10-01,2,0,0,1,-100,"&#x2798;",20425,0,0,4.89596083231334
"Zandvoort","GM0473",2020-11-18,15,15,15,15,15,11,2020-10-01,4,0,0,0,0,"-",17105,0,0,0
"Zaanstad","GM0479",2020-11-18,182,182,179,178,169,133,2020-10-01,49,0,3,13,-70,"&#x2798;",157073,0,1.90993996422046,8.27640651162199
"Alblasserdam","GM0482",2020-11-18,11,11,11,11,11,11,2020-10-01,0,0,0,0,0,"-",20262,0,0,0
"Alphen aan den Rijn","GM0484",2020-11-18,101,100,94,93,90,68,2020-10-01,33,1,7,11,75,"&#x279A;",112473,0.889102273434513,6.22371591404159,9.78012500777965
"Barendrecht","GM0489",2020-11-18,61,60,56,56,52,40,2020-10-01,21,1,5,9,25,"&#x279A;",48657,2.05520274575087,10.2760137287543,18.4968247117578
"Drechterland","GM0498",2020-11-18,7,7,7,7,6,5,2020-10-01,2,0,0,1,-100,"&#x2798;",19801,0,0,5.05024998737438
"Brielle","GM0501",2020-11-18,19,18,18,18,17,12,2020-10-01,7,1,1,2,0,"-",17379,5.7540710052362,5.7540710052362,11.5081420104724
"Capelle aan den IJssel","GM0502",2020-11-18,89,86,81,80,73,58,2020-10-01,31,3,8,16,0,"-",67182,4.46548182548897,11.9079515346373,23.8159030692745
"Delft","GM0503",2020-11-18,58,56,54,54,50,41,2020-10-01,17,2,4,8,0,"-",103688,1.92886351361778,3.85772702723555,7.71545405447111
"Dordrecht","GM0505",2020-11-18,99,99,98,98,97,96,2020-10-01,3,0,1,2,0,"-",119246,0,0.83860255270617,1.67720510541234
"Gorinchem","GM0512",2020-11-18,20,20,20,20,20,19,2020-10-01,1,0,0,0,0,"-",37461,0,0,0
"Gouda","GM0513",2020-11-18,86,85,79,79,76,48,2020-10-01,38,1,7,10,133.333333333333,"&#x279A;",73623,1.35827119242628,9.50789834698396,13.5827119242628
"'s-Gravenhage","GM0518",2020-11-18,727,720,681,679,635,441,2020-10-01,286,7,46,92,0,"-",548165,1.27698776828145,8.39163390584952,16.783267811699
"Hardinxveld-Giessendam","GM0523",2020-11-18,2,2,2,2,2,2,2020-10-01,0,0,0,0,0,"-",18404,0,0,0
"Hellevoetsluis","GM0530",2020-11-18,25,25,21,20,20,16,2020-10-01,9,0,4,5,300,"&#x279A;",40229,0,9.94307589052673,12.4288448631584
"Hendrik-Ido-Ambacht","GM0531",2020-11-18,13,13,13,13,13,12,2020-10-01,1,0,0,0,0,"-",31274,0,0,0
"Stede Broec","GM0532",2020-11-18,20,20,20,20,20,18,2020-10-01,2,0,0,0,0,"-",21745,0,0,0
"Hillegom","GM0534",2020-11-18,9,9,9,9,8,8,2020-10-01,1,0,0,1,-100,"&#x2798;",22230,0,0,4.49842555105713
"Katwijk","GM0537",2020-11-18,54,54,53,52,49,33,2020-10-01,21,0,1,5,-75,"&#x2798;",65988,0,1.51542704734194,7.57713523670971
"Krimpen aan den IJssel","GM0542",2020-11-18,25,25,23,22,18,12,2020-10-01,13,0,2,7,-60,"&#x2798;",29453,0,6.79047974739415,23.7666791158795
"Leiden","GM0546",2020-11-18,75,74,68,67,65,46,2020-10-01,29,1,7,10,133.333333333333,"&#x279A;",123823,0.807604403059205,5.65323082141444,8.07604403059205
"Leiderdorp","GM0547",2020-11-18,28,28,27,27,27,15,2020-10-01,13,0,1,1,100,"&#x279A;",27339,0,3.65777826548155,3.65777826548155
"Lisse","GM0553",2020-11-18,13,13,11,11,11,8,2020-10-01,5,0,2,2,200,"&#x279A;",23000,0,8.69565217391304,8.69565217391304
"Maassluis","GM0556",2020-11-18,39,39,35,35,33,23,2020-10-01,16,0,4,6,100,"&#x279A;",33476,0,11.9488588839766,17.9232883259649
"Nieuwkoop","GM0569",2020-11-18,16,16,16,16,14,9,2020-10-01,7,0,0,2,-100,"&#x2798;",29080,0,0,6.87757909215956
"Noordwijk","GM0575",2020-11-18,38,38,36,36,32,20,2020-10-01,18,0,2,6,-50,"&#x2798;",43864,0,4.55954769286887,13.6786430786066
"Oegstgeest","GM0579",2020-11-18,15,15,14,14,14,8,2020-10-01,7,0,1,1,100,"&#x279A;",25027,0,3.99568466056659,3.99568466056659
"Oudewater","GM0589",2020-11-18,31,31,31,31,30,26,2020-10-01,5,0,0,1,-100,"&#x2798;",10169,0,0,9.83380863408398
"Papendrecht","GM0590",2020-11-18,10,9,9,9,9,9,2020-10-01,1,1,1,1,100,"&#x279A;",32119,3.11342196207852,3.11342196207852,3.11342196207852
"Ridderkerk","GM0597",2020-11-18,50,50,50,50,47,40,2020-10-01,10,0,0,3,-100,"&#x2798;",46638,0,0,6.43252283545607
"Rotterdam","GM0599",2020-11-18,1028,1014,958,944,877,649,2020-10-01,379,14,70,151,-13.5802469135803,"&#x2798;",651524,2.148808025491,10.744040127455,23.1764294177958
"Rijswijk","GM0603",2020-11-18,70,68,62,64,62,43,2020-10-01,27,2,8,8,800,"&#x279A;",55096,3.63002758820967,14.5201103528387,14.5201103528387
"Schiedam","GM0606",2020-11-18,104,104,98,98,81,63,2020-10-01,41,0,6,23,-64.7058823529412,"&#x2798;",79244,0,7.57155115844733,29.0242794407148
"Sliedrecht","GM0610",2020-11-18,11,11,10,10,10,9,2020-10-01,2,0,1,1,100,"&#x279A;",25472,0,3.92587939698492,3.92587939698492
"Albrandswaard","GM0613",2020-11-18,25,25,21,21,19,15,2020-10-01,10,0,4,6,100,"&#x279A;",25853,0,15.4720922136696,23.2081383205044
"Westvoorne","GM0614",2020-11-18,8,8,8,8,7,6,2020-10-01,2,0,0,1,-100,"&#x2798;",14898,0,0,6.71231037723184
"Vlaardingen","GM0622",2020-11-18,82,79,72,70,65,47,2020-10-01,35,3,10,17,42.8571428571429,"&#x279A;",73823,4.06377416252387,13.5459138750796,23.0280535876353
"Voorschoten","GM0626",2020-11-18,12,12,12,12,12,9,2020-10-01,3,0,0,0,0,"-",25603,0,0,0
"Waddinxveen","GM0627",2020-11-18,34,33,31,31,27,19,2020-10-01,15,1,3,7,-25,"&#x2798;",30050,3.32778702163062,9.98336106489185,23.2945091514143
"Wassenaar","GM0629",2020-11-18,15,13,11,11,11,10,2020-10-01,5,2,4,4,400,"&#x279A;",26681,7.49597091563285,14.9919418312657,14.9919418312657
"Woerden","GM0632",2020-11-18,70,70,66,66,65,53,2020-10-01,17,0,4,5,300,"&#x279A;",52644,0,7.59820682318973,9.49775852898716
"Zoetermeer","GM0637",2020-11-18,76,76,74,74,72,59,2020-10-01,17,0,2,4,0,"-",125395,0,1.59495992663184,3.18991985326369
"Zoeterwoude","GM0638",2020-11-18,4,4,4,4,4,3,2020-10-01,1,0,0,0,0,"-",8790,0,0,0
"Zwijndrecht","GM0642",2020-11-18,30,30,30,30,30,27,2020-10-01,3,0,0,0,0,"-",44683,0,0,0
"Borsele","GM0654",2020-11-18,6,6,5,5,5,5,2020-10-01,1,0,1,1,100,"&#x279A;",22773,0,4.39116497606815,4.39116497606815
"Goes","GM0664",2020-11-18,19,19,15,15,15,12,2020-10-01,7,0,4,4,400,"&#x279A;",38539,0,10.3790964996497,10.3790964996497
"West Maas en Waal","GM0668",2020-11-18,24,24,24,24,24,21,2020-10-01,3,0,0,0,0,"-",19490,0,0,0
"Hulst","GM0677",2020-11-18,16,16,14,14,13,9,2020-10-01,7,0,2,3,100,"&#x279A;",27596,0,7.24742716335701,10.8711407450355
"Kapelle","GM0678",2020-11-18,4,4,3,3,3,3,2020-10-01,1,0,1,1,100,"&#x279A;",12847,0,7.78391842453491,7.78391842453491
"Middelburg","GM0687",2020-11-18,24,24,22,22,21,19,2020-10-01,5,0,2,3,100,"&#x279A;",48919,0,4.08839101371655,6.13258652057483
"Reimerswaal","GM0703",2020-11-18,6,6,6,6,6,5,2020-10-01,1,0,0,0,0,"-",22915,0,0,0
"Terneuzen","GM0715",2020-11-18,30,29,28,28,27,25,2020-10-01,5,1,2,3,100,"&#x279A;",54421,1.83752595505411,3.67505191010823,5.51257786516235
"Tholen","GM0716",2020-11-18,48,48,47,47,45,40,2020-10-01,8,0,1,3,-50,"&#x2798;",25962,0,3.85178337570295,11.5553501271089
"Veere","GM0717",2020-11-18,9,9,8,8,8,6,2020-10-01,3,0,1,1,100,"&#x279A;",22002,0,4.54504135987638,4.54504135987638
"Vlissingen","GM0718",2020-11-18,15,15,13,13,12,9,2020-10-01,6,0,2,3,100,"&#x279A;",44245,0,4.52028477794101,6.78042716691152
"De Ronde Venen","GM0736",2020-11-18,62,60,60,60,57,40,2020-10-01,22,2,2,5,-33.3333333333333,"&#x2798;",44619,4.48239539209754,4.48239539209754,11.2059884802438
"Tytsjerksteradiel","GM0737",2020-11-18,8,8,7,7,7,5,2020-10-01,3,0,1,1,100,"&#x279A;",32059,0,3.11924888486852,3.11924888486852
"Asten","GM0743",2020-11-18,20,20,19,19,18,18,2020-10-01,2,0,1,2,0,"-",16746,0,5.97157530156455,11.9431506031291
"Baarle-Nassau","GM0744",2020-11-18,10,10,10,10,9,9,2020-10-01,1,0,0,1,-100,"&#x2798;",6917,0,0,14.4571345959231
"Bergen op Zoom","GM0748",2020-11-18,53,53,53,52,49,30,2020-10-01,23,0,0,4,-100,"&#x2798;",67670,0,0,5.91103886508054
"Best","GM0753",2020-11-18,36,36,35,35,35,31,2020-10-01,5,0,1,1,100,"&#x279A;",30106,0,3.32159702384907,3.32159702384907
"Boekel","GM0755",2020-11-18,36,36,36,36,36,34,2020-10-01,2,0,0,0,0,"-",10912,0,0,0
"Boxmeer","GM0756",2020-11-18,25,25,23,23,23,20,2020-10-01,5,0,2,2,200,"&#x279A;",29549,0,6.76841855900369,6.76841855900369
"Boxtel","GM0757",2020-11-18,27,26,25,25,25,24,2020-10-01,3,1,2,2,200,"&#x279A;",30851,3.24138601666072,6.48277203332145,6.48277203332145
"Breda","GM0758",2020-11-18,197,197,191,191,187,151,2020-10-01,46,0,6,10,50,"&#x279A;",184306,0,3.25545560101136,5.42575933501894
"Deurne","GM0762",2020-11-18,61,61,60,59,59,56,2020-10-01,5,0,1,2,0,"-",32459,0,3.08080963677254,6.16161927354509
"Pekela","GM0765",2020-11-18,7,7,7,7,6,4,2020-10-01,3,0,0,1,-100,"&#x2798;",12155,0,0,8.22706705059646
"Dongen","GM0766",2020-11-18,34,34,31,31,30,20,2020-10-01,14,0,3,4,200,"&#x279A;",26332,0,11.3929819231353,15.1906425641805
"Eersel","GM0770",2020-11-18,35,35,33,33,32,27,2020-10-01,8,0,2,3,100,"&#x279A;",19469,0,10.2727412810108,15.4091119215163
"Eindhoven","GM0772",2020-11-18,226,224,219,216,212,185,2020-10-01,41,2,7,14,0,"-",235465,0.849383135497845,2.97284097424246,5.94568194848491
"Etten-Leur","GM0777",2020-11-18,56,56,53,53,52,43,2020-10-01,13,0,3,4,200,"&#x279A;",43936,0,6.82811361981063,9.10415149308085
"Geertruidenberg","GM0779",2020-11-18,18,17,17,17,17,12,2020-10-01,6,1,1,1,100,"&#x279A;",21749,4.59791254770334,4.59791254770334,4.59791254770334
"Gilze en Rijen","GM0784",2020-11-18,27,27,25,25,25,20,2020-10-01,7,0,2,2,200,"&#x279A;",26800,0,7.46268656716418,7.46268656716418
"Goirle","GM0785",2020-11-18,36,36,36,36,35,32,2020-10-01,4,0,0,1,-100,"&#x2798;",23839,0,0,4.19480682914552
"Grave","GM0786",2020-11-18,28,28,27,27,27,21,2020-10-01,7,0,1,1,100,"&#x279A;",12456,0,8.02825947334618,8.02825947334618
"Haaren","GM0788",2020-11-18,20,20,20,20,20,19,2020-10-01,1,0,0,0,0,"-",14333,0,0,0
"Helmond","GM0794",2020-11-18,135,135,133,131,128,118,2020-10-01,17,0,2,7,-60,"&#x2798;",92475,0,2.16274668829413,7.56961340902947
"'s-Hertogenbosch","GM0796",2020-11-18,157,157,156,156,153,134,2020-10-01,23,0,1,4,-66.6666666666667,"&#x2798;",155586,0,0.642731351149846,2.57092540459939
"Heusden","GM0797",2020-11-18,56,56,53,53,52,45,2020-10-01,11,0,3,4,200,"&#x279A;",44956,0,6.67319156508586,8.89758875344782
"Hilvarenbeek","GM0798",2020-11-18,17,16,16,16,15,10,2020-10-01,7,1,1,2,0,"-",15644,6.39222705190488,6.39222705190488,12.7844541038098
"Loon op Zand","GM0809",2020-11-18,32,32,32,32,30,27,2020-10-01,5,0,0,2,-100,"&#x2798;",23447,0,0,8.5298758903058
"Mill en Sint Hubert","GM0815",2020-11-18,14,14,13,13,12,9,2020-10-01,5,0,1,2,0,"-",10990,0,9.09918107370337,18.1983621474067
"Nuenen, Gerwen en Nederwetten","GM0820",2020-11-18,21,21,20,20,20,18,2020-10-01,3,0,1,1,100,"&#x279A;",23629,0,4.23208768885691,4.23208768885691
"Oirschot","GM0823",2020-11-18,18,17,17,17,17,13,2020-10-01,5,1,1,1,100,"&#x279A;",18836,5.30898279889573,5.30898279889573,5.30898279889573
"Oisterwijk","GM0824",2020-11-18,29,29,29,29,28,24,2020-10-01,5,0,0,1,-100,"&#x2798;",26427,0,0,3.78400877890037
"Oosterhout","GM0826",2020-11-18,54,53,53,53,53,50,2020-10-01,4,1,1,1,100,"&#x279A;",56191,1.77964442704348,1.77964442704348,1.77964442704348
"Oss","GM0828",2020-11-18,189,188,185,185,178,168,2020-10-01,21,1,4,11,-42.8571428571429,"&#x2798;",92356,1.08276668543462,4.33106674173849,11.9104335397808
"Rucphen","GM0840",2020-11-18,19,19,18,18,17,10,2020-10-01,9,0,1,2,0,"-",23043,0,4.33971271101853,8.67942542203706
"Sint-Michielsgestel","GM0845",2020-11-18,39,38,38,38,38,36,2020-10-01,3,1,1,1,100,"&#x279A;",29478,3.39236040436936,3.39236040436936,3.39236040436936
"Someren","GM0847",2020-11-18,35,34,34,34,34,33,2020-10-01,2,1,1,1,100,"&#x279A;",19325,5.17464424320828,5.17464424320828,5.17464424320828
"Son en Breugel","GM0848",2020-11-18,32,32,32,32,32,31,2020-10-01,1,0,0,0,0,"-",17504,0,0,0
"Steenbergen","GM0851",2020-11-18,19,19,18,18,18,13,2020-10-01,6,0,1,1,100,"&#x279A;",24353,0,4.10627027470948,4.10627027470948
"Waterland","GM0852",2020-11-18,24,24,24,23,23,16,2020-10-01,8,0,0,1,-100,"&#x2798;",17374,0,0,5.75572694831357
"Tilburg","GM0855",2020-11-18,299,296,287,286,284,257,2020-10-01,42,3,12,15,300,"&#x279A;",220589,1.35999528534968,5.43998114139871,6.79997642674839
"Uden","GM0856",2020-11-18,117,117,116,116,116,115,2020-10-01,2,0,1,1,100,"&#x279A;",42195,0,2.36994904609551,2.36994904609551
"Valkenswaard","GM0858",2020-11-18,23,23,23,23,23,19,2020-10-01,4,0,0,0,0,"-",31253,0,0,0
"Veldhoven","GM0861",2020-11-18,40,40,40,40,40,31,2020-10-01,9,0,0,0,0,"-",45662,0,0,0
"Vught","GM0865",2020-11-18,44,44,44,44,43,43,2020-10-01,1,0,0,1,-100,"&#x2798;",26794,0,0,3.7321788460103
"Waalre","GM0866",2020-11-18,9,9,8,8,8,7,2020-10-01,2,0,1,1,100,"&#x279A;",17552,0,5.69735642661805,5.69735642661805
"Waalwijk","GM0867",2020-11-18,49,50,49,48,47,39,2020-10-01,10,-1,0,2,-100,"&#x2798;",48895,-2.0451988955926,0,4.09039779118519
"Woensdrecht","GM0873",2020-11-18,10,10,10,10,10,6,2020-10-01,4,0,0,0,0,"-",21936,0,0,0
"Zundert","GM0879",2020-11-18,28,28,27,27,27,24,2020-10-01,4,0,1,1,100,"&#x279A;",22002,0,4.54504135987638,4.54504135987638
"Wormerland","GM0880",2020-11-18,24,24,22,22,22,20,2020-10-01,4,0,2,2,200,"&#x279A;",16245,0,12.3114804555248,12.3114804555248
"Landgraaf","GM0882",2020-11-18,55,55,55,55,55,52,2020-10-01,3,0,0,0,0,"-",37277,0,0,0
"Beek","GM0888",2020-11-18,18,18,18,18,18,16,2020-10-03,2,0,0,0,0,"-",15929,0,0,0
"Beesel","GM0889",2020-11-18,23,23,21,21,20,20,2020-10-01,3,0,2,3,100,"&#x279A;",13431,0,14.8909239818331,22.3363859727496
"Bergen (L.)","GM0893",2020-11-18,12,11,10,10,10,7,2020-10-01,5,1,2,2,200,"&#x279A;",13105,7.63067531476536,15.2613506295307,15.2613506295307
"Brunssum","GM0899",2020-11-18,51,51,50,50,50,46,2020-10-01,5,0,1,1,100,"&#x279A;",27698,0,3.61036897970973,3.61036897970973
"Gennep","GM0907",2020-11-18,18,18,18,18,18,17,2020-10-01,1,0,0,0,0,"-",16962,0,0,0
"Heerlen","GM0917",2020-11-18,136,136,133,132,131,126,2020-10-01,10,0,3,5,50,"&#x279A;",86825,0,3.45522602936942,5.75871004894904
"Kerkrade","GM0928",2020-11-18,75,75,74,74,72,64,2020-10-01,11,0,1,3,-50,"&#x2798;",45513,0,2.19717443367829,6.59152330103487
"Maastricht","GM0935",2020-11-18,207,207,205,204,202,192,2020-10-01,15,0,2,5,-33.3333333333333,"&#x2798;",120332,0,1.66206827776485,4.15517069441213
"Meerssen","GM0938",2020-11-18,23,23,23,23,23,22,2020-10-01,1,0,0,0,0,"-",18717,0,0,0
"Mook en Middelaar","GM0944",2020-11-18,8,8,8,8,8,7,2020-10-01,1,0,0,0,0,"-",7896,0,0,0
"Nederweert","GM0946",2020-11-18,37,37,36,35,34,31,2020-10-01,6,0,1,3,-50,"&#x2798;",17156,0,5.82886453718816,17.4865936115645
"Roermond","GM0957",2020-11-18,66,66,65,65,65,61,2020-10-01,5,0,1,1,100,"&#x279A;",58748,0,1.70218560631851,1.70218560631851
"Simpelveld","GM0965",2020-11-18,20,20,19,19,19,19,2020-10-01,1,0,1,1,100,"&#x279A;",10517,0,9.5084149472283,9.5084149472283
"Stein","GM0971",2020-11-18,49,49,49,49,49,44,2020-10-01,5,0,0,0,0,"-",24904,0,0,0
"Vaals","GM0981",2020-11-18,10,10,10,10,10,10,2020-10-01,0,0,0,0,0,"-",10017,0,0,0
"Venlo","GM0983",2020-11-18,149,149,148,147,147,134,2020-10-01,15,0,1,2,0,"-",101928,0,0.981084687230202,1.9621693744604
"Venray","GM0984",2020-11-18,43,43,43,43,42,37,2020-10-01,6,0,0,1,-100,"&#x2798;",43715,0,0,2.28754432117122
"Voerendaal","GM0986",2020-11-18,18,18,18,18,18,17,2020-10-01,1,0,0,0,0,"-",12485,0,0,0
"Weert","GM0988",2020-11-18,82,81,76,75,73,67,2020-10-01,15,1,6,9,100,"&#x279A;",50053,1.99788224482049,11.9872934689229,17.9809402033844
"Valkenburg aan de Geul","GM0994",2020-11-18,23,23,23,23,22,19,2020-10-01,4,0,0,1,-100,"&#x2798;",16415,0,0,6.09198903441974
"Lelystad","GM0995",2020-11-18,95,94,90,90,86,69,2020-10-01,26,1,5,9,25,"&#x279A;",79573,1.2567076772272,6.283538386136,11.3103690950448
"Horst aan de Maas","GM1507",2020-11-18,47,47,47,47,47,41,2020-10-01,6,0,0,0,0,"-",42439,0,0,0
"Oude IJsselstreek","GM1509",2020-11-18,25,25,25,25,25,21,2020-10-01,4,0,0,0,0,"-",39336,0,0,0
"Teylingen","GM1525",2020-11-18,21,21,20,19,19,15,2020-10-01,6,0,1,2,0,"-",37699,0,2.65259025438341,5.30518050876681
"Utrechtse Heuvelrug","GM1581",2020-11-18,33,33,33,33,33,29,2020-10-01,4,0,0,0,0,"-",49928,0,0,0
"Oost Gelre","GM1586",2020-11-18,22,22,21,21,21,18,2020-10-01,4,0,1,1,100,"&#x279A;",29638,0,3.37404683177003,3.37404683177003
"Koggenland","GM1598",2020-11-18,12,12,11,11,9,7,2020-10-01,5,0,1,3,-50,"&#x2798;",22915,0,4.36395374209033,13.091861226271
"Lansingerland","GM1621",2020-11-18,57,57,55,55,52,44,2020-10-01,13,0,2,5,-33.3333333333333,"&#x2798;",63143,0,3.16741364838541,7.91853412096353
"Leudal","GM1640",2020-11-18,57,57,55,55,54,54,2020-10-01,3,0,2,3,100,"&#x279A;",35979,0,5.55879818783179,8.33819728174769
"Maasgouw","GM1641",2020-11-18,28,28,28,28,28,28,2020-10-01,0,0,0,0,0,"-",23938,0,0,0
"Gemert-Bakel","GM1652",2020-11-18,80,80,80,80,79,79,2020-10-01,1,0,0,1,-100,"&#x2798;",30724,0,0,3.2547845332639
"Halderberge","GM1655",2020-11-18,30,30,29,29,28,16,2020-10-01,14,0,1,2,0,"-",30419,0,3.28741904730596,6.57483809461192
"Heeze-Leende","GM1658",2020-11-18,18,18,18,18,18,16,2020-10-01,2,0,0,0,0,"-",16191,0,0,0
"Laarbeek","GM1659",2020-11-18,42,42,42,42,42,41,2020-10-01,1,0,0,0,0,"-",22731,0,0,0
"Reusel-De Mierden","GM1667",2020-11-18,15,15,15,15,15,11,2020-10-01,4,0,0,0,0,"-",13114,0,0,0
"Roerdalen","GM1669",2020-11-18,28,28,28,28,27,27,2020-10-01,1,0,0,1,-100,"&#x2798;",20557,0,0,4.86452303351656
"Roosendaal","GM1674",2020-11-18,53,53,49,49,48,34,2020-10-01,19,0,4,5,300,"&#x279A;",77288,0,5.17544767622399,6.46930959527999
"Schouwen-Duiveland","GM1676",2020-11-18,15,15,13,13,13,12,2020-10-01,3,0,2,2,200,"&#x279A;",33979,0,5.88598840460284,5.88598840460284
"Aa en Hunze","GM1680",2020-11-18,1,1,1,1,1,1,2020-10-01,0,0,0,0,0,"-",25380,0,0,0
"Borger-Odoorn","GM1681",2020-11-18,8,8,8,8,8,4,2020-10-01,4,0,0,0,0,"-",25572,0,0,0
"Cuijk","GM1684",2020-11-18,19,19,19,18,18,12,2020-10-01,7,0,0,1,-100,"&#x2798;",25325,0,0,3.94866732477789
"Landerd","GM1685",2020-11-18,42,42,42,42,42,41,2020-10-01,1,0,0,0,0,"-",15807,0,0,0
"De Wolden","GM1690",2020-11-18,16,16,16,16,16,11,2020-10-01,5,0,0,0,0,"-",24372,0,0,0
"Noord-Beveland","GM1695",2020-11-18,1,1,1,1,1,1,2020-10-01,0,0,0,0,0,"-",7552,0,0,0
"Wijdemeren","GM1696",2020-11-18,14,14,14,14,14,8,2020-10-01,6,0,0,0,0,"-",24414,0,0,0
"Noordenveld","GM1699",2020-11-18,7,7,7,7,6,4,2020-10-01,3,0,0,1,-100,"&#x2798;",31256,0,0,3.19938571794215
"Twenterand","GM1700",2020-11-18,14,14,13,13,12,12,2020-10-01,2,0,1,2,0,"-",33710,0,2.96647878967665,5.93295757935331
"Westerveld","GM1701",2020-11-18,10,9,9,9,9,9,2020-10-01,1,1,1,1,100,"&#x279A;",19585,5.10594842992086,5.10594842992086,5.10594842992086
"Sint Anthonis","GM1702",2020-11-18,21,21,21,21,21,20,2020-10-01,1,0,0,0,0,"-",11683,0,0,0
"Lingewaard","GM1705",2020-11-18,43,42,42,42,38,34,2020-10-01,9,1,1,5,-75,"&#x2798;",46726,2.14013611265676,2.14013611265676,10.7006805632838
"Cranendonck","GM1706",2020-11-18,65,65,65,65,63,63,2020-10-01,2,0,0,2,-100,"&#x2798;",20983,0,0,9.53152552065958
"Steenwijkerland","GM1708",2020-11-18,18,18,16,16,16,14,2020-10-01,4,0,2,2,200,"&#x279A;",44286,0,4.5160998961297,4.5160998961297
"Moerdijk","GM1709",2020-11-18,24,24,24,24,22,16,2020-10-01,8,0,0,2,-100,"&#x2798;",37203,0,0,5.37591054484853
"Echt-Susteren","GM1711",2020-11-18,44,44,43,43,43,40,2020-10-01,4,0,1,1,100,"&#x279A;",31743,0,3.15030085373153,3.15030085373153
"Sluis","GM1714",2020-11-18,15,15,13,13,10,9,2020-10-01,6,0,2,5,-33.3333333333333,"&#x2798;",23166,0,8.6333419666753,21.5833549166883
"Drimmelen","GM1719",2020-11-18,24,23,22,22,21,19,2020-10-01,5,1,2,3,100,"&#x279A;",27285,3.66501740883269,7.33003481766538,10.9950522264981
"Bernheze","GM1721",2020-11-18,101,100,98,98,98,95,2020-10-01,6,1,3,3,300,"&#x279A;",31402,3.18451054072989,9.55353162218967,9.55353162218967
"Alphen-Chaam","GM1723",2020-11-18,18,18,18,18,18,18,2020-10-01,0,0,0,0,0,"-",10322,0,0,0
"Bergeijk","GM1724",2020-11-18,20,20,20,20,20,19,2020-10-01,1,0,0,0,0,"-",18712,0,0,0
"Bladel","GM1728",2020-11-18,24,24,24,24,23,21,2020-10-01,3,0,0,1,-100,"&#x2798;",20558,0,0,4.86428640918377
"Gulpen-Wittem","GM1729",2020-11-18,26,26,26,26,26,22,2020-10-01,4,0,0,0,0,"-",14205,0,0,0
"Tynaarlo","GM1730",2020-11-18,12,12,11,11,11,9,2020-10-01,3,0,1,1,100,"&#x279A;",33858,0,2.95351172544155,2.95351172544155
"Midden-Drenthe","GM1731",2020-11-18,7,7,6,6,6,6,2020-10-01,1,0,1,1,100,"&#x279A;",33309,0,3.0021915998679,3.0021915998679
"Overbetuwe","GM1734",2020-11-18,62,62,63,63,62,56,2020-10-01,6,0,-1,0,-200,"&#x2798;",48085,0,-2.07965061869606,0
"Hof van Twente","GM1735",2020-11-18,21,21,21,21,20,15,2020-10-01,6,0,0,1,-100,"&#x2798;",35063,0,0,2.85200924050994
"Neder-Betuwe","GM1740",2020-11-18,44,44,44,44,44,37,2020-10-01,7,0,0,0,0,"-",24560,0,0,0
"Rijssen-Holten","GM1742",2020-11-18,31,31,30,30,30,29,2020-10-01,2,0,1,1,100,"&#x279A;",38202,0,2.61766399664939,2.61766399664939
"Geldrop-Mierlo","GM1771",2020-11-18,42,41,38,38,37,33,2020-10-01,9,1,4,5,300,"&#x279A;",40040,2.4975024975025,9.99000999000999,12.4875124875125
"Olst-Wijhe","GM1773",2020-11-18,12,12,12,12,12,12,2020-10-01,0,0,0,0,0,"-",18335,0,0,0
"Dinkelland","GM1774",2020-11-18,23,23,23,22,21,20,2020-10-01,3,0,0,2,-100,"&#x2798;",26565,0,0,7.52870318087709
"Westland","GM1783",2020-11-18,89,88,83,81,75,61,2020-10-01,28,1,6,14,-25,"&#x2798;",111307,0.898416092429048,5.39049655457429,12.5778252940067
"Midden-Delfland","GM1842",2020-11-18,11,11,9,9,8,5,2020-10-01,6,0,2,3,100,"&#x279A;",19389,0,10.3151271339419,15.4726907009129
"Berkelland","GM1859",2020-11-18,24,24,22,22,20,14,2020-10-01,10,0,2,4,0,"-",43834,0,4.56266824839166,9.12533649678332
"Bronckhorst","GM1876",2020-11-18,19,19,19,19,19,17,2020-10-01,2,0,0,0,0,"-",36106,0,0,0
"Sittard-Geleen","GM1883",2020-11-18,132,132,130,130,129,119,2020-10-01,13,0,2,3,100,"&#x279A;",91816,0,2.17826958264355,3.26740437396532
"Kaag en Braassem","GM1884",2020-11-18,10,10,9,9,9,8,2020-10-01,2,0,1,1,100,"&#x279A;",27555,0,3.62910542551261,3.62910542551261
"Dantumadiel","GM1891",2020-11-18,2,2,2,2,2,2,2020-10-01,0,0,0,0,0,"-",18920,0,0,0
"Zuidplas","GM1892",2020-11-18,41,40,38,38,34,26,2020-10-01,15,1,3,7,-25,"&#x2798;",44938,2.22528817481864,6.67586452445592,15.5770172237305
"Peel en Maas","GM1894",2020-11-18,147,147,146,146,146,144,2020-10-01,3,0,1,1,100,"&#x279A;",43644,0,2.29126569517001,2.29126569517001
"Oldambt","GM1895",2020-11-18,11,11,11,11,10,7,2020-10-01,4,0,0,1,-100,"&#x2798;",38258,0,0,2.61383240106644
"Zwartewaterland","GM1896",2020-11-18,36,36,36,35,35,35,2020-10-01,1,0,0,1,-100,"&#x2798;",22770,0,0,4.3917435221783
"Súdwest-Fryslân","GM1900",2020-11-18,24,23,23,23,22,19,2020-10-01,5,1,1,2,0,"-",89924,1.11205017570393,1.11205017570393,2.22410035140786
"Bodegraven-Reeuwijk","GM1901",2020-11-18,23,23,18,17,16,8,2020-10-01,15,0,5,7,150,"&#x279A;",35205,0,14.2025280499929,19.8835392699901
"Eijsden-Margraten","GM1903",2020-11-18,61,60,60,60,59,54,2020-10-01,7,1,1,2,0,"-",25869,3.86563067764506,3.86563067764506,7.73126135529012
"Stichtse Vecht","GM1904",2020-11-18,61,60,58,58,53,39,2020-10-01,22,1,3,8,-40,"&#x2798;",65209,1.53353064760999,4.60059194282998,12.2682451808799
"Hollands Kroon","GM1911",2020-11-18,31,31,30,30,27,26,2020-10-01,5,0,1,4,-66.6666666666667,"&#x2798;",48518,0,2.0610907292139,8.2443629168556
"Leidschendam-Voorburg","GM1916",2020-11-18,52,52,48,48,42,31,2020-10-01,21,0,4,10,-33.3333333333333,"&#x2798;",76468,0,5.23094627818172,13.0773656954543
"Goeree-Overflakkee","GM1924",2020-11-18,70,70,66,65,63,56,2020-10-01,14,0,4,7,33.3333333333333,"&#x279A;",50454,0,7.92801363618345,13.874023863321
"Pijnacker-Nootdorp","GM1926",2020-11-18,37,36,34,34,33,30,2020-10-01,7,1,3,4,200,"&#x279A;",55441,1.80371926913295,5.41115780739886,7.21487707653181
"Nissewaard","GM1930",2020-11-18,86,86,82,81,79,59,2020-10-01,27,0,4,7,33.3333333333333,"&#x279A;",85315,0,4.68850729648948,8.20488776885659
"Krimpenerwaard","GM1931",2020-11-18,67,65,64,64,60,47,2020-10-01,20,2,3,7,-25,"&#x2798;",56427,3.54440250234817,5.31660375352225,12.4054087582186
"De Fryske Marren","GM1940",2020-11-18,25,24,24,24,24,17,2020-10-01,8,1,1,1,100,"&#x279A;",51662,1.93565870465719,1.93565870465719,1.93565870465719
"Gooise Meren","GM1942",2020-11-18,33,33,33,33,29,25,2020-10-01,8,0,0,4,-100,"&#x2798;",58378,0,0,6.85189626229059
"Berg en Dal","GM1945",2020-11-18,42,42,42,42,42,31,2020-10-01,11,0,0,0,0,"-",34987,0,0,0
"Meierijstad","GM1948",2020-11-18,223,223,220,220,219,211,2020-10-01,12,0,3,4,200,"&#x279A;",81579,0,3.67741698231162,4.90322264308217
"Waadhoeke","GM1949",2020-11-18,16,16,15,15,15,13,2020-10-01,3,0,1,1,100,"&#x279A;",46115,0,2.1684918139434,2.1684918139434
"Westerwolde","GM1950",2020-11-18,12,12,12,12,12,5,2020-10-01,7,0,0,0,0,"-",25595,0,0,0
"Midden-Groningen","GM1952",2020-11-18,14,14,11,10,10,7,2020-10-01,7,0,3,4,200,"&#x279A;",60723,0,4.94046736821303,6.58728982428404
"Beekdaelen","GM1954",2020-11-18,53,53,53,52,52,52,2020-10-01,1,0,0,1,-100,"&#x2798;",36038,0,0,2.77484877074199
"Montferland","GM1955",2020-11-18,26,26,26,26,25,22,2020-10-01,4,0,0,1,-100,"&#x2798;",36043,0,0,2.77446383486391
"Altena","GM1959",2020-11-18,43,43,42,42,40,33,2020-10-01,10,0,1,3,-50,"&#x2798;",56278,0,1.77689327978962,5.33067983936885
"West Betuwe","GM1960",2020-11-18,61,61,58,58,57,44,2020-10-01,17,0,3,4,200,"&#x279A;",51431,0,5.83305788337773,7.77741051117031
"Vijfheerenlanden","GM1961",2020-11-18,56,54,52,52,49,38,2020-10-01,18,2,4,7,33.3333333333333,"&#x279A;",57665,3.46830833261077,6.93661666522154,12.1390791641377
"Hoeksche Waard","GM1963",2020-11-18,84,84,85,85,85,80,2020-10-01,4,0,-1,-1,-100,"&#x2798;",87781,0,-1.13919868764311,-1.13919868764311
"Het Hogeland","GM1966",2020-11-18,9,9,9,9,7,7,2020-10-01,2,0,0,2,-100,"&#x2798;",47821,0,0,4.18226302252149
"Westerkwartier","GM1969",2020-11-18,20,20,20,20,19,14,2020-10-01,6,0,0,1,-100,"&#x2798;",63533,0,0,1.57398517305967
"Noardeast-Fryslân","GM1970",2020-11-18,9,9,9,9,8,7,2020-10-01,2,0,0,1,-100,"&#x2798;",45479,0,0,2.1988170364344
"Molenlanden","GM1978",2020-11-18,20,20,20,20,20,20,2020-10-01,0,0,0,0,0,"-",44042,0,0,0
