"municipality","Municipality_code","date","d0","d1","d7","d8","d14","lowest_since_okt1","lowest_since_okt1_date","current","increase_1d","increase_7d","increase_14d","increase_growth","growth","population","rel_increase_1d","rel_increase_7d","rel_increase_14d"
"Netherlands","",2020-10-26,14630,14553,13936,13852,13359,12805,2020-10-01,1825,77,694,1271,20.2772963604853,"&#x279A;",17443797,0.441417656947051,3.97849160936693,7.28625768804808
"Unknown","",2020-10-26,85,84,82,81,80,74,2020-10-01,11,1,3,5,50,"&#x279A;",NA,NA,NA,NA
"Appingedam","GM0003",2020-10-26,7,7,7,7,5,3,2020-10-01,4,0,0,2,-100,"&#x2798;",11523,0,0,17.3565911654951
"Delfzijl","GM0010",2020-10-26,7,7,7,7,6,6,2020-10-01,1,0,0,1,-100,"&#x2798;",24609,0,0,4.06355398431468
"Groningen","GM0014",2020-10-26,32,32,26,26,24,19,2020-10-01,13,0,6,8,200,"&#x279A;&#x279A;",231112,0,2.59614386098515,3.4615251479802
"Loppersum","GM0024",2020-10-26,0,0,0,0,0,0,2020-10-01,0,0,0,0,0,"-",9477,0,0,0
"Almere","GM0034",2020-10-26,165,165,159,157,146,138,2020-10-01,27,0,6,19,-53.8461538461538,"&#x2798;",213660,0,2.808199943836,8.89263315548067
"Stadskanaal","GM0037",2020-10-26,7,6,3,3,2,2,2020-10-01,5,1,4,5,300,"&#x279A;&#x279A;",31581,3.16646084671163,12.6658433868465,15.8323042335582
"Veendam","GM0047",2020-10-26,2,2,2,2,2,2,2020-10-01,0,0,0,0,0,"-",27430,0,0,0
"Zeewolde","GM0050",2020-10-26,13,13,13,13,12,12,2020-10-01,1,0,0,1,-100,"&#x2798;",22680,0,0,4.40917107583774
"Achtkarspelen","GM0059",2020-10-26,0,0,0,0,0,0,2020-10-01,0,0,0,0,0,"-",27873,0,0,0
"Ameland","GM0060",2020-10-26,0,0,0,0,0,0,2020-10-01,0,0,0,0,0,"-",3752,0,0,0
"Harlingen","GM0072",2020-10-26,4,4,4,4,4,4,2020-10-01,0,0,0,0,0,"-",15793,0,0,0
"Heerenveen","GM0074",2020-10-26,16,16,16,16,15,13,2020-10-01,3,0,0,1,-100,"&#x2798;",50456,0,0,1.98192484540986
"Leeuwarden","GM0080",2020-10-26,45,45,44,43,42,37,2020-10-01,8,0,1,3,-50,"&#x2798;",123625,0,0.808897876643074,2.42669362992922
"Ooststellingwerf","GM0085",2020-10-26,5,5,5,5,3,3,2020-10-01,2,0,0,2,-100,"&#x2798;",25366,0,0,7.88456989671213
"Opsterland","GM0086",2020-10-26,8,8,8,8,8,7,2020-10-01,1,0,0,0,0,"-",29743,0,0,0
"Schiermonnikoog","GM0088",2020-10-26,1,1,1,0,0,0,2020-10-01,1,0,0,1,-100,"&#x2798;",953,0,0,104.931794333683
"Smallingerland","GM0090",2020-10-26,12,12,12,10,9,9,2020-10-01,3,0,0,3,-100,"&#x2798;",56181,0,0,5.33988359053773
"Terschelling","GM0093",2020-10-26,1,1,1,1,0,0,2020-10-01,1,0,0,1,-100,"&#x2798;",4807,0,0,20.8029956313709
"Vlieland","GM0096",2020-10-26,0,0,0,0,0,0,2020-10-01,0,0,0,0,0,"-",1190,0,0,0
"Weststellingwerf","GM0098",2020-10-26,3,3,3,3,3,3,2020-10-01,0,0,0,0,0,"-",26018,0,0,0
"Assen","GM0106",2020-10-26,14,14,13,13,12,12,2020-10-01,2,0,1,2,0,"-",68798,0,1.45353062589029,2.90706125178058
"Coevorden","GM0109",2020-10-26,14,14,14,14,14,13,2020-10-01,1,0,0,0,0,"-",35303,0,0,0
"Emmen","GM0114",2020-10-26,46,46,42,41,35,23,2020-10-01,23,0,4,11,-42.8571428571429,"&#x2798;",107078,0,3.73559461327257,10.2728851864996
"Hoogeveen","GM0118",2020-10-26,27,27,26,26,24,20,2020-10-01,7,0,1,3,-50,"&#x2798;",55566,0,1.79966166360724,5.39898499082173
"Meppel","GM0119",2020-10-26,11,11,11,11,11,11,2020-10-01,0,0,0,0,0,"-",34125,0,0,0
"Almelo","GM0141",2020-10-26,32,32,31,31,30,26,2020-10-01,6,0,1,2,0,"-",73175,0,1.36658694909464,2.73317389818927
"Borne","GM0147",2020-10-26,16,15,15,15,15,14,2020-10-01,2,1,1,1,100,"&#x279A;",23489,4.25731193324535,4.25731193324535,4.25731193324535
"Dalfsen","GM0148",2020-10-26,17,17,17,17,16,16,2020-10-01,1,0,0,1,-100,"&#x2798;",28837,0,0,3.46776710476124
"Deventer","GM0150",2020-10-26,50,50,50,50,49,48,2020-10-01,2,0,0,1,-100,"&#x2798;",100913,0,0,0.990952602737011
"Enschede","GM0153",2020-10-26,68,68,64,64,60,59,2020-10-01,9,0,4,8,0,"-",158918,0,2.51702135692621,5.03404271385243
"Haaksbergen","GM0158",2020-10-26,17,17,16,16,15,15,2020-10-01,2,0,1,2,0,"-",24275,0,4.11946446961895,8.2389289392379
"Hardenberg","GM0160",2020-10-26,24,24,23,23,23,23,2020-10-01,1,0,1,1,100,"&#x279A;",61194,0,1.63414713860836,1.63414713860836
"Hellendoorn","GM0163",2020-10-26,13,13,13,13,9,8,2020-10-01,5,0,0,4,-100,"&#x2798;",35959,0,0,11.1237798603966
"Hengelo","GM0164",2020-10-26,39,38,37,36,34,26,2020-10-01,13,1,2,5,-33.3333333333333,"&#x2798;",81047,1.23385196244155,2.46770392488309,6.16925981220773
"Kampen","GM0166",2020-10-26,60,60,60,60,60,59,2020-10-01,1,0,0,0,0,"-",54409,0,0,0
"Losser","GM0168",2020-10-26,11,11,11,11,11,10,2020-10-01,1,0,0,0,0,"-",22780,0,0,0
"Noordoostpolder","GM0171",2020-10-26,19,19,17,17,17,17,2020-10-01,2,0,2,2,200,"&#x279A;&#x279A;",47618,0,4.20009240203284,4.20009240203284
"Oldenzaal","GM0173",2020-10-26,16,16,18,17,15,15,2020-10-01,1,0,-2,1,-166.666666666667,"&#x2798;",31792,0,-6.29089079013588,3.14544539506794
"Ommen","GM0175",2020-10-26,9,9,9,9,9,9,2020-10-01,0,0,0,0,0,"-",18179,0,0,0
"Raalte","GM0177",2020-10-26,25,25,25,25,24,24,2020-10-01,1,0,0,1,-100,"&#x2798;",37782,0,0,2.64676300884019
"Staphorst","GM0180",2020-10-26,8,8,8,8,8,8,2020-10-01,0,0,0,0,0,"-",17217,0,0,0
"Tubbergen","GM0183",2020-10-26,12,12,12,12,12,12,2020-10-01,0,0,0,0,0,"-",21271,0,0,0
"Urk","GM0184",2020-10-26,23,23,23,23,23,23,2020-10-01,0,0,0,0,0,"-",21135,0,0,0
"Wierden","GM0189",2020-10-26,7,7,7,7,7,7,2020-10-01,0,0,0,0,0,"-",24474,0,0,0
"Zwolle","GM0193",2020-10-26,54,54,54,53,53,53,2020-10-01,1,0,0,1,-100,"&#x2798;",129213,0,0,0.773915937250896
"Aalten","GM0197",2020-10-26,13,13,13,13,11,9,2020-10-01,4,0,0,2,-100,"&#x2798;",27116,0,0,7.37571913261543
"Apeldoorn","GM0200",2020-10-26,113,113,109,109,106,101,2020-10-01,12,0,4,7,33.3333333333333,"&#x279A;",164140,0,2.43694407213354,4.2646521262337
"Arnhem","GM0202",2020-10-26,88,86,81,81,76,73,2020-10-01,15,2,7,12,40,"&#x279A;",161961,1.23486518359358,4.32202814257753,7.40919110156149
"Barneveld","GM0203",2020-10-26,24,24,23,23,20,18,2020-10-01,6,0,1,4,-66.6666666666667,"&#x2798;",59676,0,1.67571553053154,6.70286212212615
"Beuningen","GM0209",2020-10-26,20,20,20,20,20,19,2020-10-01,1,0,0,0,0,"-",26054,0,0,0
"Brummen","GM0213",2020-10-26,19,19,18,18,18,18,2020-10-01,1,0,1,1,100,"&#x279A;",20838,0,4.79892504079086,4.79892504079086
"Buren","GM0214",2020-10-26,23,23,23,23,19,17,2020-10-01,6,0,0,4,-100,"&#x2798;",27021,0,0,14.8033011361534
"Culemborg","GM0216",2020-10-26,27,26,24,24,24,24,2020-10-01,3,1,3,3,300,"&#x279A;&#x279A;",29020,3.44589937973811,10.3376981392143,10.3376981392143
"Doesburg","GM0221",2020-10-26,11,11,10,10,10,9,2020-10-01,2,0,1,1,100,"&#x279A;",11028,0,9.06782734856728,9.06782734856728
"Doetinchem","GM0222",2020-10-26,32,31,30,29,28,27,2020-10-01,5,1,2,4,0,"-",58104,1.72105190692551,3.44210381385103,6.88420762770205
"Druten","GM0225",2020-10-26,28,28,25,25,25,25,2020-10-01,3,0,3,3,300,"&#x279A;&#x279A;",18973,0,15.8119432878301,15.8119432878301
"Duiven","GM0226",2020-10-26,16,16,16,16,15,14,2020-10-01,2,0,0,1,-100,"&#x2798;",25062,0,0,3.99010454073897
"Ede","GM0228",2020-10-26,72,72,69,68,63,58,2020-10-01,14,0,3,9,-50,"&#x2798;",117966,0,2.54310564060831,7.62931692182493
"Elburg","GM0230",2020-10-26,28,28,28,28,28,28,2020-10-01,0,0,0,0,0,"-",23343,0,0,0
"Epe","GM0232",2020-10-26,52,52,51,51,51,49,2020-10-01,3,0,1,1,100,"&#x279A;",33171,0,3.01468149889964,3.01468149889964
"Ermelo","GM0233",2020-10-26,33,33,33,33,33,33,2020-10-01,0,0,0,0,0,"-",26991,0,0,0
"Harderwijk","GM0243",2020-10-26,47,47,46,46,44,44,2020-10-01,3,0,1,3,-50,"&#x2798;",48623,0,2.0566398617938,6.1699195853814
"Hattem","GM0244",2020-10-26,18,18,18,18,18,18,2020-10-01,0,0,0,0,0,"-",12241,0,0,0
"Heerde","GM0246",2020-10-26,55,55,55,55,55,55,2020-10-01,0,0,0,0,0,"-",18645,0,0,0
"Heumen","GM0252",2020-10-26,19,19,19,19,19,18,2020-10-01,1,0,0,0,0,"-",16589,0,0,0
"Lochem","GM0262",2020-10-26,17,17,16,16,16,16,2020-10-01,1,0,1,1,100,"&#x279A;",33847,0,2.95447159275564,2.95447159275564
"Maasdriel","GM0263",2020-10-26,17,17,16,16,16,15,2020-10-01,2,0,1,1,100,"&#x279A;",25434,0,3.93174490839034,3.93174490839034
"Nijkerk","GM0267",2020-10-26,26,26,25,25,22,22,2020-10-01,4,0,1,4,-66.6666666666667,"&#x2798;",43417,0,2.30324527258908,9.21298109035631
"Nijmegen","GM0268",2020-10-26,172,172,163,158,155,142,2020-10-01,30,0,9,17,12.5,"&#x279A;",176669,0,5.09427233979929,9.62251441962087
"Oldebroek","GM0269",2020-10-26,40,40,40,40,40,40,2020-10-01,0,0,0,0,0,"-",23670,0,0,0
"Putten","GM0273",2020-10-26,11,11,11,11,10,10,2020-10-01,1,0,0,1,-100,"&#x2798;",24220,0,0,4.12881915772089
"Renkum","GM0274",2020-10-26,17,17,14,14,14,14,2020-10-01,3,0,3,3,300,"&#x279A;&#x279A;",31401,0,9.55383586509984,9.55383586509984
"Rheden","GM0275",2020-10-26,35,35,35,35,34,34,2020-10-01,1,0,0,1,-100,"&#x2798;",43565,0,0,2.29542063583152
"Rozendaal","GM0277",2020-10-26,1,1,1,1,1,1,2020-10-01,0,0,0,0,0,"-",1697,0,0,0
"Scherpenzeel","GM0279",2020-10-26,5,5,5,5,5,4,2020-10-01,1,0,0,0,0,"-",10000,0,0,0
"Tiel","GM0281",2020-10-26,48,48,45,45,44,43,2020-10-01,5,0,3,4,200,"&#x279A;&#x279A;",41962,0,7.14932558028693,9.53243410704924
"Voorst","GM0285",2020-10-26,18,18,17,17,17,17,2020-10-01,1,0,1,1,100,"&#x279A;",24702,0,4.04825520200793,4.04825520200793
"Wageningen","GM0289",2020-10-26,23,23,22,22,21,21,2020-10-01,2,0,1,2,0,"-",39134,0,2.55532273726172,5.11064547452343
"Westervoort","GM0293",2020-10-26,12,12,12,12,12,12,2020-10-01,0,0,0,0,0,"-",15013,0,0,0
"Winterswijk","GM0294",2020-10-26,9,8,7,7,7,7,2020-10-01,2,1,2,2,200,"&#x279A;&#x279A;",28893,3.46104592807947,6.92209185615893,6.92209185615893
"Wijchen","GM0296",2020-10-26,50,50,48,48,48,44,2020-10-01,6,0,2,2,200,"&#x279A;&#x279A;",41179,0,4.85684450812307,4.85684450812307
"Zaltbommel","GM0297",2020-10-26,23,23,22,22,22,21,2020-10-01,2,0,1,1,100,"&#x279A;",29225,0,3.42172797262618,3.42172797262618
"Zevenaar","GM0299",2020-10-26,54,54,53,53,51,48,2020-10-01,6,0,1,3,-50,"&#x2798;",44011,0,2.27215923291904,6.81647769875713
"Zutphen","GM0301",2020-10-26,34,33,32,32,31,31,2020-10-01,3,1,2,3,100,"&#x279A;",48077,2.07999667200532,4.15999334401065,6.23999001601597
"Nunspeet","GM0302",2020-10-26,61,61,60,59,58,55,2020-10-01,6,0,1,3,-50,"&#x2798;",27862,0,3.58911779484603,10.7673533845381
"Dronten","GM0303",2020-10-26,39,39,36,36,34,31,2020-10-01,8,0,3,5,50,"&#x279A;",41677,0,7.19821484271901,11.997024737865
"Amersfoort","GM0307",2020-10-26,91,90,88,88,81,78,2020-10-01,13,1,3,10,-57.1428571428571,"&#x2798;",157521,0.634835990121952,1.90450797036586,6.34835990121952
"Baarn","GM0308",2020-10-26,15,15,12,12,12,12,2020-10-01,3,0,3,3,300,"&#x279A;&#x279A;",24823,0,12.0855658059058,12.0855658059058
"De Bilt","GM0310",2020-10-26,33,33,31,31,30,29,2020-10-01,4,0,2,3,100,"&#x279A;",43190,0,4.63070155128502,6.94605232692753
"Bunnik","GM0312",2020-10-26,12,12,12,12,10,10,2020-10-01,2,0,0,2,-100,"&#x2798;",15262,0,0,13.1044424059756
"Bunschoten","GM0313",2020-10-26,16,15,13,12,12,12,2020-10-01,4,1,3,4,200,"&#x279A;&#x279A;",21930,4.55996352029184,13.6798905608755,18.2398540811674
"Eemnes","GM0317",2020-10-26,2,2,2,2,2,2,2020-10-01,0,0,0,0,0,"-",9323,0,0,0
"Houten","GM0321",2020-10-26,33,33,31,31,28,27,2020-10-01,6,0,2,5,-33.3333333333333,"&#x2798;",50290,0,3.9769337840525,9.94233446013124
"Leusden","GM0327",2020-10-26,11,11,9,9,9,9,2020-10-01,2,0,2,2,200,"&#x279A;&#x279A;",30486,0,6.5603883749918,6.5603883749918
"Lopik","GM0331",2020-10-26,22,22,21,21,20,20,2020-10-01,2,0,1,2,0,"-",14483,0,6.90464682731478,13.8092936546296
"Montfoort","GM0335",2020-10-26,15,15,15,15,15,15,2020-10-01,0,0,0,0,0,"-",13889,0,0,0
"Renswoude","GM0339",2020-10-26,5,5,5,5,5,5,2020-10-01,0,0,0,0,0,"-",5517,0,0,0
"Rhenen","GM0340",2020-10-26,13,13,12,12,11,11,2020-10-01,2,0,1,2,0,"-",20086,0,4.97859205416708,9.95718410833416
"Soest","GM0342",2020-10-26,33,33,32,30,26,24,2020-10-01,9,0,1,7,-83.3333333333333,"&#x2798;",46842,0,2.13483625805901,14.943853806413
"Utrecht","GM0344",2020-10-26,350,350,328,325,314,301,2020-10-01,49,0,22,36,57.1428571428571,"&#x279A;",357667,0,6.15097283227136,10.0652282709895
"Veenendaal","GM0345",2020-10-26,56,56,51,51,49,49,2020-10-06,7,0,5,7,150,"&#x279A;&#x279A;",66918,0,7.47183119638961,10.4605636749455
"Woudenberg","GM0351",2020-10-26,9,9,9,9,9,9,2020-10-06,0,0,0,0,0,"-",13568,0,0,0
"Wijk bij Duurstede","GM0352",2020-10-26,13,13,11,10,10,10,2020-10-01,3,0,2,3,100,"&#x279A;",23901,0,8.3678507175432,12.5517760763148
"IJsselstein","GM0353",2020-10-26,42,42,39,39,37,36,2020-10-01,6,0,3,5,50,"&#x279A;",33851,0,8.8623674337538,14.7706123895897
"Zeist","GM0355",2020-10-26,44,44,41,41,39,38,2020-10-01,6,0,3,5,50,"&#x279A;",64883,0,4.62370728850392,7.7061788141732
"Nieuwegein","GM0356",2020-10-26,53,54,51,50,48,46,2020-10-01,7,-1,2,5,-33.3333333333333,"&#x2798;",63690,-1.5701051970482,3.1402103940964,7.85052598524101
"Aalsmeer","GM0358",2020-10-26,11,11,10,10,10,10,2020-10-01,1,0,1,1,100,"&#x279A;",31927,0,3.13214520625176,3.13214520625176
"Alkmaar","GM0361",2020-10-26,64,64,61,61,59,57,2020-10-01,7,0,3,5,50,"&#x279A;",109751,0,2.73346028737779,4.55576714562965
"Amstelveen","GM0362",2020-10-26,74,74,72,70,69,69,2020-10-01,5,0,2,5,-33.3333333333333,"&#x2798;",90705,0,2.20495011300369,5.51237528250923
"Amsterdam","GM0363",2020-10-26,988,974,915,901,843,766,2020-10-01,222,14,73,145,1.38888888888888,"&#x279A;",869709,1.60973383051112,8.39361211623658,16.6722432445795
"Beemster","GM0370",2020-10-26,4,4,4,4,4,4,2020-10-01,0,0,0,0,0,"-",10019,0,0,0
"Bergen (NH.)","GM0373",2020-10-26,22,22,21,21,21,20,2020-10-06,2,0,1,1,100,"&#x279A;",29762,0,3.35998924803441,3.35998924803441
"Beverwijk","GM0375",2020-10-26,20,20,19,19,16,15,2020-10-01,5,0,1,4,-66.6666666666667,"&#x2798;",41752,0,2.39509484575589,9.58037938302357
"Blaricum","GM0376",2020-10-26,8,8,8,8,8,8,2020-10-01,0,0,0,0,0,"-",11799,0,0,0
"Bloemendaal","GM0377",2020-10-26,10,10,8,8,8,7,2020-10-01,3,0,2,2,200,"&#x279A;&#x279A;",23566,0,8.48680302130188,8.48680302130188
"Castricum","GM0383",2020-10-26,18,18,18,18,16,15,2020-10-01,3,0,0,2,-100,"&#x2798;",36124,0,0,5.5364854390433
"Diemen","GM0384",2020-10-26,24,24,22,21,20,20,2020-10-01,4,0,2,4,0,"-",31206,0,6.40902390565917,12.8180478113183
"Edam-Volendam","GM0385",2020-10-26,38,38,35,35,28,26,2020-10-01,12,0,3,10,-57.1428571428571,"&#x2798;",36190,0,8.28958275766786,27.6319425255595
"Enkhuizen","GM0388",2020-10-26,20,20,19,19,19,18,2020-10-01,2,0,1,1,100,"&#x279A;",18658,0,5.35963125736949,5.35963125736949
"Haarlem","GM0392",2020-10-26,104,104,92,92,85,75,2020-10-01,29,0,12,19,71.4285714285714,"&#x279A;",162962,0,7.36367987629018,11.6591598041261
"Haarlemmermeer","GM0394",2020-10-26,94,94,90,90,82,76,2020-10-01,18,0,4,12,-50,"&#x2798;",157115,0,2.54590586513064,7.63771759539191
"Heemskerk","GM0396",2020-10-26,34,34,32,32,32,31,2020-10-01,3,0,2,2,200,"&#x279A;&#x279A;",39230,0,5.09813917919959,5.09813917919959
"Heemstede","GM0397",2020-10-26,15,15,15,14,13,13,2020-10-01,2,0,0,2,-100,"&#x2798;",27341,0,0,7.31502139643758
"Heerhugowaard","GM0398",2020-10-26,29,29,28,28,27,27,2020-10-01,2,0,1,2,0,"-",58018,0,1.72360301975249,3.44720603950498
"Heiloo","GM0399",2020-10-26,12,12,11,11,11,11,2020-10-01,1,0,1,1,100,"&#x279A;",24100,0,4.149377593361,4.149377593361
"Den Helder","GM0400",2020-10-26,15,15,15,15,13,13,2020-10-01,2,0,0,2,-100,"&#x2798;",56388,0,0,3.54685394055473
"Hilversum","GM0402",2020-10-26,39,39,37,37,37,37,2020-10-01,2,0,2,2,200,"&#x279A;&#x279A;",91110,0,2.19514872132587,2.19514872132587
"Hoorn","GM0405",2020-10-26,39,38,38,38,37,36,2020-10-01,3,1,1,2,0,"-",73360,1.36314067611778,1.36314067611778,2.72628135223555
"Huizen","GM0406",2020-10-26,28,28,26,26,25,23,2020-10-01,5,0,2,3,100,"&#x279A;",41104,0,4.86570650058388,7.29855975087583
"Landsmeer","GM0415",2020-10-26,5,5,5,5,3,3,2020-10-01,2,0,0,2,-100,"&#x2798;",11573,0,0,17.2816037328264
"Langedijk","GM0416",2020-10-26,21,21,20,20,19,17,2020-10-01,4,0,1,2,0,"-",28214,0,3.54433968951584,7.08867937903169
"Laren","GM0417",2020-10-26,10,10,9,9,9,8,2020-10-01,2,0,1,1,100,"&#x279A;",11355,0,8.80669308674593,8.80669308674593
"Medemblik","GM0420",2020-10-26,19,19,19,19,19,19,2020-10-01,0,0,0,0,0,"-",45138,0,0,0
"Oostzaan","GM0431",2020-10-26,12,12,12,12,12,12,2020-10-01,0,0,0,0,0,"-",9682,0,0,0
"Opmeer","GM0432",2020-10-26,1,1,1,1,1,1,2020-10-01,0,0,0,0,0,"-",11967,0,0,0
"Ouder-Amstel","GM0437",2020-10-26,8,8,7,7,6,6,2020-10-01,2,0,1,2,0,"-",14065,0,7.10984713828653,14.2196942765731
"Purmerend","GM0439",2020-10-26,83,83,78,79,75,73,2020-10-01,10,0,5,8,66.6666666666667,"&#x279A;",81775,0,6.1143381228982,9.78294099663711
"Schagen","GM0441",2020-10-26,20,20,19,19,19,19,2020-10-01,1,0,1,1,100,"&#x279A;",46459,0,2.15243548074646,2.15243548074646
"Texel","GM0448",2020-10-26,6,6,5,5,5,5,2020-10-01,1,0,1,1,100,"&#x279A;",13643,0,7.32976618045884,7.32976618045884
"Uitgeest","GM0450",2020-10-26,7,7,5,5,5,5,2020-10-01,2,0,2,2,200,"&#x279A;&#x279A;",13643,0,14.6595323609177,14.6595323609177
"Uithoorn","GM0451",2020-10-26,21,21,20,19,18,18,2020-10-01,3,0,1,3,-50,"&#x2798;",29817,0,3.35379146124694,10.0613743837408
"Velsen","GM0453",2020-10-26,46,46,43,42,39,34,2020-10-01,12,0,3,7,-25,"&#x2798;",68713,0,4.36598605795119,10.1873008018861
"Weesp","GM0457",2020-10-26,10,10,10,10,9,9,2020-10-01,1,0,0,1,-100,"&#x2798;",20219,0,0,4.94584301894258
"Zandvoort","GM0473",2020-10-26,12,12,12,12,12,11,2020-10-01,1,0,0,0,0,"-",17116,0,0,0
"Zaanstad","GM0479",2020-10-26,154,154,148,148,139,133,2020-10-01,21,0,6,15,-33.3333333333333,"&#x2798;",156907,0,3.82392117623815,9.55980294059538
"Alblasserdam","GM0482",2020-10-26,11,11,11,11,11,11,2020-10-01,0,0,0,0,0,"-",20221,0,0,0
"Alphen aan den Rijn","GM0484",2020-10-26,84,83,77,77,73,68,2020-10-01,16,1,7,11,75,"&#x279A;",112343,0.890131116313433,6.23091781419403,9.79144227944776
"Barendrecht","GM0489",2020-10-26,49,48,45,45,44,40,2020-10-01,9,1,4,5,300,"&#x279A;&#x279A;",48654,2.05532946931393,8.22131787725572,10.2766473465697
"Drechterland","GM0498",2020-10-26,6,6,5,5,5,5,2020-10-01,1,0,1,1,100,"&#x279A;",19775,0,5.05689001264223,5.05689001264223
"Brielle","GM0501",2020-10-26,16,16,14,14,12,12,2020-10-01,4,0,2,4,0,"-",17378,0,11.50880423524,23.0176084704799
"Capelle aan den IJssel","GM0502",2020-10-26,68,68,64,64,60,58,2020-10-01,10,0,4,8,0,"-",67142,0,5.95752286199398,11.915045723988
"Delft","GM0503",2020-10-26,47,47,44,44,43,41,2020-10-01,6,0,3,4,200,"&#x279A;&#x279A;",103037,0,2.91157545347788,3.88210060463717
"Dordrecht","GM0505",2020-10-26,97,97,97,97,97,96,2020-10-01,1,0,0,0,0,"-",119342,0,0,0
"Gorinchem","GM0512",2020-10-26,19,19,19,19,19,19,2020-10-01,0,0,0,0,0,"-",37372,0,0,0
"Gouda","GM0513",2020-10-26,64,62,54,53,51,48,2020-10-01,16,2,10,13,233.333333333333,"&#x279A;&#x279A;",73540,2.7196083763938,13.598041881969,17.6774544465597
"'s-Gravenhage","GM0518",2020-10-26,568,561,519,516,481,441,2020-10-01,127,7,49,87,28.9473684210526,"&#x279A;",545863,1.28237304964799,8.97661134753592,15.938065045625
"Hardinxveld-Giessendam","GM0523",2020-10-26,2,2,2,2,2,2,2020-10-01,0,0,0,0,0,"-",18460,0,0,0
"Hellevoetsluis","GM0530",2020-10-26,21,21,20,20,17,16,2020-10-01,5,0,1,4,-66.6666666666667,"&#x2798;",40198,0,2.4876859545251,9.9507438181004
"Hendrik-Ido-Ambacht","GM0531",2020-10-26,13,13,13,13,13,12,2020-10-01,1,0,0,0,0,"-",31311,0,0,0
"Stede Broec","GM0532",2020-10-26,19,19,19,19,19,18,2020-10-01,1,0,0,0,0,"-",21773,0,0,0
"Hillegom","GM0534",2020-10-26,8,8,8,8,8,8,2020-10-01,0,0,0,0,0,"-",22210,0,0,0
"Katwijk","GM0537",2020-10-26,43,42,40,40,38,33,2020-10-01,10,1,3,5,50,"&#x279A;",65929,1.51678320617634,4.55034961852902,7.58391603088171
"Krimpen aan den IJssel","GM0542",2020-10-26,18,18,17,17,15,12,2020-10-01,6,0,1,3,-50,"&#x2798;",29452,0,3.39535515414912,10.1860654624474
"Leiden","GM0546",2020-10-26,59,59,53,53,51,46,2020-10-01,13,0,6,8,200,"&#x279A;&#x279A;",123655,0,4.8522097772027,6.46961303627027
"Leiderdorp","GM0547",2020-10-26,23,22,18,17,17,15,2020-10-01,8,1,5,6,400,"&#x279A;&#x279A;",27304,3.66246703779666,18.3123351889833,21.97480222678
"Lisse","GM0553",2020-10-26,11,11,10,9,9,8,2020-10-01,3,0,1,2,0,"-",22983,0,4.35104207457686,8.70208414915372
"Maassluis","GM0556",2020-10-26,30,29,24,24,23,23,2020-10-01,7,1,6,7,500,"&#x279A;&#x279A;",33336,2.99976001919846,17.9985601151908,20.9983201343892
"Nieuwkoop","GM0569",2020-10-26,13,12,12,12,10,9,2020-10-01,4,1,1,3,-50,"&#x2798;",29021,3.44578064160436,3.44578064160436,10.3373419248131
"Noordwijk","GM0575",2020-10-26,29,29,23,23,22,20,2020-10-01,9,0,6,7,500,"&#x279A;&#x279A;",43733,0,13.7196167653717,16.0062195596003
"Oegstgeest","GM0579",2020-10-26,11,11,11,10,10,8,2020-10-01,3,0,0,1,-100,"&#x2798;",24972,0,0,4.00448502322601
"Oudewater","GM0589",2020-10-26,30,30,26,26,26,26,2020-10-01,4,0,4,4,400,"&#x279A;&#x279A;",10178,0,39.3004519551975,39.3004519551975
"Papendrecht","GM0590",2020-10-26,9,9,9,9,9,9,2020-10-01,0,0,0,0,0,"-",32095,0,0,0
"Ridderkerk","GM0597",2020-10-26,44,43,42,42,41,40,2020-10-01,4,1,2,3,100,"&#x279A;",46576,2.14702851253865,4.29405702507729,6.44108553761594
"Rotterdam","GM0599",2020-10-26,798,787,744,740,703,649,2020-10-01,149,11,54,95,31.7073170731707,"&#x279A;",650459,1.69111350600115,8.30182993855109,14.6050711881917
"Rijswijk","GM0603",2020-10-26,60,60,50,50,48,43,2020-10-01,17,0,10,12,400,"&#x279A;&#x279A;",54855,0,18.2298787713062,21.8758545255674
"Schiedam","GM0606",2020-10-26,74,74,67,67,64,63,2020-10-01,11,0,7,10,133.333333333333,"&#x279A;&#x279A;",79003,0,8.86042302191056,12.6577471741579
"Sliedrecht","GM0610",2020-10-26,9,9,9,9,9,9,2020-10-01,0,0,0,0,0,"-",25350,0,0,0
"Albrandswaard","GM0613",2020-10-26,17,17,17,17,16,15,2020-10-01,2,0,0,1,-100,"&#x2798;",25896,0,0,3.86160024714242
"Westvoorne","GM0614",2020-10-26,6,6,6,6,6,6,2020-10-01,0,0,0,0,0,"-",14863,0,0,0
"Vlaardingen","GM0622",2020-10-26,57,55,51,51,51,47,2020-10-01,10,2,6,6,600,"&#x279A;&#x279A;",73758,2.71157027034356,8.13471081103067,8.13471081103067
"Voorschoten","GM0626",2020-10-26,11,11,11,11,11,9,2020-10-01,2,0,0,0,0,"-",25602,0,0,0
"Waddinxveen","GM0627",2020-10-26,26,25,25,24,21,19,2020-10-01,7,1,1,5,-75,"&#x2798;",29906,3.34381060656724,3.34381060656724,16.7190530328362
"Wassenaar","GM0629",2020-10-26,10,10,10,10,10,10,2020-10-01,0,0,0,0,0,"-",26490,0,0,0
"Woerden","GM0632",2020-10-26,62,61,60,59,56,53,2020-10-01,9,1,2,6,-50,"&#x2798;",52558,1.90265991856616,3.80531983713231,11.4159595113969
"Zoetermeer","GM0637",2020-10-26,67,66,65,65,63,59,2020-10-01,8,1,2,4,0,"-",125247,0.798422317500619,1.59684463500124,3.19368927000248
"Zoeterwoude","GM0638",2020-10-26,4,4,4,4,3,3,2020-10-01,1,0,0,1,-100,"&#x2798;",8759,0,0,11.4168284050691
"Zwijndrecht","GM0642",2020-10-26,29,29,27,27,27,27,2020-10-01,2,0,2,2,200,"&#x279A;&#x279A;",44641,0,4.48018637575323,4.48018637575323
"Borsele","GM0654",2020-10-26,5,5,5,5,5,5,2020-10-01,0,0,0,0,0,"-",22762,0,0,0
"Goes","GM0664",2020-10-26,14,14,13,13,13,12,2020-10-01,2,0,1,1,100,"&#x279A;",38423,0,2.60260781302865,2.60260781302865
"West Maas en Waal","GM0668",2020-10-26,23,23,22,22,21,21,2020-10-01,2,0,1,2,0,"-",19436,0,5.14509158263017,10.2901831652603
"Hulst","GM0677",2020-10-26,11,11,10,10,10,9,2020-10-01,2,0,1,1,100,"&#x279A;",27631,0,3.61912344830082,3.61912344830082
"Kapelle","GM0678",2020-10-26,3,3,3,3,3,3,2020-10-01,0,0,0,0,0,"-",12808,0,0,0
"Middelburg","GM0687",2020-10-26,21,21,19,19,19,19,2020-10-01,2,0,2,2,200,"&#x279A;&#x279A;",48766,0,4.10121806176434,4.10121806176434
"Reimerswaal","GM0703",2020-10-26,6,6,6,6,5,5,2020-10-01,1,0,0,1,-100,"&#x2798;",22843,0,0,4.37770870726262
"Terneuzen","GM0715",2020-10-26,25,25,25,25,25,25,2020-10-01,0,0,0,0,0,"-",54476,0,0,0
"Tholen","GM0716",2020-10-26,43,43,43,43,42,40,2020-10-01,3,0,0,1,-100,"&#x2798;",25894,0,0,3.86189850930718
"Veere","GM0717",2020-10-26,8,8,8,8,6,6,2020-10-01,2,0,0,2,-100,"&#x2798;",21974,0,0,9.10166560480568
"Vlissingen","GM0718",2020-10-26,10,10,9,9,9,9,2020-10-01,1,0,1,1,100,"&#x279A;",44132,0,2.26592948427445,2.26592948427445
"De Ronde Venen","GM0736",2020-10-26,47,47,45,44,41,40,2020-10-01,7,0,2,6,-50,"&#x2798;",44636,0,4.4806882337127,13.4420647011381
"Tytsjerksteradiel","GM0737",2020-10-26,7,7,7,7,6,5,2020-10-01,2,0,0,1,-100,"&#x2798;",32079,0,0,3.11730415536644
"Asten","GM0743",2020-10-26,18,18,18,18,18,18,2020-10-01,0,0,0,0,0,"-",16718,0,0,0
"Baarle-Nassau","GM0744",2020-10-26,9,9,9,9,9,9,2020-10-01,0,0,0,0,0,"-",6876,0,0,0
"Bergen op Zoom","GM0748",2020-10-26,45,45,40,39,34,30,2020-10-01,15,0,5,11,-16.6666666666667,"&#x2798;",67667,0,7.38912616194009,16.2560775562682
"Best","GM0753",2020-10-26,35,35,31,31,31,31,2020-10-01,4,0,4,4,400,"&#x279A;&#x279A;",30073,0,13.3009676453962,13.3009676453962
"Boekel","GM0755",2020-10-26,36,36,36,36,34,34,2020-10-01,2,0,0,2,-100,"&#x2798;",10872,0,0,18.3958793230316
"Boxmeer","GM0756",2020-10-26,20,20,20,20,20,20,2020-10-01,0,0,0,0,0,"-",29465,0,0,0
"Boxtel","GM0757",2020-10-26,24,24,24,24,24,24,2020-10-01,0,0,0,0,0,"-",30807,0,0,0
"Breda","GM0758",2020-10-26,176,175,166,163,157,151,2020-10-01,25,1,10,19,11.1111111111111,"&#x279A;",183790,0.544099243702051,5.44099243702051,10.337885630339
"Deurne","GM0762",2020-10-26,58,58,57,57,56,56,2020-10-01,2,0,1,2,0,"-",32466,0,3.08014538286207,6.16029076572414
"Pekela","GM0765",2020-10-26,5,5,5,5,5,4,2020-10-01,1,0,0,0,0,"-",12172,0,0,0
"Dongen","GM0766",2020-10-26,24,24,22,22,21,20,2020-10-01,4,0,2,3,100,"&#x279A;",26345,0,7.59157335357753,11.3873600303663
"Eersel","GM0770",2020-10-26,29,29,28,28,27,27,2020-10-01,2,0,1,2,0,"-",19418,0,5.14986095375425,10.2997219075085
"Eindhoven","GM0772",2020-10-26,208,208,194,193,190,185,2020-10-01,23,0,14,18,250,"&#x279A;&#x279A;",233983,0,5.98334067004868,7.69286657577687
"Etten-Leur","GM0777",2020-10-26,48,48,46,45,43,43,2020-10-01,5,0,2,5,-33.3333333333333,"&#x2798;",43896,0,4.55622380171314,11.3905595042828
"Geertruidenberg","GM0779",2020-10-26,14,14,13,13,13,12,2020-10-01,2,0,1,1,100,"&#x279A;",21670,0,4.61467466543609,4.61467466543609
"Gilze en Rijen","GM0784",2020-10-26,21,21,20,20,20,20,2020-10-01,1,0,1,1,100,"&#x279A;",26551,0,3.76633648450153,3.76633648450153
"Goirle","GM0785",2020-10-26,33,33,32,32,32,32,2020-10-01,1,0,1,1,100,"&#x279A;",23823,0,4.19762414473408,4.19762414473408
"Grave","GM0786",2020-10-26,21,21,21,21,21,21,2020-10-01,0,0,0,0,0,"-",12452,0,0,0
"Haaren","GM0788",2020-10-26,20,20,19,19,19,19,2020-10-01,1,0,1,1,100,"&#x279A;",14316,0,6.9851913942442,6.9851913942442
"Helmond","GM0794",2020-10-26,124,124,122,122,119,118,2020-10-01,6,0,2,5,-33.3333333333333,"&#x2798;",92420,0,2.16403375892664,5.4100843973166
"'s-Hertogenbosch","GM0796",2020-10-26,149,149,140,140,138,134,2020-10-01,15,0,9,11,350,"&#x279A;&#x279A;",155409,0,5.79117039553694,7.0780971501007
"Heusden","GM0797",2020-10-26,49,49,48,47,46,45,2020-10-01,4,0,1,3,-50,"&#x2798;",44897,0,2.22732031093392,6.68196093280175
"Hilvarenbeek","GM0798",2020-10-26,12,12,11,11,10,10,2020-10-01,2,0,1,2,0,"-",15617,0,6.40327847858103,12.8065569571621
"Loon op Zand","GM0809",2020-10-26,29,29,28,28,27,27,2020-10-01,2,0,1,2,0,"-",23466,0,4.26148470126992,8.52296940253984
"Mill en Sint Hubert","GM0815",2020-10-26,9,9,9,9,9,9,2020-10-01,0,0,0,0,0,"-",11007,0,0,0
"Nuenen, Gerwen en Nederwetten","GM0820",2020-10-26,19,19,18,18,18,18,2020-10-01,1,0,1,1,100,"&#x279A;",23526,0,4.25061633936921,4.25061633936921
"Oirschot","GM0823",2020-10-26,17,17,16,14,13,13,2020-10-01,4,0,1,4,-66.6666666666667,"&#x2798;",18832,0,5.31011045029737,21.2404418011895
"Oisterwijk","GM0824",2020-10-26,27,27,26,26,24,24,2020-10-01,3,0,1,3,-50,"&#x2798;",26344,0,3.7959307622229,11.3877922866687
"Oosterhout","GM0826",2020-10-26,52,52,52,52,51,50,2020-10-01,2,0,0,1,-100,"&#x2798;",56232,0,0,1.77834684876938
"Oss","GM0828",2020-10-26,175,175,173,173,173,168,2020-10-01,7,0,2,2,200,"&#x279A;&#x279A;",92229,0,2.16851532598207,2.16851532598207
"Rucphen","GM0840",2020-10-26,14,14,12,12,11,10,2020-10-01,4,0,2,3,100,"&#x279A;",23009,0,8.69225085835977,13.0383762875397
"Sint-Michielsgestel","GM0845",2020-10-26,37,37,37,37,37,36,2020-10-01,1,0,0,0,0,"-",29422,0,0,0
"Someren","GM0847",2020-10-26,34,34,33,33,33,33,2020-10-01,1,0,1,1,100,"&#x279A;",19331,0,5.17303812529098,5.17303812529098
"Son en Breugel","GM0848",2020-10-26,31,31,31,31,31,31,2020-10-01,0,0,0,0,0,"-",17465,0,0,0
"Steenbergen","GM0851",2020-10-26,18,18,17,16,13,13,2020-10-01,5,0,1,5,-75,"&#x2798;",24302,0,4.11488766356678,20.5744383178339
"Waterland","GM0852",2020-10-26,20,20,18,18,17,16,2020-10-01,4,0,2,3,100,"&#x279A;",17393,0,11.4988788593112,17.2483182889668
"Tilburg","GM0855",2020-10-26,268,267,262,262,261,257,2020-10-01,11,1,6,7,500,"&#x279A;&#x279A;",219599,0.455375479851912,2.73225287911147,3.18762835896338
"Uden","GM0856",2020-10-26,115,115,115,115,115,115,2020-10-01,0,0,0,0,0,"-",42163,0,0,0
"Valkenswaard","GM0858",2020-10-26,23,23,20,20,19,19,2020-10-01,4,0,3,4,200,"&#x279A;&#x279A;",31230,0,9.60614793467819,12.8081972462376
"Veldhoven","GM0861",2020-10-26,37,37,31,31,31,31,2020-10-01,6,0,6,6,600,"&#x279A;&#x279A;",45625,0,13.1506849315068,13.1506849315068
"Vught","GM0865",2020-10-26,43,43,43,43,43,43,2020-10-01,0,0,0,0,0,"-",26709,0,0,0
"Waalre","GM0866",2020-10-26,8,8,8,8,7,7,2020-10-01,1,0,0,1,-100,"&#x2798;",17518,0,0,5.70841420253454
"Waalwijk","GM0867",2020-10-26,43,42,41,40,40,39,2020-10-01,4,1,2,3,100,"&#x279A;",48754,2.05111375476884,4.10222750953768,6.15334126430652
"Woensdrecht","GM0873",2020-10-26,9,9,7,7,7,6,2020-10-01,3,0,2,2,200,"&#x279A;&#x279A;",21954,0,9.10995718320124,9.10995718320124
"Zundert","GM0879",2020-10-26,24,24,24,24,24,24,2020-10-01,0,0,0,0,0,"-",22141,0,0,0
"Wormerland","GM0880",2020-10-26,21,21,21,21,20,20,2020-10-01,1,0,0,1,-100,"&#x2798;",16203,0,0,6.17169659939517
"Landgraaf","GM0882",2020-10-26,54,54,53,53,53,52,2020-10-01,2,0,1,1,100,"&#x279A;",37267,0,2.68333914723482,2.68333914723482
"Beek","GM0888",2020-10-26,17,17,17,17,16,16,2020-10-03,1,0,0,1,-100,"&#x2798;",15889,0,0,6.29366228208194
"Beesel","GM0889",2020-10-26,20,20,20,20,20,20,2020-10-01,0,0,0,0,0,"-",13439,0,0,0
"Bergen (L.)","GM0893",2020-10-26,9,9,8,8,7,7,2020-10-01,2,0,1,2,0,"-",13089,0,7.64000305600122,15.2800061120024
"Brunssum","GM0899",2020-10-26,50,50,48,48,46,46,2020-10-01,4,0,2,4,0,"-",27709,0,7.21787144970948,14.435742899419
"Gennep","GM0907",2020-10-26,17,17,17,17,17,17,2020-10-01,0,0,0,0,0,"-",16968,0,0,0
"Heerlen","GM0917",2020-10-26,130,130,127,127,126,126,2020-10-01,4,0,3,4,200,"&#x279A;&#x279A;",86915,0,3.45164816199735,4.60219754932981
"Kerkrade","GM0928",2020-10-26,68,68,66,65,64,64,2020-10-01,4,0,2,4,0,"-",45527,0,4.39299756188635,8.78599512377271
"Maastricht","GM0935",2020-10-26,198,198,193,193,193,192,2020-10-01,6,0,5,5,500,"&#x279A;&#x279A;",118636,0,4.21457230520247,4.21457230520247
"Meerssen","GM0938",2020-10-26,23,23,23,23,23,22,2020-10-01,1,0,0,0,0,"-",18759,0,0,0
"Mook en Middelaar","GM0944",2020-10-26,7,7,7,7,7,7,2020-10-01,0,0,0,0,0,"-",7879,0,0,0
"Nederweert","GM0946",2020-10-26,33,33,33,32,31,31,2020-10-01,2,0,0,2,-100,"&#x2798;",17086,0,0,11.7054898747513
"Roermond","GM0957",2020-10-26,65,65,64,64,63,61,2020-10-01,4,0,1,2,0,"-",58620,0,1.70590242238144,3.41180484476288
"Simpelveld","GM0965",2020-10-26,19,19,19,19,19,19,2020-10-01,0,0,0,0,0,"-",10515,0,0,0
"Stein","GM0971",2020-10-26,46,46,45,45,45,44,2020-10-01,2,0,1,1,100,"&#x279A;",24935,0,4.01042711048727,4.01042711048727
"Vaals","GM0981",2020-10-26,10,10,10,10,10,10,2020-10-01,0,0,0,0,0,"-",10055,0,0,0
"Venlo","GM0983",2020-10-26,139,139,138,138,137,134,2020-10-01,5,0,1,2,0,"-",101853,0,0.981807114174349,1.9636142283487
"Venray","GM0984",2020-10-26,40,38,38,38,38,37,2020-10-01,3,2,2,2,200,"&#x279A;&#x279A;",43707,4.57592605303498,4.57592605303498,4.57592605303498
"Voerendaal","GM0986",2020-10-26,17,17,17,17,17,17,2020-10-01,0,0,0,0,0,"-",12459,0,0,0
"Weert","GM0988",2020-10-26,70,69,69,69,68,67,2020-10-01,3,1,1,2,0,"-",50109,1.99564948412461,1.99564948412461,3.99129896824922
"Valkenburg aan de Geul","GM0994",2020-10-26,20,20,19,19,19,19,2020-10-01,1,0,1,1,100,"&#x279A;",16399,0,6.09793280078054,6.09793280078054
"Lelystad","GM0995",2020-10-26,81,80,79,79,74,69,2020-10-01,12,1,2,7,-60,"&#x2798;",79284,1.26128853236466,2.52257706472933,8.82901972655265
"Horst aan de Maas","GM1507",2020-10-26,41,41,41,41,41,41,2020-10-01,0,0,0,0,0,"-",42416,0,0,0
"Oude IJsselstreek","GM1509",2020-10-26,24,23,23,23,22,21,2020-10-01,3,1,1,2,0,"-",39331,2.54252370903359,2.54252370903359,5.08504741806717
"Teylingen","GM1525",2020-10-26,18,18,17,17,17,15,2020-10-01,3,0,1,1,100,"&#x279A;",37655,0,2.65568981542956,2.65568981542956
"Utrechtse Heuvelrug","GM1581",2020-10-26,32,32,29,29,29,29,2020-10-01,3,0,3,3,300,"&#x279A;&#x279A;",49784,0,6.02603246022819,6.02603246022819
"Oost Gelre","GM1586",2020-10-26,21,21,19,18,18,18,2020-10-01,3,0,2,3,100,"&#x279A;",29644,0,6.74672783699906,10.1200917554986
"Koggenland","GM1598",2020-10-26,8,8,7,7,7,7,2020-10-01,1,0,1,1,100,"&#x279A;",22864,0,4.37368789363191,4.37368789363191
"Lansingerland","GM1621",2020-10-26,49,49,49,49,49,44,2020-10-01,5,0,0,0,0,"-",62882,0,0,0
"Leudal","GM1640",2020-10-26,54,54,54,54,54,54,2020-10-01,0,0,0,0,0,"-",35999,0,0,0
"Maasgouw","GM1641",2020-10-26,28,28,28,28,28,28,2020-10-01,0,0,0,0,0,"-",23936,0,0,0
"Gemert-Bakel","GM1652",2020-10-26,79,79,79,79,79,79,2020-10-01,0,0,0,0,0,"-",30693,0,0,0
"Halderberge","GM1655",2020-10-26,23,23,20,18,16,16,2020-10-01,7,0,3,7,-25,"&#x2798;",30314,0,9.89641749686613,23.091640826021
"Heeze-Leende","GM1658",2020-10-26,18,17,16,16,16,16,2020-10-01,2,1,2,2,200,"&#x279A;&#x279A;",16217,6.16636862551643,12.3327372510329,12.3327372510329
"Laarbeek","GM1659",2020-10-26,42,42,41,41,41,41,2020-10-01,1,0,1,1,100,"&#x279A;",22665,0,4.41208912420031,4.41208912420031
"Reusel-De Mierden","GM1667",2020-10-26,15,15,14,13,12,11,2020-10-01,4,0,1,3,-50,"&#x2798;",13066,0,7.65345170671973,22.9603551201592
"Roerdalen","GM1669",2020-10-26,27,27,27,27,27,27,2020-10-01,0,0,0,0,0,"-",20552,0,0,0
"Roosendaal","GM1674",2020-10-26,45,45,43,41,39,34,2020-10-01,11,0,2,6,-50,"&#x2798;",77308,0,2.58705437988307,7.7611631396492
"Schouwen-Duiveland","GM1676",2020-10-26,12,12,12,12,12,12,2020-10-01,0,0,0,0,0,"-",34012,0,0,0
"Aa en Hunze","GM1680",2020-10-26,1,1,1,1,1,1,2020-10-01,0,0,0,0,0,"-",25393,0,0,0
"Borger-Odoorn","GM1681",2020-10-26,8,8,5,5,5,4,2020-10-01,4,0,3,3,300,"&#x279A;&#x279A;",25554,0,11.7398450340456,11.7398450340456
"Cuijk","GM1684",2020-10-26,13,13,13,13,12,12,2020-10-01,1,0,0,1,-100,"&#x2798;",25291,0,0,3.95397572258906
"Landerd","GM1685",2020-10-26,42,42,42,42,42,41,2020-10-01,1,0,0,0,0,"-",15761,0,0,0
"De Wolden","GM1690",2020-10-26,14,14,13,13,11,11,2020-10-01,3,0,1,3,-50,"&#x2798;",24357,0,4.10559592724884,12.3167877817465
"Noord-Beveland","GM1695",2020-10-26,1,1,1,1,1,1,2020-10-01,0,0,0,0,0,"-",7560,0,0,0
"Wijdemeren","GM1696",2020-10-26,12,11,10,10,9,8,2020-10-01,4,1,2,3,100,"&#x279A;",24414,4.09601048578684,8.19202097157369,12.2880314573605
"Noordenveld","GM1699",2020-10-26,6,6,6,6,4,4,2020-10-01,2,0,0,2,-100,"&#x2798;",31270,0,0,6.39590661976335
"Twenterand","GM1700",2020-10-26,12,12,12,12,12,12,2020-10-01,0,0,0,0,0,"-",33729,0,0,0
"Westerveld","GM1701",2020-10-26,9,9,9,9,9,9,2020-10-01,0,0,0,0,0,"-",19573,0,0,0
"Sint Anthonis","GM1702",2020-10-26,21,21,21,21,20,20,2020-10-01,1,0,0,1,-100,"&#x2798;",11662,0,0,8.5748585148345
"Lingewaard","GM1705",2020-10-26,38,38,37,36,35,34,2020-10-01,4,0,1,3,-50,"&#x2798;",46723,0,2.14027352695674,6.42082058087023
"Cranendonck","GM1706",2020-10-26,63,63,63,63,63,63,2020-10-01,0,0,0,0,0,"-",20941,0,0,0
"Steenwijkerland","GM1708",2020-10-26,15,15,15,15,15,14,2020-10-01,1,0,0,0,0,"-",44258,0,0,0
"Moerdijk","GM1709",2020-10-26,19,19,18,18,17,16,2020-10-01,3,0,1,2,0,"-",37184,0,2.68932874354561,5.37865748709122
"Echt-Susteren","GM1711",2020-10-26,43,43,41,40,40,40,2020-10-01,3,0,2,3,100,"&#x279A;",31654,0,6.31831680040437,9.47747520060656
"Sluis","GM1714",2020-10-26,9,9,9,9,9,9,2020-10-01,0,0,0,0,0,"-",23173,0,0,0
"Drimmelen","GM1719",2020-10-26,21,21,21,21,21,19,2020-10-01,2,0,0,0,0,"-",27251,0,0,0
"Bernheze","GM1721",2020-10-26,97,96,96,96,95,95,2020-10-01,2,1,1,2,0,"-",31313,3.19356177945262,3.19356177945262,6.38712355890525
"Alphen-Chaam","GM1723",2020-10-26,18,18,18,18,18,18,2020-10-01,0,0,0,0,0,"-",10298,0,0,0
"Bergeijk","GM1724",2020-10-26,20,20,19,19,19,19,2020-10-01,1,0,1,1,100,"&#x279A;",18674,0,5.35503909178537,5.35503909178537
"Bladel","GM1728",2020-10-26,23,23,22,22,21,21,2020-10-01,2,0,1,2,0,"-",20531,0,4.87068335687497,9.74136671374994
"Gulpen-Wittem","GM1729",2020-10-26,24,24,22,22,22,22,2020-10-01,2,0,2,2,200,"&#x279A;&#x279A;",14205,0,14.0795494544175,14.0795494544175
"Tynaarlo","GM1730",2020-10-26,11,11,11,11,9,9,2020-10-01,2,0,0,2,-100,"&#x2798;",33842,0,0,5.90981620471603
"Midden-Drenthe","GM1731",2020-10-26,6,6,6,6,6,6,2020-10-01,0,0,0,0,0,"-",33280,0,0,0
"Overbetuwe","GM1734",2020-10-26,60,60,59,59,56,56,2020-10-01,4,0,1,4,-66.6666666666667,"&#x2798;",48057,0,2.08086230934099,8.32344923736396
"Hof van Twente","GM1735",2020-10-26,19,18,18,18,16,15,2020-10-01,4,1,1,3,-50,"&#x2798;",35129,2.84665091519827,2.84665091519827,8.53995274559481
"Neder-Betuwe","GM1740",2020-10-26,42,42,41,41,41,37,2020-10-01,5,0,1,1,100,"&#x279A;",24526,0,4.07730571638261,4.07730571638261
"Rijssen-Holten","GM1742",2020-10-26,30,30,29,29,29,29,2020-10-01,1,0,1,1,100,"&#x279A;",38227,0,2.61595207575797,2.61595207575797
"Geldrop-Mierlo","GM1771",2020-10-26,36,35,34,34,34,33,2020-10-01,3,1,2,2,200,"&#x279A;&#x279A;",39997,2.50018751406355,5.00037502812711,5.00037502812711
"Olst-Wijhe","GM1773",2020-10-26,12,12,12,12,12,12,2020-10-01,0,0,0,0,0,"-",18300,0,0,0
"Dinkelland","GM1774",2020-10-26,21,21,20,20,20,20,2020-10-01,1,0,1,1,100,"&#x279A;",26545,0,3.76718779431155,3.76718779431155
"Westland","GM1783",2020-10-26,70,70,68,68,65,61,2020-10-01,9,0,2,5,-33.3333333333333,"&#x2798;",110974,0,1.80222394434732,4.50555986086831
"Midden-Delfland","GM1842",2020-10-26,6,5,5,5,5,5,2020-10-01,1,1,1,1,100,"&#x279A;",19406,5.15304544986087,5.15304544986087,5.15304544986087
"Berkelland","GM1859",2020-10-26,18,18,16,15,14,14,2020-10-01,4,0,2,4,0,"-",43845,0,4.56152354886532,9.12304709773064
"Bronckhorst","GM1876",2020-10-26,18,18,18,18,17,17,2020-10-01,1,0,0,1,-100,"&#x2798;",36077,0,0,2.77184910053497
"Sittard-Geleen","GM1883",2020-10-26,124,124,122,122,121,119,2020-10-01,5,0,2,3,100,"&#x279A;",91928,0,2.17561569924289,3.26342354886433
"Kaag en Braassem","GM1884",2020-10-26,8,8,8,8,8,8,2020-10-01,0,0,0,0,0,"-",27492,0,0,0
"Dantumadiel","GM1891",2020-10-26,2,2,2,2,2,2,2020-10-01,0,0,0,0,0,"-",18928,0,0,0
"Zuidplas","GM1892",2020-10-26,32,32,30,30,28,26,2020-10-01,6,0,2,4,0,"-",44750,0,4.46927374301676,8.93854748603352
"Peel en Maas","GM1894",2020-10-26,145,145,145,145,144,144,2020-10-01,1,0,0,1,-100,"&#x2798;",43561,0,0,2.29563141342026
"Oldambt","GM1895",2020-10-26,10,10,10,10,10,7,2020-10-01,3,0,0,0,0,"-",38274,0,0,0
"Zwartewaterland","GM1896",2020-10-26,35,35,35,35,35,35,2020-10-01,0,0,0,0,0,"-",22755,0,0,0
"Súdwest-Fryslân","GM1900",2020-10-26,21,21,21,21,19,19,2020-10-01,2,0,0,2,-100,"&#x2798;",89976,0,0,2.22281497288166
"Bodegraven-Reeuwijk","GM1901",2020-10-26,12,12,11,11,10,8,2020-10-01,4,0,1,2,0,"-",35157,0,2.84438376425747,5.68876752851495
"Eijsden-Margraten","GM1903",2020-10-26,58,57,55,55,55,54,2020-10-01,4,1,3,3,300,"&#x279A;&#x279A;",25775,3.87972841901067,11.639185257032,11.639185257032
"Stichtse Vecht","GM1904",2020-10-26,47,47,43,43,42,39,2020-10-01,8,0,4,5,300,"&#x279A;&#x279A;",65087,0,6.14562047720743,7.68202559650929
"Hollands Kroon","GM1911",2020-10-26,26,26,26,26,26,26,2020-10-01,0,0,0,0,0,"-",48637,0,0,0
"Leidschendam-Voorburg","GM1916",2020-10-26,36,36,36,36,34,31,2020-10-01,5,0,0,2,-100,"&#x2798;",76387,0,0,2.61824656027858
"Goeree-Overflakkee","GM1924",2020-10-26,58,58,57,57,57,56,2020-10-01,2,0,1,1,100,"&#x279A;",50356,0,1.98586067201525,1.98586067201525
"Pijnacker-Nootdorp","GM1926",2020-10-26,32,32,30,30,30,30,2020-10-01,2,0,2,2,200,"&#x279A;&#x279A;",55360,0,3.61271676300578,3.61271676300578
"Nissewaard","GM1930",2020-10-26,72,71,68,68,64,59,2020-10-01,13,1,4,8,0,"-",85173,1.17408098810656,4.69632395242624,9.39264790485248
"Krimpenerwaard","GM1931",2020-10-26,55,54,51,51,47,47,2020-10-01,8,1,4,8,0,"-",56353,1.77452841907263,7.09811367629053,14.1962273525811
"De Fryske Marren","GM1940",2020-10-26,23,22,21,21,20,17,2020-10-01,6,1,2,3,100,"&#x279A;",51678,1.93505940632377,3.87011881264755,5.80517821897132
"Gooise Meren","GM1942",2020-10-26,27,27,27,27,26,25,2020-10-01,2,0,0,1,-100,"&#x2798;",58247,0,0,1.71682661767988
"Berg en Dal","GM1945",2020-10-26,37,37,34,34,33,31,2020-10-01,6,0,3,4,200,"&#x279A;&#x279A;",34972,0,8.57829120439209,11.4377216058561
"Meierijstad","GM1948",2020-10-26,214,214,211,211,211,211,2020-10-01,3,0,3,3,300,"&#x279A;&#x279A;",81467,0,3.68247265764052,3.68247265764052
"Waadhoeke","GM1949",2020-10-26,15,15,13,13,13,13,2020-10-01,2,0,2,2,200,"&#x279A;&#x279A;",46098,0,4.33858301878606,4.33858301878606
"Westerwolde","GM1950",2020-10-26,11,11,11,11,7,5,2020-10-01,6,0,0,4,-100,"&#x2798;",25719,0,0,15.5527042264474
"Midden-Groningen","GM1952",2020-10-26,10,10,9,8,7,7,2020-10-01,3,0,1,3,-50,"&#x2798;",60720,0,1.64690382081686,4.94071146245059
"Beekdaelen","GM1954",2020-10-26,52,52,52,52,52,52,2020-10-01,0,0,0,0,0,"-",35916,0,0,0
"Montferland","GM1955",2020-10-26,25,25,24,23,22,22,2020-10-01,3,0,1,3,-50,"&#x2798;",36052,0,2.77377121934983,8.32131365804949
"Altena","GM1959",2020-10-26,38,38,37,37,36,33,2020-10-01,5,0,1,2,0,"-",56194,0,1.77954941808734,3.55909883617468
"West Betuwe","GM1960",2020-10-26,51,50,47,47,45,44,2020-10-01,7,1,4,6,100,"&#x279A;",51281,1.9500399758195,7.80015990327802,11.700239854917
"Vijfheerenlanden","GM1961",2020-10-26,47,47,42,42,40,38,2020-10-01,9,0,5,7,150,"&#x279A;&#x279A;",57525,0,8.69187309865276,12.1686223381139
"Hoeksche Waard","GM1963",2020-10-26,83,83,82,82,81,80,2020-10-01,3,0,1,2,0,"-",87614,0,1.14137010066884,2.28274020133769
"Het Hogeland","GM1966",2020-10-26,7,7,7,7,8,7,2020-10-01,0,0,0,-1,0,"-",47878,0,0,-2.08864196499436
"Westerkwartier","GM1969",2020-10-26,19,19,19,19,16,14,2020-10-01,5,0,0,3,-100,"&#x2798;",63458,0,0,4.72753632323742
"Noardeast-Fryslân","GM1970",2020-10-26,7,7,7,7,7,7,2020-10-01,0,0,0,0,0,"-",45433,0,0,0
"Molenlanden","GM1978",2020-10-26,20,20,20,20,20,20,2020-10-01,0,0,0,0,0,"-",44042,0,0,0
