"municipality","Municipality_code","date","d0","d1","d7","d8","d14","lowest_since_okt1","lowest_since_okt1_date","current","increase_1d","increase_7d","increase_14d","increase_growth","growth","population","rel_increase_1d","rel_increase_7d","rel_increase_14d"
"Netherlands","",2020-11-03,15434,15331,14739,14630,14029,12805,2020-10-01,2629,103,695,1405,-2.11267605633803,"&#x2798;",17443797,0.590467774877224,3.9842243062104,8.05443906507282
"Unknown","",2020-11-03,92,91,87,85,82,74,2020-10-01,18,1,5,10,0,"-",NA,NA,NA,NA
"Appingedam","GM0003",2020-11-03,8,8,7,7,7,3,2020-10-01,5,0,1,1,100,"&#x279A;",11523,0,8.67829558274755,8.67829558274755
"Delfzijl","GM0010",2020-11-03,8,8,7,7,7,6,2020-10-01,2,0,1,1,100,"&#x279A;",24609,0,4.06355398431468,4.06355398431468
"Groningen","GM0014",2020-11-03,32,32,32,32,26,19,2020-10-01,13,0,0,6,-100,"&#x2798;",231112,0,0,2.59614386098515
"Loppersum","GM0024",2020-11-03,0,0,0,0,0,0,2020-10-01,0,0,0,0,0,"-",9477,0,0,0
"Almere","GM0034",2020-11-03,171,171,168,165,159,138,2020-10-01,33,0,3,12,-66.6666666666667,"&#x2798;",213660,0,1.404099971918,5.616399887672
"Stadskanaal","GM0037",2020-11-03,8,8,7,7,3,2,2020-10-01,6,0,1,5,-75,"&#x2798;",31581,0,3.16646084671163,15.8323042335582
"Veendam","GM0047",2020-11-03,4,4,2,2,2,2,2020-10-01,2,0,2,2,200,"&#x279A;&#x279A;",27430,0,7.29128691213999,7.29128691213999
"Zeewolde","GM0050",2020-11-03,13,13,13,13,13,12,2020-10-01,1,0,0,0,0,"-",22680,0,0,0
"Achtkarspelen","GM0059",2020-11-03,0,0,0,0,0,0,2020-10-01,0,0,0,0,0,"-",27873,0,0,0
"Ameland","GM0060",2020-11-03,0,0,0,0,0,0,2020-10-01,0,0,0,0,0,"-",3752,0,0,0
"Harlingen","GM0072",2020-11-03,5,4,4,4,4,4,2020-10-01,1,1,1,1,100,"&#x279A;",15793,6.33191920471095,6.33191920471095,6.33191920471095
"Heerenveen","GM0074",2020-11-03,16,16,16,16,16,13,2020-10-01,3,0,0,0,0,"-",50456,0,0,0
"Leeuwarden","GM0080",2020-11-03,47,47,45,45,44,37,2020-10-01,10,0,2,3,100,"&#x279A;",123625,0,1.61779575328615,2.42669362992922
"Ooststellingwerf","GM0085",2020-11-03,5,5,5,5,5,3,2020-10-01,2,0,0,0,0,"-",25366,0,0,0
"Opsterland","GM0086",2020-11-03,8,8,8,8,8,7,2020-10-01,1,0,0,0,0,"-",29743,0,0,0
"Schiermonnikoog","GM0088",2020-11-03,1,1,1,1,1,0,2020-10-01,1,0,0,0,0,"-",953,0,0,0
"Smallingerland","GM0090",2020-11-03,12,12,12,12,12,9,2020-10-01,3,0,0,0,0,"-",56181,0,0,0
"Terschelling","GM0093",2020-11-03,1,1,1,1,1,0,2020-10-01,1,0,0,0,0,"-",4807,0,0,0
"Vlieland","GM0096",2020-11-03,0,0,0,0,0,0,2020-10-01,0,0,0,0,0,"-",1190,0,0,0
"Weststellingwerf","GM0098",2020-11-03,3,3,3,3,3,3,2020-10-01,0,0,0,0,0,"-",26018,0,0,0
"Assen","GM0106",2020-11-03,14,14,14,14,13,12,2020-10-01,2,0,0,1,-100,"&#x2798;",68798,0,0,1.45353062589029
"Coevorden","GM0109",2020-11-03,19,19,15,14,14,13,2020-10-01,6,0,4,5,300,"&#x279A;&#x279A;",35303,0,11.3304818287398,14.1631022859247
"Emmen","GM0114",2020-11-03,50,49,46,46,43,23,2020-10-01,27,1,4,7,33.3333333333333,"&#x279A;",107078,0.933898653318142,3.73559461327257,6.53729057322699
"Hoogeveen","GM0118",2020-11-03,29,29,27,27,26,20,2020-10-01,9,0,2,3,100,"&#x279A;",55566,0,3.59932332721448,5.39898499082173
"Meppel","GM0119",2020-11-03,11,11,11,11,11,11,2020-10-01,0,0,0,0,0,"-",34125,0,0,0
"Almelo","GM0141",2020-11-03,33,32,32,32,31,26,2020-10-01,7,1,1,2,0,"-",73175,1.36658694909464,1.36658694909464,2.73317389818927
"Borne","GM0147",2020-11-03,16,16,16,16,15,14,2020-10-01,2,0,0,1,-100,"&#x2798;",23489,0,0,4.25731193324535
"Dalfsen","GM0148",2020-11-03,17,17,17,17,17,16,2020-10-01,1,0,0,0,0,"-",28837,0,0,0
"Deventer","GM0150",2020-11-03,50,50,50,50,50,48,2020-10-01,2,0,0,0,0,"-",100913,0,0,0
"Enschede","GM0153",2020-11-03,70,70,68,68,64,59,2020-10-01,11,0,2,6,-50,"&#x2798;",158918,0,1.25851067846311,3.77553203538932
"Haaksbergen","GM0158",2020-11-03,18,18,17,17,16,15,2020-10-01,3,0,1,2,0,"-",24275,0,4.11946446961895,8.2389289392379
"Hardenberg","GM0160",2020-11-03,25,25,24,24,23,23,2020-10-01,2,0,1,2,0,"-",61194,0,1.63414713860836,3.26829427721672
"Hellendoorn","GM0163",2020-11-03,13,13,13,13,13,8,2020-10-01,5,0,0,0,0,"-",35959,0,0,0
"Hengelo","GM0164",2020-11-03,40,40,39,39,37,26,2020-10-01,14,0,1,3,-50,"&#x2798;",81047,0,1.23385196244155,3.70155588732464
"Kampen","GM0166",2020-11-03,61,61,60,60,60,59,2020-10-01,2,0,1,1,100,"&#x279A;",54409,0,1.83793122461357,1.83793122461357
"Losser","GM0168",2020-11-03,11,11,11,11,11,10,2020-10-01,1,0,0,0,0,"-",22780,0,0,0
"Noordoostpolder","GM0171",2020-11-03,20,20,19,19,18,17,2020-10-01,3,0,1,2,0,"-",47618,0,2.10004620101642,4.20009240203284
"Oldenzaal","GM0173",2020-11-03,16,16,16,16,18,15,2020-10-01,1,0,0,-2,0,"-",31792,0,0,-6.29089079013588
"Ommen","GM0175",2020-11-03,9,9,9,9,9,9,2020-10-01,0,0,0,0,0,"-",18179,0,0,0
"Raalte","GM0177",2020-11-03,26,26,25,25,25,24,2020-10-01,2,0,1,1,100,"&#x279A;",37782,0,2.64676300884019,2.64676300884019
"Staphorst","GM0180",2020-11-03,9,9,8,8,8,8,2020-10-01,1,0,1,1,100,"&#x279A;",17217,0,5.80821281291747,5.80821281291747
"Tubbergen","GM0183",2020-11-03,12,12,12,12,12,12,2020-10-01,0,0,0,0,0,"-",21271,0,0,0
"Urk","GM0184",2020-11-03,24,24,24,23,23,23,2020-10-01,1,0,0,1,-100,"&#x2798;",21135,0,0,4.73148805299267
"Wierden","GM0189",2020-11-03,7,7,7,7,7,7,2020-10-01,0,0,0,0,0,"-",24474,0,0,0
"Zwolle","GM0193",2020-11-03,55,55,54,54,54,53,2020-10-01,2,0,1,1,100,"&#x279A;",129213,0,0.773915937250896,0.773915937250896
"Aalten","GM0197",2020-11-03,13,13,13,13,13,9,2020-10-01,4,0,0,0,0,"-",27116,0,0,0
"Apeldoorn","GM0200",2020-11-03,119,118,113,113,109,101,2020-10-01,18,1,6,10,50,"&#x279A;",164140,0.609236018033386,3.65541610820032,6.09236018033386
"Arnhem","GM0202",2020-11-03,100,99,89,88,81,73,2020-10-01,27,1,11,19,37.5,"&#x279A;",161961,0.617432591796791,6.7917585097647,11.731219244139
"Barneveld","GM0203",2020-11-03,25,25,24,24,23,18,2020-10-01,7,0,1,2,0,"-",59676,0,1.67571553053154,3.35143106106307
"Beuningen","GM0209",2020-11-03,20,20,20,20,20,19,2020-10-01,1,0,0,0,0,"-",26054,0,0,0
"Brummen","GM0213",2020-11-03,19,19,19,19,18,18,2020-10-01,1,0,0,1,-100,"&#x2798;",20838,0,0,4.79892504079086
"Buren","GM0214",2020-11-03,23,23,23,23,23,17,2020-10-01,6,0,0,0,0,"-",27021,0,0,0
"Culemborg","GM0216",2020-11-03,29,28,27,27,24,24,2020-10-01,5,1,2,5,-33.3333333333333,"&#x2798;",29020,3.44589937973811,6.89179875947622,17.2294968986906
"Doesburg","GM0221",2020-11-03,11,11,11,11,10,9,2020-10-01,2,0,0,1,-100,"&#x2798;",11028,0,0,9.06782734856728
"Doetinchem","GM0222",2020-11-03,35,34,32,32,30,27,2020-10-01,8,1,3,5,50,"&#x279A;",58104,1.72105190692551,5.16315572077654,8.60525953462756
"Druten","GM0225",2020-11-03,28,28,28,28,25,25,2020-10-01,3,0,0,3,-100,"&#x2798;",18973,0,0,15.8119432878301
"Duiven","GM0226",2020-11-03,17,17,16,16,16,14,2020-10-01,3,0,1,1,100,"&#x279A;",25062,0,3.99010454073897,3.99010454073897
"Ede","GM0228",2020-11-03,77,77,73,72,70,58,2020-10-01,19,0,4,7,33.3333333333333,"&#x279A;",117966,0,3.39080752081108,5.93391316141939
"Elburg","GM0230",2020-11-03,29,29,28,28,28,28,2020-10-01,1,0,1,1,100,"&#x279A;",23343,0,4.28393951077411,4.28393951077411
"Epe","GM0232",2020-11-03,53,53,52,52,51,49,2020-10-01,4,0,1,2,0,"-",33171,0,3.01468149889964,6.02936299779928
"Ermelo","GM0233",2020-11-03,33,33,33,33,33,33,2020-10-01,0,0,0,0,0,"-",26991,0,0,0
"Harderwijk","GM0243",2020-11-03,47,47,47,47,46,44,2020-10-01,3,0,0,1,-100,"&#x2798;",48623,0,0,2.0566398617938
"Hattem","GM0244",2020-11-03,18,18,18,18,18,18,2020-10-01,0,0,0,0,0,"-",12241,0,0,0
"Heerde","GM0246",2020-11-03,55,55,55,55,55,55,2020-10-01,0,0,0,0,0,"-",18645,0,0,0
"Heumen","GM0252",2020-11-03,19,19,19,19,19,18,2020-10-01,1,0,0,0,0,"-",16589,0,0,0
"Lochem","GM0262",2020-11-03,19,19,17,17,16,16,2020-10-01,3,0,2,3,100,"&#x279A;",33847,0,5.90894318551127,8.86341477826691
"Maasdriel","GM0263",2020-11-03,21,20,17,17,17,15,2020-10-01,6,1,4,4,400,"&#x279A;&#x279A;",25434,3.93174490839034,15.7269796335614,15.7269796335614
"Nijkerk","GM0267",2020-11-03,28,28,26,26,26,22,2020-10-01,6,0,2,2,200,"&#x279A;&#x279A;",43417,0,4.60649054517816,4.60649054517816
"Nijmegen","GM0268",2020-11-03,181,180,174,172,164,142,2020-10-01,39,1,7,17,-30,"&#x2798;",176669,0.566030259977698,3.96221181984389,9.62251441962087
"Oldebroek","GM0269",2020-11-03,40,40,40,40,40,40,2020-10-01,0,0,0,0,0,"-",23670,0,0,0
"Putten","GM0273",2020-11-03,12,12,11,11,11,10,2020-10-01,2,0,1,1,100,"&#x279A;",24220,0,4.12881915772089,4.12881915772089
"Renkum","GM0274",2020-11-03,17,17,17,17,14,14,2020-10-01,3,0,0,3,-100,"&#x2798;",31401,0,0,9.55383586509984
"Rheden","GM0275",2020-11-03,35,35,35,35,35,34,2020-10-01,1,0,0,0,0,"-",43565,0,0,0
"Rozendaal","GM0277",2020-11-03,1,1,1,1,1,1,2020-10-01,0,0,0,0,0,"-",1697,0,0,0
"Scherpenzeel","GM0279",2020-11-03,5,5,5,5,5,4,2020-10-01,1,0,0,0,0,"-",10000,0,0,0
"Tiel","GM0281",2020-11-03,48,48,48,48,46,43,2020-10-01,5,0,0,2,-100,"&#x2798;",41962,0,0,4.76621705352462
"Voorst","GM0285",2020-11-03,18,18,18,18,17,17,2020-10-01,1,0,0,1,-100,"&#x2798;",24702,0,0,4.04825520200793
"Wageningen","GM0289",2020-11-03,26,26,23,23,22,21,2020-10-01,5,0,3,4,200,"&#x279A;&#x279A;",39134,0,7.66596821178515,10.2212909490469
"Westervoort","GM0293",2020-11-03,12,12,12,12,12,12,2020-10-01,0,0,0,0,0,"-",15013,0,0,0
"Winterswijk","GM0294",2020-11-03,9,9,9,9,7,7,2020-10-01,2,0,0,2,-100,"&#x2798;",28893,0,0,6.92209185615893
"Wijchen","GM0296",2020-11-03,55,54,50,50,49,44,2020-10-01,11,1,5,6,400,"&#x279A;&#x279A;",41179,2.42842225406154,12.1421112703077,14.5705335243692
"Zaltbommel","GM0297",2020-11-03,23,23,23,23,23,21,2020-10-01,2,0,0,0,0,"-",29225,0,0,0
"Zevenaar","GM0299",2020-11-03,58,58,55,54,53,48,2020-10-01,10,0,3,5,50,"&#x279A;",44011,0,6.81647769875713,11.3607961645952
"Zutphen","GM0301",2020-11-03,35,35,34,34,32,31,2020-10-01,4,0,1,3,-50,"&#x2798;",48077,0,2.07999667200532,6.23999001601597
"Nunspeet","GM0302",2020-11-03,62,62,61,61,60,55,2020-10-01,7,0,1,2,0,"-",27862,0,3.58911779484603,7.17823558969205
"Dronten","GM0303",2020-11-03,40,40,40,39,36,31,2020-10-01,9,0,0,4,-100,"&#x2798;",41677,0,0,9.59761979029201
"Amersfoort","GM0307",2020-11-03,102,99,97,91,88,78,2020-10-01,24,3,5,14,-44.4444444444444,"&#x2798;",157521,1.90450797036586,3.17417995060976,8.88770386170733
"Baarn","GM0308",2020-11-03,18,17,15,15,12,12,2020-10-01,6,1,3,6,0,"-",24823,4.02852193530194,12.0855658059058,24.1711316118116
"De Bilt","GM0310",2020-11-03,35,35,33,33,31,29,2020-10-01,6,0,2,4,0,"-",43190,0,4.63070155128502,9.26140310257004
"Bunnik","GM0312",2020-11-03,12,12,12,12,12,10,2020-10-01,2,0,0,0,0,"-",15262,0,0,0
"Bunschoten","GM0313",2020-11-03,19,18,16,16,13,12,2020-10-01,7,1,3,6,0,"-",21930,4.55996352029184,13.6798905608755,27.359781121751
"Eemnes","GM0317",2020-11-03,3,3,2,2,2,2,2020-10-01,1,0,1,1,100,"&#x279A;",9323,0,10.7261611069398,10.7261611069398
"Houten","GM0321",2020-11-03,35,35,33,33,32,27,2020-10-01,8,0,2,3,100,"&#x279A;",50290,0,3.9769337840525,5.96540067607874
"Leusden","GM0327",2020-11-03,11,11,11,11,10,9,2020-10-01,2,0,0,1,-100,"&#x2798;",30486,0,0,3.2801941874959
"Lopik","GM0331",2020-11-03,25,25,23,22,22,20,2020-10-01,5,0,2,3,100,"&#x279A;",14483,0,13.8092936546296,20.7139404819443
"Montfoort","GM0335",2020-11-03,16,16,15,15,15,15,2020-10-01,1,0,1,1,100,"&#x279A;",13889,0,7.1999424004608,7.1999424004608
"Renswoude","GM0339",2020-11-03,5,5,5,5,5,5,2020-10-01,0,0,0,0,0,"-",5517,0,0,0
"Rhenen","GM0340",2020-11-03,13,13,13,13,12,11,2020-10-01,2,0,0,1,-100,"&#x2798;",20086,0,0,4.97859205416708
"Soest","GM0342",2020-11-03,37,37,35,33,32,24,2020-10-01,13,0,2,5,-33.3333333333333,"&#x2798;",46842,0,4.26967251611801,10.674181290295
"Utrecht","GM0344",2020-11-03,379,371,357,350,337,301,2020-10-01,78,8,22,42,10,"&#x279A;",357667,2.23671739355322,6.15097283227136,11.7427663161544
"Veenendaal","GM0345",2020-11-03,61,60,56,56,52,49,2020-10-06,12,1,5,9,25,"&#x279A;",66918,1.49436623927792,7.47183119638961,13.4492961535013
"Woudenberg","GM0351",2020-11-03,9,9,9,9,9,9,2020-10-06,0,0,0,0,0,"-",13568,0,0,0
"Wijk bij Duurstede","GM0352",2020-11-03,12,12,12,13,11,10,2020-10-01,2,0,0,1,-100,"&#x2798;",23901,0,0,4.1839253587716
"IJsselstein","GM0353",2020-11-03,45,44,43,42,39,36,2020-10-01,9,1,2,6,-50,"&#x2798;",33851,2.95412247791793,5.90824495583587,17.7247348675076
"Zeist","GM0355",2020-11-03,45,45,44,44,42,38,2020-10-01,7,0,1,3,-50,"&#x2798;",64883,0,1.54123576283464,4.62370728850392
"Nieuwegein","GM0356",2020-11-03,56,55,54,53,53,46,2020-10-01,10,1,2,3,100,"&#x279A;",63690,1.5701051970482,3.1402103940964,4.71031559114461
"Aalsmeer","GM0358",2020-11-03,13,12,11,11,10,10,2020-10-01,3,1,2,3,100,"&#x279A;",31927,3.13214520625176,6.26429041250352,9.39643561875529
"Alkmaar","GM0361",2020-11-03,68,68,64,64,61,57,2020-10-01,11,0,4,7,33.3333333333333,"&#x279A;",109751,0,3.64461371650372,6.37807400388151
"Amstelveen","GM0362",2020-11-03,78,78,75,74,72,69,2020-10-01,9,0,3,6,0,"-",90705,0,3.30742516950554,6.61485033901108
"Amsterdam","GM0363",2020-11-03,1060,1054,994,988,918,766,2020-10-01,294,6,66,142,-13.1578947368421,"&#x2798;",869709,0.689885927361911,7.58874520098102,16.3273002808986
"Beemster","GM0370",2020-11-03,4,4,4,4,4,4,2020-10-01,0,0,0,0,0,"-",10019,0,0,0
"Bergen (NH.)","GM0373",2020-11-03,22,22,22,22,21,20,2020-10-06,2,0,0,1,-100,"&#x2798;",29762,0,0,3.35998924803441
"Beverwijk","GM0375",2020-11-03,21,20,20,20,19,15,2020-10-01,6,1,1,2,0,"-",41752,2.39509484575589,2.39509484575589,4.79018969151178
"Blaricum","GM0376",2020-11-03,8,8,8,8,8,8,2020-10-01,0,0,0,0,0,"-",11799,0,0,0
"Bloemendaal","GM0377",2020-11-03,10,10,10,10,8,7,2020-10-01,3,0,0,2,-100,"&#x2798;",23566,0,0,8.48680302130188
"Castricum","GM0383",2020-11-03,18,18,18,18,18,15,2020-10-01,3,0,0,0,0,"-",36124,0,0,0
"Diemen","GM0384",2020-11-03,25,24,24,24,22,20,2020-10-01,5,1,1,3,-50,"&#x2798;",31206,3.20451195282958,3.20451195282958,9.61353585848875
"Edam-Volendam","GM0385",2020-11-03,42,42,38,38,35,26,2020-10-01,16,0,4,7,33.3333333333333,"&#x279A;",36190,0,11.0527770102238,19.3423597678917
"Enkhuizen","GM0388",2020-11-03,20,20,20,20,19,18,2020-10-01,2,0,0,1,-100,"&#x2798;",18658,0,0,5.35963125736949
"Haarlem","GM0392",2020-11-03,109,109,104,104,93,75,2020-10-01,34,0,5,16,-54.5454545454545,"&#x2798;",162962,0,3.06819994845424,9.81823983505357
"Haarlemmermeer","GM0394",2020-11-03,101,100,95,94,92,76,2020-10-01,25,1,6,9,100,"&#x279A;",157115,0.636476466282659,3.81885879769596,5.72828819654393
"Heemskerk","GM0396",2020-11-03,35,35,34,34,34,31,2020-10-01,4,0,1,1,100,"&#x279A;",39230,0,2.5490695895998,2.5490695895998
"Heemstede","GM0397",2020-11-03,17,17,16,15,15,13,2020-10-01,4,0,1,2,0,"-",27341,0,3.65751069821879,7.31502139643758
"Heerhugowaard","GM0398",2020-11-03,30,30,29,29,28,27,2020-10-01,3,0,1,2,0,"-",58018,0,1.72360301975249,3.44720603950498
"Heiloo","GM0399",2020-11-03,12,12,12,12,12,11,2020-10-01,1,0,0,0,0,"-",24100,0,0,0
"Den Helder","GM0400",2020-11-03,17,17,15,15,15,13,2020-10-01,4,0,2,2,200,"&#x279A;&#x279A;",56388,0,3.54685394055473,3.54685394055473
"Hilversum","GM0402",2020-11-03,42,42,39,39,37,37,2020-10-01,5,0,3,5,50,"&#x279A;",91110,0,3.29272308198881,5.48787180331467
"Hoorn","GM0405",2020-11-03,41,40,39,39,38,36,2020-10-01,5,1,2,3,100,"&#x279A;",73360,1.36314067611778,2.72628135223555,4.08942202835333
"Huizen","GM0406",2020-11-03,31,31,28,28,27,23,2020-10-01,8,0,3,4,200,"&#x279A;&#x279A;",41104,0,7.29855975087583,9.73141300116777
"Landsmeer","GM0415",2020-11-03,5,5,5,5,5,3,2020-10-01,2,0,0,0,0,"-",11573,0,0,0
"Langedijk","GM0416",2020-11-03,21,21,21,21,20,17,2020-10-01,4,0,0,1,-100,"&#x2798;",28214,0,0,3.54433968951584
"Laren","GM0417",2020-11-03,10,10,10,10,9,8,2020-10-01,2,0,0,1,-100,"&#x2798;",11355,0,0,8.80669308674593
"Medemblik","GM0420",2020-11-03,20,20,19,19,19,19,2020-10-01,1,0,1,1,100,"&#x279A;",45138,0,2.21542824227923,2.21542824227923
"Oostzaan","GM0431",2020-11-03,12,12,12,12,12,12,2020-10-01,0,0,0,0,0,"-",9682,0,0,0
"Opmeer","GM0432",2020-11-03,1,1,1,1,1,1,2020-10-01,0,0,0,0,0,"-",11967,0,0,0
"Ouder-Amstel","GM0437",2020-11-03,8,8,8,8,7,6,2020-10-01,2,0,0,1,-100,"&#x2798;",14065,0,0,7.10984713828653
"Purmerend","GM0439",2020-11-03,88,88,85,83,79,73,2020-10-01,15,0,3,9,-50,"&#x2798;",81775,0,3.66860287373892,11.0058086212168
"Schagen","GM0441",2020-11-03,21,21,20,20,19,19,2020-10-01,2,0,1,2,0,"-",46459,0,2.15243548074646,4.30487096149293
"Texel","GM0448",2020-11-03,6,6,6,6,5,5,2020-10-01,1,0,0,1,-100,"&#x2798;",13643,0,0,7.32976618045884
"Uitgeest","GM0450",2020-11-03,7,7,7,7,5,5,2020-10-01,2,0,0,2,-100,"&#x2798;",13643,0,0,14.6595323609177
"Uithoorn","GM0451",2020-11-03,21,21,21,21,21,18,2020-10-01,3,0,0,0,0,"-",29817,0,0,0
"Velsen","GM0453",2020-11-03,50,50,47,46,45,34,2020-10-01,16,0,3,5,50,"&#x279A;",68713,0,4.36598605795119,7.27664342991865
"Weesp","GM0457",2020-11-03,10,10,10,10,10,9,2020-10-01,1,0,0,0,0,"-",20219,0,0,0
"Zandvoort","GM0473",2020-11-03,15,15,12,12,12,11,2020-10-01,4,0,3,3,300,"&#x279A;&#x279A;",17116,0,17.5274596868427,17.5274596868427
"Zaanstad","GM0479",2020-11-03,165,162,154,154,148,133,2020-10-01,32,3,11,17,83.3333333333333,"&#x279A;",156907,1.91196058811908,7.01052215643662,10.8344433326748
"Alblasserdam","GM0482",2020-11-03,11,11,11,11,11,11,2020-10-01,0,0,0,0,0,"-",20221,0,0,0
"Alphen aan den Rijn","GM0484",2020-11-03,89,89,85,84,78,68,2020-10-01,21,0,4,11,-42.8571428571429,"&#x2798;",112343,0,3.56052446525373,9.79144227944776
"Barendrecht","GM0489",2020-11-03,51,51,49,49,45,40,2020-10-01,11,0,2,6,-50,"&#x2798;",48654,0,4.11065893862786,12.3319768158836
"Drechterland","GM0498",2020-11-03,6,6,6,6,5,5,2020-10-01,1,0,0,1,-100,"&#x2798;",19775,0,0,5.05689001264223
"Brielle","GM0501",2020-11-03,17,17,16,16,14,12,2020-10-01,5,0,1,3,-50,"&#x2798;",17378,0,5.75440211761998,17.2632063528599
"Capelle aan den IJssel","GM0502",2020-11-03,73,73,71,68,66,58,2020-10-01,15,0,2,7,-60,"&#x2798;",67142,0,2.97876143099699,10.4256650084895
"Delft","GM0503",2020-11-03,50,50,47,47,44,41,2020-10-01,9,0,3,6,0,"-",103037,0,2.91157545347788,5.82315090695575
"Dordrecht","GM0505",2020-11-03,97,97,97,97,97,96,2020-10-01,1,0,0,0,0,"-",119342,0,0,0
"Gorinchem","GM0512",2020-11-03,20,20,19,19,19,19,2020-10-01,1,0,1,1,100,"&#x279A;",37372,0,2.6758000642192,2.6758000642192
"Gouda","GM0513",2020-11-03,75,74,64,64,55,48,2020-10-01,27,1,11,20,22.2222222222222,"&#x279A;",73540,1.3598041881969,14.9578460701659,27.196083763938
"'s-Gravenhage","GM0518",2020-11-03,632,629,577,568,523,441,2020-10-01,191,3,55,109,1.85185185185186,"&#x279A;",545863,0.549588449849138,10.0757882472342,19.9683803445187
"Hardinxveld-Giessendam","GM0523",2020-11-03,2,2,2,2,2,2,2020-10-01,0,0,0,0,0,"-",18460,0,0,0
"Hellevoetsluis","GM0530",2020-11-03,21,21,21,21,20,16,2020-10-01,5,0,0,1,-100,"&#x2798;",40198,0,0,2.4876859545251
"Hendrik-Ido-Ambacht","GM0531",2020-11-03,13,13,13,13,13,12,2020-10-01,1,0,0,0,0,"-",31311,0,0,0
"Stede Broec","GM0532",2020-11-03,19,19,19,19,19,18,2020-10-01,1,0,0,0,0,"-",21773,0,0,0
"Hillegom","GM0534",2020-11-03,8,8,8,8,8,8,2020-10-01,0,0,0,0,0,"-",22210,0,0,0
"Katwijk","GM0537",2020-11-03,49,47,44,43,41,33,2020-10-01,16,2,5,8,66.6666666666667,"&#x279A;",65929,3.03356641235268,7.58391603088171,12.1342656494107
"Krimpen aan den IJssel","GM0542",2020-11-03,18,18,19,18,17,12,2020-10-01,6,0,-1,1,-150,"&#x2798;",29452,0,-3.39535515414912,3.39535515414912
"Leiden","GM0546",2020-11-03,64,64,60,59,54,46,2020-10-01,18,0,4,10,-33.3333333333333,"&#x2798;",123655,0,3.23480651813513,8.08701629533783
"Leiderdorp","GM0547",2020-11-03,26,25,24,23,18,15,2020-10-01,11,1,2,8,-66.6666666666667,"&#x2798;",27304,3.66246703779666,7.32493407559332,29.2997363023733
"Lisse","GM0553",2020-11-03,11,11,11,11,10,8,2020-10-01,3,0,0,1,-100,"&#x2798;",22983,0,0,4.35104207457686
"Maassluis","GM0556",2020-11-03,32,32,30,30,24,23,2020-10-01,9,0,2,8,-66.6666666666667,"&#x2798;",33336,0,5.99952003839693,23.9980801535877
"Nieuwkoop","GM0569",2020-11-03,14,14,13,13,12,9,2020-10-01,5,0,1,2,0,"-",29021,0,3.44578064160436,6.89156128320871
"Noordwijk","GM0575",2020-11-03,32,32,30,29,25,20,2020-10-01,12,0,2,7,-60,"&#x2798;",43733,0,4.57320558845723,16.0062195596003
"Oegstgeest","GM0579",2020-11-03,13,11,11,11,11,8,2020-10-01,5,2,2,2,200,"&#x279A;&#x279A;",24972,8.00897004645203,8.00897004645203,8.00897004645203
"Oudewater","GM0589",2020-11-03,30,30,30,30,27,26,2020-10-01,4,0,0,3,-100,"&#x2798;",10178,0,0,29.4753389663981
"Papendrecht","GM0590",2020-11-03,9,9,9,9,9,9,2020-10-01,0,0,0,0,0,"-",32095,0,0,0
"Ridderkerk","GM0597",2020-11-03,47,47,46,44,42,40,2020-10-01,7,0,1,5,-75,"&#x2798;",46576,0,2.14702851253865,10.7351425626932
"Rotterdam","GM0599",2020-11-03,873,864,815,798,749,649,2020-10-01,224,9,58,124,-12.1212121212121,"&#x2798;",650459,1.38363832309185,8.91678030436968,19.0634613403766
"Rijswijk","GM0603",2020-11-03,62,62,61,60,51,43,2020-10-01,19,0,1,11,-90,"&#x2798;",54855,0,1.82298787713062,20.0528666484368
"Schiedam","GM0606",2020-11-03,81,79,75,74,68,63,2020-10-01,18,2,6,13,-14.2857142857143,"&#x2798;",79003,2.53154943483159,7.59464830449477,16.4550713264053
"Sliedrecht","GM0610",2020-11-03,10,10,9,9,9,9,2020-10-01,1,0,1,1,100,"&#x279A;",25350,0,3.94477317554241,3.94477317554241
"Albrandswaard","GM0613",2020-11-03,19,19,17,17,17,15,2020-10-01,4,0,2,2,200,"&#x279A;&#x279A;",25896,0,7.72320049428483,7.72320049428483
"Westvoorne","GM0614",2020-11-03,6,6,6,6,6,6,2020-10-01,0,0,0,0,0,"-",14863,0,0,0
"Vlaardingen","GM0622",2020-11-03,63,62,57,57,53,47,2020-10-01,16,1,6,10,50,"&#x279A;",73758,1.35578513517178,8.13471081103067,13.5578513517178
"Voorschoten","GM0626",2020-11-03,11,11,11,11,11,9,2020-10-01,2,0,0,0,0,"-",25602,0,0,0
"Waddinxveen","GM0627",2020-11-03,27,27,26,26,25,19,2020-10-01,8,0,1,2,0,"-",29906,0,3.34381060656724,6.68762121313449
"Wassenaar","GM0629",2020-11-03,11,11,10,10,10,10,2020-10-01,1,0,1,1,100,"&#x279A;",26490,0,3.77500943752359,3.77500943752359
"Woerden","GM0632",2020-11-03,64,64,63,62,61,53,2020-10-01,11,0,1,3,-50,"&#x2798;",52558,0,1.90265991856616,5.70797975569847
"Zoetermeer","GM0637",2020-11-03,71,71,68,67,65,59,2020-10-01,12,0,3,6,0,"-",125247,0,2.39526695250186,4.79053390500371
"Zoeterwoude","GM0638",2020-11-03,4,4,4,4,4,3,2020-10-01,1,0,0,0,0,"-",8759,0,0,0
"Zwijndrecht","GM0642",2020-11-03,30,30,29,29,27,27,2020-10-01,3,0,1,3,-50,"&#x2798;",44641,0,2.24009318787662,6.72027956362985
"Borsele","GM0654",2020-11-03,5,5,5,5,5,5,2020-10-01,0,0,0,0,0,"-",22762,0,0,0
"Goes","GM0664",2020-11-03,15,15,14,14,13,12,2020-10-01,3,0,1,2,0,"-",38423,0,2.60260781302865,5.20521562605731
"West Maas en Waal","GM0668",2020-11-03,24,24,23,23,23,21,2020-10-01,3,0,1,1,100,"&#x279A;",19436,0,5.14509158263017,5.14509158263017
"Hulst","GM0677",2020-11-03,13,13,11,11,10,9,2020-10-01,4,0,2,3,100,"&#x279A;",27631,0,7.23824689660164,10.8573703449025
"Kapelle","GM0678",2020-11-03,3,3,3,3,3,3,2020-10-01,0,0,0,0,0,"-",12808,0,0,0
"Middelburg","GM0687",2020-11-03,21,21,21,21,19,19,2020-10-01,2,0,0,2,-100,"&#x2798;",48766,0,0,4.10121806176434
"Reimerswaal","GM0703",2020-11-03,6,6,6,6,6,5,2020-10-01,1,0,0,0,0,"-",22843,0,0,0
"Terneuzen","GM0715",2020-11-03,27,26,25,25,25,25,2020-10-01,2,1,2,2,200,"&#x279A;&#x279A;",54476,1.83567075409355,3.67134150818709,3.67134150818709
"Tholen","GM0716",2020-11-03,45,45,43,43,43,40,2020-10-01,5,0,2,2,200,"&#x279A;&#x279A;",25894,0,7.72379701861435,7.72379701861435
"Veere","GM0717",2020-11-03,8,8,8,8,8,6,2020-10-01,2,0,0,0,0,"-",21974,0,0,0
"Vlissingen","GM0718",2020-11-03,12,12,10,10,9,9,2020-10-01,3,0,2,3,100,"&#x279A;",44132,0,4.5318589685489,6.79778845282335
"De Ronde Venen","GM0736",2020-11-03,56,54,48,47,45,40,2020-10-01,16,2,8,11,166.666666666667,"&#x279A;&#x279A;",44636,4.4806882337127,17.9227529348508,24.6437852854198
"Tytsjerksteradiel","GM0737",2020-11-03,7,7,7,7,7,5,2020-10-01,2,0,0,0,0,"-",32079,0,0,0
"Asten","GM0743",2020-11-03,18,18,18,18,18,18,2020-10-01,0,0,0,0,0,"-",16718,0,0,0
"Baarle-Nassau","GM0744",2020-11-03,9,9,9,9,9,9,2020-10-01,0,0,0,0,0,"-",6876,0,0,0
"Bergen op Zoom","GM0748",2020-11-03,48,48,45,45,41,30,2020-10-01,18,0,3,7,-25,"&#x2798;",67667,0,4.43347569716405,10.3447766267161
"Best","GM0753",2020-11-03,35,35,35,35,32,31,2020-10-01,4,0,0,3,-100,"&#x2798;",30073,0,0,9.97572573404715
"Boekel","GM0755",2020-11-03,36,36,36,36,36,34,2020-10-01,2,0,0,0,0,"-",10872,0,0,0
"Boxmeer","GM0756",2020-11-03,23,23,20,20,20,20,2020-10-01,3,0,3,3,300,"&#x279A;&#x279A;",29465,0,10.1815713558459,10.1815713558459
"Boxtel","GM0757",2020-11-03,25,24,24,24,24,24,2020-10-01,1,1,1,1,100,"&#x279A;",30807,3.24601551595417,3.24601551595417,3.24601551595417
"Breda","GM0758",2020-11-03,186,184,177,176,166,151,2020-10-01,35,2,9,20,-18.1818181818182,"&#x2798;",183790,1.0881984874041,4.89689319331846,10.881984874041
"Deurne","GM0762",2020-11-03,58,58,58,58,57,56,2020-10-01,2,0,0,1,-100,"&#x2798;",32466,0,0,3.08014538286207
"Pekela","GM0765",2020-11-03,6,6,5,5,5,4,2020-10-01,2,0,1,1,100,"&#x279A;",12172,0,8.21557673348669,8.21557673348669
"Dongen","GM0766",2020-11-03,30,30,24,24,23,20,2020-10-01,10,0,6,7,500,"&#x279A;&#x279A;",26345,0,22.7747200607326,26.5705067375214
"Eersel","GM0770",2020-11-03,32,32,30,29,28,27,2020-10-01,5,0,2,4,0,"-",19418,0,10.2997219075085,20.599443815017
"Eindhoven","GM0772",2020-11-03,211,210,208,208,194,185,2020-10-01,26,1,3,17,-78.5714285714286,"&#x2798;",233983,0.427381476432048,1.28214442929615,7.26548509934482
"Etten-Leur","GM0777",2020-11-03,52,51,48,48,46,43,2020-10-01,9,1,4,6,100,"&#x279A;",43896,2.27811190085657,9.11244760342628,13.6686714051394
"Geertruidenberg","GM0779",2020-11-03,17,17,14,14,13,12,2020-10-01,5,0,3,4,200,"&#x279A;&#x279A;",21670,0,13.8440239963083,18.4586986617443
"Gilze en Rijen","GM0784",2020-11-03,25,25,21,21,20,20,2020-10-01,5,0,4,5,300,"&#x279A;&#x279A;",26551,0,15.0653459380061,18.8316824225076
"Goirle","GM0785",2020-11-03,35,35,33,33,32,32,2020-10-01,3,0,2,3,100,"&#x279A;",23823,0,8.39524828946816,12.5928724342022
"Grave","GM0786",2020-11-03,26,25,23,21,21,21,2020-10-01,5,1,3,5,50,"&#x279A;",12452,8.030838419531,24.092515258593,40.154192097655
"Haaren","GM0788",2020-11-03,20,20,20,20,19,19,2020-10-01,1,0,0,1,-100,"&#x2798;",14316,0,0,6.9851913942442
"Helmond","GM0794",2020-11-03,124,124,124,124,122,118,2020-10-01,6,0,0,2,-100,"&#x2798;",92420,0,0,2.16403375892664
"'s-Hertogenbosch","GM0796",2020-11-03,153,153,149,149,140,134,2020-10-01,19,0,4,13,-55.5555555555556,"&#x2798;",155409,0,2.57385350912753,8.36502390466447
"Heusden","GM0797",2020-11-03,51,51,49,49,48,45,2020-10-01,6,0,2,3,100,"&#x279A;",44897,0,4.45464062186783,6.68196093280175
"Hilvarenbeek","GM0798",2020-11-03,15,15,13,12,12,10,2020-10-01,5,0,2,3,100,"&#x279A;",15617,0,12.8065569571621,19.2098354357431
"Loon op Zand","GM0809",2020-11-03,30,30,29,29,28,27,2020-10-01,3,0,1,2,0,"-",23466,0,4.26148470126992,8.52296940253984
"Mill en Sint Hubert","GM0815",2020-11-03,12,9,9,9,9,9,2020-10-01,3,3,3,3,300,"&#x279A;&#x279A;",11007,27.2553829381303,27.2553829381303,27.2553829381303
"Nuenen, Gerwen en Nederwetten","GM0820",2020-11-03,20,20,19,19,19,18,2020-10-01,2,0,1,1,100,"&#x279A;",23526,0,4.25061633936921,4.25061633936921
"Oirschot","GM0823",2020-11-03,17,17,17,17,16,13,2020-10-01,4,0,0,1,-100,"&#x2798;",18832,0,0,5.31011045029737
"Oisterwijk","GM0824",2020-11-03,28,28,27,27,26,24,2020-10-01,4,0,1,2,0,"-",26344,0,3.7959307622229,7.59186152444579
"Oosterhout","GM0826",2020-11-03,53,53,52,52,52,50,2020-10-01,3,0,1,1,100,"&#x279A;",56232,0,1.77834684876938,1.77834684876938
"Oss","GM0828",2020-11-03,178,178,175,175,173,168,2020-10-01,10,0,3,5,50,"&#x279A;",92229,0,3.2527729889731,5.42128831495517
"Rucphen","GM0840",2020-11-03,17,16,14,14,12,10,2020-10-01,7,1,3,5,50,"&#x279A;",23009,4.34612542917989,13.0383762875397,21.7306271458994
"Sint-Michielsgestel","GM0845",2020-11-03,38,37,37,37,37,36,2020-10-01,2,1,1,1,100,"&#x279A;",29422,3.39881721161036,3.39881721161036,3.39881721161036
"Someren","GM0847",2020-11-03,34,34,34,34,34,33,2020-10-01,1,0,0,0,0,"-",19331,0,0,0
"Son en Breugel","GM0848",2020-11-03,31,31,31,31,31,31,2020-10-01,0,0,0,0,0,"-",17465,0,0,0
"Steenbergen","GM0851",2020-11-03,18,18,18,18,17,13,2020-10-01,5,0,0,1,-100,"&#x2798;",24302,0,0,4.11488766356678
"Waterland","GM0852",2020-11-03,22,22,20,20,18,16,2020-10-01,6,0,2,4,0,"-",17393,0,11.4988788593112,22.9977577186224
"Tilburg","GM0855",2020-11-03,283,279,268,268,263,257,2020-10-01,26,4,15,20,200,"&#x279A;&#x279A;",219599,1.82150191940765,6.83063219777868,9.10750959703824
"Uden","GM0856",2020-11-03,116,116,115,115,115,115,2020-10-01,1,0,1,1,100,"&#x279A;",42163,0,2.37174774091028,2.37174774091028
"Valkenswaard","GM0858",2020-11-03,23,23,23,23,20,19,2020-10-01,4,0,0,3,-100,"&#x2798;",31230,0,0,9.60614793467819
"Veldhoven","GM0861",2020-11-03,39,38,37,37,31,31,2020-10-01,8,1,2,8,-66.6666666666667,"&#x2798;",45625,2.19178082191781,4.38356164383562,17.5342465753425
"Vught","GM0865",2020-11-03,43,43,43,43,43,43,2020-10-01,0,0,0,0,0,"-",26709,0,0,0
"Waalre","GM0866",2020-11-03,8,8,8,8,8,7,2020-10-01,1,0,0,0,0,"-",17518,0,0,0
"Waalwijk","GM0867",2020-11-03,47,46,43,43,42,39,2020-10-01,8,1,4,5,300,"&#x279A;&#x279A;",48754,2.05111375476884,8.20445501907536,10.2555687738442
"Woensdrecht","GM0873",2020-11-03,10,10,10,9,7,6,2020-10-01,4,0,0,3,-100,"&#x2798;",21954,0,0,13.6649357748019
"Zundert","GM0879",2020-11-03,27,27,24,24,24,24,2020-10-01,3,0,3,3,300,"&#x279A;&#x279A;",22141,0,13.5495235084233,13.5495235084233
"Wormerland","GM0880",2020-11-03,21,21,21,21,21,20,2020-10-01,1,0,0,0,0,"-",16203,0,0,0
"Landgraaf","GM0882",2020-11-03,55,55,54,54,53,52,2020-10-01,3,0,1,2,0,"-",37267,0,2.68333914723482,5.36667829446964
"Beek","GM0888",2020-11-03,18,18,17,17,17,16,2020-10-03,2,0,1,1,100,"&#x279A;",15889,0,6.29366228208194,6.29366228208194
"Beesel","GM0889",2020-11-03,20,20,20,20,20,20,2020-10-01,0,0,0,0,0,"-",13439,0,0,0
"Bergen (L.)","GM0893",2020-11-03,10,10,9,9,8,7,2020-10-01,3,0,1,2,0,"-",13089,0,7.64000305600122,15.2800061120024
"Brunssum","GM0899",2020-11-03,50,50,50,50,49,46,2020-10-01,4,0,0,1,-100,"&#x2798;",27709,0,0,3.60893572485474
"Gennep","GM0907",2020-11-03,18,17,17,17,17,17,2020-10-01,1,1,1,1,100,"&#x279A;",16968,5.89344648750589,5.89344648750589,5.89344648750589
"Heerlen","GM0917",2020-11-03,131,131,130,130,127,126,2020-10-01,5,0,1,4,-66.6666666666667,"&#x2798;",86915,0,1.15054938733245,4.60219754932981
"Kerkrade","GM0928",2020-11-03,71,71,68,68,66,64,2020-10-01,7,0,3,5,50,"&#x279A;",45527,0,6.58949634282953,10.9824939047159
"Maastricht","GM0935",2020-11-03,202,200,198,198,193,192,2020-10-01,10,2,4,9,-20,"&#x2798;",118636,1.68582892208099,3.37165784416197,7.58623014936444
"Meerssen","GM0938",2020-11-03,23,23,23,23,23,22,2020-10-01,1,0,0,0,0,"-",18759,0,0,0
"Mook en Middelaar","GM0944",2020-11-03,8,8,7,7,7,7,2020-10-01,1,0,1,1,100,"&#x279A;",7879,0,12.6919659855312,12.6919659855312
"Nederweert","GM0946",2020-11-03,34,34,33,33,33,31,2020-10-01,3,0,1,1,100,"&#x279A;",17086,0,5.85274493737563,5.85274493737563
"Roermond","GM0957",2020-11-03,65,65,65,65,64,61,2020-10-01,4,0,0,1,-100,"&#x2798;",58620,0,0,1.70590242238144
"Simpelveld","GM0965",2020-11-03,19,19,19,19,19,19,2020-10-01,0,0,0,0,0,"-",10515,0,0,0
"Stein","GM0971",2020-11-03,49,49,46,46,45,44,2020-10-01,5,0,3,4,200,"&#x279A;&#x279A;",24935,0,12.0312813314618,16.0417084419491
"Vaals","GM0981",2020-11-03,10,10,10,10,10,10,2020-10-01,0,0,0,0,0,"-",10055,0,0,0
"Venlo","GM0983",2020-11-03,145,144,141,139,138,134,2020-10-01,11,1,4,7,33.3333333333333,"&#x279A;",101853,0.981807114174349,3.9272284566974,6.87264979922044
"Venray","GM0984",2020-11-03,42,42,40,40,38,37,2020-10-01,5,0,2,4,0,"-",43707,0,4.57592605303498,9.15185210606997
"Voerendaal","GM0986",2020-11-03,18,17,17,17,17,17,2020-10-01,1,1,1,1,100,"&#x279A;",12459,8.02632635042941,8.02632635042941,8.02632635042941
"Weert","GM0988",2020-11-03,72,72,71,70,69,67,2020-10-01,5,0,1,3,-50,"&#x2798;",50109,0,1.99564948412461,5.98694845237382
"Valkenburg aan de Geul","GM0994",2020-11-03,22,22,20,20,19,19,2020-10-01,3,0,2,3,100,"&#x279A;",16399,0,12.1958656015611,18.2937984023416
"Lelystad","GM0995",2020-11-03,86,85,82,81,79,69,2020-10-01,17,1,4,7,33.3333333333333,"&#x279A;",79284,1.26128853236466,5.04515412945865,8.82901972655265
"Horst aan de Maas","GM1507",2020-11-03,47,46,41,41,41,41,2020-10-01,6,1,6,6,600,"&#x279A;&#x279A;",42416,2.35760090531875,14.1456054319125,14.1456054319125
"Oude IJsselstreek","GM1509",2020-11-03,25,25,24,24,23,21,2020-10-01,4,0,1,2,0,"-",39331,0,2.54252370903359,5.08504741806717
"Teylingen","GM1525",2020-11-03,19,19,19,18,17,15,2020-10-01,4,0,0,2,-100,"&#x2798;",37655,0,0,5.31137963085912
"Utrechtse Heuvelrug","GM1581",2020-11-03,33,33,33,32,30,29,2020-10-01,4,0,0,3,-100,"&#x2798;",49784,0,0,6.02603246022819
"Oost Gelre","GM1586",2020-11-03,21,21,21,21,20,18,2020-10-01,3,0,0,1,-100,"&#x2798;",29644,0,0,3.37336391849953
"Koggenland","GM1598",2020-11-03,9,9,9,8,7,7,2020-10-01,2,0,0,2,-100,"&#x2798;",22864,0,0,8.74737578726382
"Lansingerland","GM1621",2020-11-03,52,51,49,49,49,44,2020-10-01,8,1,3,3,300,"&#x279A;&#x279A;",62882,1.59028020737254,4.77084062211762,4.77084062211762
"Leudal","GM1640",2020-11-03,54,54,54,54,54,54,2020-10-01,0,0,0,0,0,"-",35999,0,0,0
"Maasgouw","GM1641",2020-11-03,28,28,28,28,28,28,2020-10-01,0,0,0,0,0,"-",23936,0,0,0
"Gemert-Bakel","GM1652",2020-11-03,79,79,79,79,79,79,2020-10-01,0,0,0,0,0,"-",30693,0,0,0
"Halderberge","GM1655",2020-11-03,27,27,24,23,23,16,2020-10-01,11,0,3,4,200,"&#x279A;&#x279A;",30314,0,9.89641749686613,13.1952233291548
"Heeze-Leende","GM1658",2020-11-03,18,18,18,18,17,16,2020-10-01,2,0,0,1,-100,"&#x2798;",16217,0,0,6.16636862551643
"Laarbeek","GM1659",2020-11-03,42,42,42,42,41,41,2020-10-01,1,0,0,1,-100,"&#x2798;",22665,0,0,4.41208912420031
"Reusel-De Mierden","GM1667",2020-11-03,15,15,15,15,14,11,2020-10-01,4,0,0,1,-100,"&#x2798;",13066,0,0,7.65345170671973
"Roerdalen","GM1669",2020-11-03,27,27,27,27,27,27,2020-10-01,0,0,0,0,0,"-",20552,0,0,0
"Roosendaal","GM1674",2020-11-03,47,46,45,45,43,34,2020-10-01,13,1,2,4,0,"-",77308,1.29352718994153,2.58705437988307,5.17410875976613
"Schouwen-Duiveland","GM1676",2020-11-03,13,13,12,12,12,12,2020-10-01,1,0,1,1,100,"&#x279A;",34012,0,2.94013877455016,2.94013877455016
"Aa en Hunze","GM1680",2020-11-03,1,1,1,1,1,1,2020-10-01,0,0,0,0,0,"-",25393,0,0,0
"Borger-Odoorn","GM1681",2020-11-03,8,8,8,8,6,4,2020-10-01,4,0,0,2,-100,"&#x2798;",25554,0,0,7.82656335603037
"Cuijk","GM1684",2020-11-03,18,18,14,13,13,12,2020-10-01,6,0,4,5,300,"&#x279A;&#x279A;",25291,0,15.8159028903563,19.7698786129453
"Landerd","GM1685",2020-11-03,42,42,42,42,42,41,2020-10-01,1,0,0,0,0,"-",15761,0,0,0
"De Wolden","GM1690",2020-11-03,16,16,15,14,14,11,2020-10-01,5,0,1,2,0,"-",24357,0,4.10559592724884,8.21119185449768
"Noord-Beveland","GM1695",2020-11-03,1,1,1,1,1,1,2020-10-01,0,0,0,0,0,"-",7560,0,0,0
"Wijdemeren","GM1696",2020-11-03,11,11,12,12,10,8,2020-10-01,3,0,-1,1,-150,"&#x2798;",24414,0,-4.09601048578684,4.09601048578684
"Noordenveld","GM1699",2020-11-03,6,6,6,6,6,4,2020-10-01,2,0,0,0,0,"-",31270,0,0,0
"Twenterand","GM1700",2020-11-03,12,12,12,12,12,12,2020-10-01,0,0,0,0,0,"-",33729,0,0,0
"Westerveld","GM1701",2020-11-03,9,9,9,9,9,9,2020-10-01,0,0,0,0,0,"-",19573,0,0,0
"Sint Anthonis","GM1702",2020-11-03,21,21,21,21,21,20,2020-10-01,1,0,0,0,0,"-",11662,0,0,0
"Lingewaard","GM1705",2020-11-03,38,38,38,38,37,34,2020-10-01,4,0,0,1,-100,"&#x2798;",46723,0,0,2.14027352695674
"Cranendonck","GM1706",2020-11-03,63,63,63,63,63,63,2020-10-01,0,0,0,0,0,"-",20941,0,0,0
"Steenwijkerland","GM1708",2020-11-03,16,16,15,15,15,14,2020-10-01,2,0,1,1,100,"&#x279A;",44258,0,2.25947851235935,2.25947851235935
"Moerdijk","GM1709",2020-11-03,22,21,19,19,18,16,2020-10-01,6,1,3,4,200,"&#x279A;&#x279A;",37184,2.68932874354561,8.06798623063683,10.7573149741824
"Echt-Susteren","GM1711",2020-11-03,43,43,43,43,41,40,2020-10-01,3,0,0,2,-100,"&#x2798;",31654,0,0,6.31831680040437
"Sluis","GM1714",2020-11-03,10,10,9,9,9,9,2020-10-01,1,0,1,1,100,"&#x279A;",23173,0,4.31536702196522,4.31536702196522
"Drimmelen","GM1719",2020-11-03,21,21,21,21,21,19,2020-10-01,2,0,0,0,0,"-",27251,0,0,0
"Bernheze","GM1721",2020-11-03,98,98,97,97,96,95,2020-10-01,3,0,1,2,0,"-",31313,0,3.19356177945262,6.38712355890525
"Alphen-Chaam","GM1723",2020-11-03,18,18,18,18,18,18,2020-10-01,0,0,0,0,0,"-",10298,0,0,0
"Bergeijk","GM1724",2020-11-03,20,20,20,20,19,19,2020-10-01,1,0,0,1,-100,"&#x2798;",18674,0,0,5.35503909178537
"Bladel","GM1728",2020-11-03,23,23,23,23,22,21,2020-10-01,2,0,0,1,-100,"&#x2798;",20531,0,0,4.87068335687497
"Gulpen-Wittem","GM1729",2020-11-03,26,25,24,24,23,22,2020-10-01,4,1,2,3,100,"&#x279A;",14205,7.03977472720873,14.0795494544175,21.1193241816262
"Tynaarlo","GM1730",2020-11-03,11,11,11,11,11,9,2020-10-01,2,0,0,0,0,"-",33842,0,0,0
"Midden-Drenthe","GM1731",2020-11-03,6,6,6,6,6,6,2020-10-01,0,0,0,0,0,"-",33280,0,0,0
"Overbetuwe","GM1734",2020-11-03,62,62,60,60,59,56,2020-10-01,6,0,2,3,100,"&#x279A;",48057,0,4.16172461868198,6.24258692802297
"Hof van Twente","GM1735",2020-11-03,20,20,19,19,18,15,2020-10-01,5,0,1,2,0,"-",35129,0,2.84665091519827,5.69330183039654
"Neder-Betuwe","GM1740",2020-11-03,44,44,43,42,41,37,2020-10-01,7,0,1,3,-50,"&#x2798;",24526,0,4.07730571638261,12.2319171491478
"Rijssen-Holten","GM1742",2020-11-03,30,30,30,30,29,29,2020-10-01,1,0,0,1,-100,"&#x2798;",38227,0,0,2.61595207575797
"Geldrop-Mierlo","GM1771",2020-11-03,37,37,36,36,34,33,2020-10-01,4,0,1,3,-50,"&#x2798;",39997,0,2.50018751406355,7.50056254219066
"Olst-Wijhe","GM1773",2020-11-03,12,12,12,12,12,12,2020-10-01,0,0,0,0,0,"-",18300,0,0,0
"Dinkelland","GM1774",2020-11-03,21,21,21,21,20,20,2020-10-01,1,0,0,1,-100,"&#x2798;",26545,0,0,3.76718779431155
"Westland","GM1783",2020-11-03,75,75,71,70,68,61,2020-10-01,14,0,4,7,33.3333333333333,"&#x279A;",110974,0,3.60444788869465,6.30778380521564
"Midden-Delfland","GM1842",2020-11-03,8,8,7,6,5,5,2020-10-01,3,0,1,3,-50,"&#x2798;",19406,0,5.15304544986087,15.4591363495826
"Berkelland","GM1859",2020-11-03,20,20,18,18,17,14,2020-10-01,6,0,2,3,100,"&#x279A;",43845,0,4.56152354886532,6.84228532329798
"Bronckhorst","GM1876",2020-11-03,18,18,18,18,18,17,2020-10-01,1,0,0,0,0,"-",36077,0,0,0
"Sittard-Geleen","GM1883",2020-11-03,128,128,125,124,122,119,2020-10-01,9,0,3,6,0,"-",91928,0,3.26342354886433,6.52684709772866
"Kaag en Braassem","GM1884",2020-11-03,9,9,8,8,8,8,2020-10-01,1,0,1,1,100,"&#x279A;",27492,0,3.6374217954314,3.6374217954314
"Dantumadiel","GM1891",2020-11-03,2,2,2,2,2,2,2020-10-01,0,0,0,0,0,"-",18928,0,0,0
"Zuidplas","GM1892",2020-11-03,32,32,32,32,30,26,2020-10-01,6,0,0,2,-100,"&#x2798;",44750,0,0,4.46927374301676
"Peel en Maas","GM1894",2020-11-03,146,146,145,145,145,144,2020-10-01,2,0,1,1,100,"&#x279A;",43561,0,2.29563141342026,2.29563141342026
"Oldambt","GM1895",2020-11-03,10,10,10,10,10,7,2020-10-01,3,0,0,0,0,"-",38274,0,0,0
"Zwartewaterland","GM1896",2020-11-03,35,35,35,35,35,35,2020-10-01,0,0,0,0,0,"-",22755,0,0,0
"Súdwest-Fryslân","GM1900",2020-11-03,22,22,21,21,21,19,2020-10-01,3,0,1,1,100,"&#x279A;",89976,0,1.11140748644083,1.11140748644083
"Bodegraven-Reeuwijk","GM1901",2020-11-03,16,15,12,12,11,8,2020-10-01,8,1,4,5,300,"&#x279A;&#x279A;",35157,2.84438376425747,11.3775350570299,14.2219188212874
"Eijsden-Margraten","GM1903",2020-11-03,59,59,58,58,55,54,2020-10-01,5,0,1,4,-66.6666666666667,"&#x2798;",25775,0,3.87972841901067,15.5189136760427
"Stichtse Vecht","GM1904",2020-11-03,53,51,47,47,46,39,2020-10-01,14,2,6,7,500,"&#x279A;&#x279A;",65087,3.07281023860372,9.21843071581115,10.754835835113
"Hollands Kroon","GM1911",2020-11-03,27,26,26,26,26,26,2020-10-01,1,1,1,1,100,"&#x279A;",48637,2.05604786479429,2.05604786479429,2.05604786479429
"Leidschendam-Voorburg","GM1916",2020-11-03,42,42,37,36,36,31,2020-10-01,11,0,5,6,400,"&#x279A;&#x279A;",76387,0,6.54561640069645,7.85473968083574
"Goeree-Overflakkee","GM1924",2020-11-03,62,62,58,58,57,56,2020-10-01,6,0,4,5,300,"&#x279A;&#x279A;",50356,0,7.94344268806101,9.92930336007626
"Pijnacker-Nootdorp","GM1926",2020-11-03,33,32,32,32,30,30,2020-10-01,3,1,1,3,-50,"&#x2798;",55360,1.80635838150289,1.80635838150289,5.41907514450867
"Nissewaard","GM1930",2020-11-03,79,78,72,72,68,59,2020-10-01,20,1,7,11,75,"&#x279A;",85173,1.17408098810656,8.21856691674592,12.9148908691722
"Krimpenerwaard","GM1931",2020-11-03,60,58,55,55,52,47,2020-10-01,13,2,5,8,66.6666666666667,"&#x279A;",56353,3.54905683814526,8.87264209536316,14.1962273525811
"De Fryske Marren","GM1940",2020-11-03,24,24,23,23,22,17,2020-10-01,7,0,1,2,0,"-",51678,0,1.93505940632377,3.87011881264755
"Gooise Meren","GM1942",2020-11-03,29,29,27,27,27,25,2020-10-01,4,0,2,2,200,"&#x279A;&#x279A;",58247,0,3.43365323535976,3.43365323535976
"Berg en Dal","GM1945",2020-11-03,42,42,37,37,34,31,2020-10-01,11,0,5,8,66.6666666666667,"&#x279A;",34972,0,14.2971520073201,22.8754432117122
"Meierijstad","GM1948",2020-11-03,218,218,214,214,212,211,2020-10-01,7,0,4,6,100,"&#x279A;",81467,0,4.90996354352069,7.36494531528103
"Waadhoeke","GM1949",2020-11-03,15,15,15,15,13,13,2020-10-01,2,0,0,2,-100,"&#x2798;",46098,0,0,4.33858301878606
"Westerwolde","GM1950",2020-11-03,12,12,12,11,11,5,2020-10-01,7,0,0,1,-100,"&#x2798;",25719,0,0,3.88817605661184
"Midden-Groningen","GM1952",2020-11-03,10,10,10,10,9,7,2020-10-01,3,0,0,1,-100,"&#x2798;",60720,0,0,1.64690382081686
"Beekdaelen","GM1954",2020-11-03,52,52,52,52,52,52,2020-10-01,0,0,0,0,0,"-",35916,0,0,0
"Montferland","GM1955",2020-11-03,25,25,25,25,24,22,2020-10-01,3,0,0,1,-100,"&#x2798;",36052,0,0,2.77377121934983
"Altena","GM1959",2020-11-03,40,40,39,38,38,33,2020-10-01,7,0,1,2,0,"-",56194,0,1.77954941808734,3.55909883617468
"West Betuwe","GM1960",2020-11-03,55,54,51,51,49,44,2020-10-01,11,1,4,6,100,"&#x279A;",51281,1.9500399758195,7.80015990327802,11.700239854917
"Vijfheerenlanden","GM1961",2020-11-03,49,48,48,47,44,38,2020-10-01,11,1,1,5,-75,"&#x2798;",57525,1.73837461973055,1.73837461973055,8.69187309865276
"Hoeksche Waard","GM1963",2020-11-03,85,85,84,83,82,80,2020-10-01,5,0,1,3,-50,"&#x2798;",87614,0,1.14137010066884,3.42411030200653
"Het Hogeland","GM1966",2020-11-03,7,7,7,7,7,7,2020-10-01,0,0,0,0,0,"-",47878,0,0,0
"Westerkwartier","GM1969",2020-11-03,19,19,19,19,19,14,2020-10-01,5,0,0,0,0,"-",63458,0,0,0
"Noardeast-Fryslân","GM1970",2020-11-03,7,7,7,7,7,7,2020-10-01,0,0,0,0,0,"-",45433,0,0,0
"Molenlanden","GM1978",2020-11-03,20,20,20,20,20,20,2020-10-01,0,0,0,0,0,"-",44042,0,0,0
