"municipality","Municipality_code","date","d0","d1","d7","d8","d14","lowest_since_nov1","lowest_since_nov1_date","current","increase_1d","increase_7d","increase_14d","increase_growth","growth","population","rel_increase_1d","rel_increase_7d","rel_increase_14d"
"Netherlands","",2020-12-25,19499,19412,18864,18779,18319,15242,2020-11-01,4257,87,635,1180,16.5137614678899,"&#x279A;",17443797,0.498744625381733,3.6402624956023,6.76458227529247
"Unknown","",2020-12-25,110,110,109,110,109,91,2020-11-01,19,0,1,1,100,"&#x279A;",NA,NA,NA,NA
"Appingedam","GM0003",2020-12-25,9,9,9,9,9,8,2020-11-01,1,0,0,0,0,"-",11524,0,0,0
"Delfzijl","GM0010",2020-12-25,11,11,9,9,9,8,2020-11-01,3,0,2,2,200,"&#x279A;",24590,0,8.13338755591704,8.13338755591704
"Groningen","GM0014",2020-12-25,51,50,42,42,39,32,2020-11-01,19,1,9,12,200,"&#x279A;",233441,0.428373764677156,3.8553638820944,5.14048517612587
"Loppersum","GM0024",2020-12-25,2,2,2,2,1,0,2020-11-01,2,0,0,1,-100,"&#x2798;",9476,0,0,10.5529759392149
"Almere","GM0034",2020-12-25,209,207,196,196,191,170,2020-11-01,39,2,13,18,160,"&#x279A;",214339,0.933101302142867,6.06515846392864,8.3979117192858
"Stadskanaal","GM0037",2020-12-25,12,12,12,12,11,8,2020-11-01,4,0,0,1,-100,"&#x2798;",31679,0,0,3.15666529877837
"Veendam","GM0047",2020-12-25,4,4,4,4,4,4,2020-11-01,0,0,0,0,0,"-",27395,0,0,0
"Zeewolde","GM0050",2020-12-25,16,16,16,16,16,13,2020-11-01,3,0,0,0,0,"-",22767,0,0,0
"Achtkarspelen","GM0059",2020-12-25,2,2,1,1,1,0,2020-11-01,2,0,1,1,100,"&#x279A;",27880,0,3.58680057388809,3.58680057388809
"Ameland","GM0060",2020-12-25,0,0,0,0,0,0,2020-11-01,0,0,0,0,0,"-",3759,0,0,0
"Harlingen","GM0072",2020-12-25,5,5,5,5,5,4,2020-11-01,1,0,0,0,0,"-",15830,0,0,0
"Heerenveen","GM0074",2020-12-25,17,17,17,17,17,16,2020-11-01,1,0,0,0,0,"-",50603,0,0,0
"Leeuwarden","GM0080",2020-12-25,55,54,54,54,54,47,2020-11-01,8,1,1,1,100,"&#x279A;",124427,0.803684087858745,0.803684087858745,0.803684087858745
"Ooststellingwerf","GM0085",2020-12-25,10,10,9,9,9,5,2020-11-01,5,0,1,1,100,"&#x279A;",25398,0,3.93731789904717,3.93731789904717
"Opsterland","GM0086",2020-12-25,14,14,14,14,13,8,2020-11-01,6,0,0,1,-100,"&#x2798;",29815,0,0,3.35401643468053
"Schiermonnikoog","GM0088",2020-12-25,1,1,1,1,1,1,2020-11-01,0,0,0,0,0,"-",938,0,0,0
"Smallingerland","GM0090",2020-12-25,16,16,16,16,14,12,2020-11-01,4,0,0,2,-100,"&#x2798;",56069,0,0,3.56703347660918
"Terschelling","GM0093",2020-12-25,1,1,1,1,1,1,2020-11-01,0,0,0,0,0,"-",4887,0,0,0
"Vlieland","GM0096",2020-12-25,0,0,0,0,0,0,2020-11-01,0,0,0,0,0,"-",1199,0,0,0
"Weststellingwerf","GM0098",2020-12-25,6,6,5,5,5,3,2020-11-01,3,0,1,1,100,"&#x279A;",26094,0,3.8322986127079,3.8322986127079
"Assen","GM0106",2020-12-25,30,30,28,28,23,14,2020-11-01,16,0,2,7,-60,"&#x2798;",68808,0,2.90663876293454,10.1732356702709
"Coevorden","GM0109",2020-12-25,27,26,26,26,23,19,2020-11-01,8,1,1,4,-66.6666666666667,"&#x2798;",35306,2.83237976547896,2.83237976547896,11.3295190619158
"Emmen","GM0114",2020-12-25,63,62,62,62,57,49,2020-11-01,14,1,1,6,-80,"&#x2798;",107019,0.934413515357086,0.934413515357086,5.60648109214252
"Hoogeveen","GM0118",2020-12-25,37,37,37,36,35,29,2020-11-01,8,0,0,2,-100,"&#x2798;",55562,0,0,3.59958244843598
"Meppel","GM0119",2020-12-25,14,14,14,14,13,11,2020-11-01,3,0,0,1,-100,"&#x2798;",34291,0,0,2.91621708319967
"Almelo","GM0141",2020-12-25,53,52,47,47,44,32,2020-11-01,21,1,6,9,100,"&#x279A;",73184,1.36641888937473,8.19851333624836,12.2977700043725
"Borne","GM0147",2020-12-25,21,21,19,19,18,16,2020-11-01,5,0,2,3,100,"&#x279A;",23592,0,8.4774499830451,12.7161749745677
"Dalfsen","GM0148",2020-12-25,18,18,18,18,18,17,2020-11-01,1,0,0,0,0,"-",28925,0,0,0
"Deventer","GM0150",2020-12-25,65,65,62,62,59,50,2020-11-01,15,0,3,6,0,"-",101081,0,2.96791681918461,5.93583363836923
"Enschede","GM0153",2020-12-25,124,124,117,117,107,70,2020-11-01,54,0,7,17,-30,"&#x2798;",159916,0,4.37729808149278,10.6305810550539
"Haaksbergen","GM0158",2020-12-25,24,23,22,22,22,18,2020-11-01,6,1,2,2,200,"&#x279A;",24265,4.1211621677313,8.2423243354626,8.2423243354626
"Hardenberg","GM0160",2020-12-25,35,34,33,33,31,24,2020-11-01,11,1,2,4,0,"-",61249,1.63267971721987,3.26535943443975,6.53071886887949
"Hellendoorn","GM0163",2020-12-25,17,17,17,17,16,13,2020-11-01,4,0,0,1,-100,"&#x2798;",35930,0,0,2.78318953520735
"Hengelo","GM0164",2020-12-25,52,52,51,50,48,39,2020-11-01,13,0,1,4,-66.6666666666667,"&#x2798;",81138,0,1.23246814069856,4.92987256279425
"Kampen","GM0166",2020-12-25,68,68,67,66,66,61,2020-11-01,7,0,1,2,0,"-",54423,0,1.83745842750308,3.67491685500616
"Losser","GM0168",2020-12-25,23,22,20,19,17,11,2020-11-01,12,1,3,6,0,"-",22852,4.37598459653422,13.1279537896027,26.2559075792053
"Noordoostpolder","GM0171",2020-12-25,26,26,26,26,23,20,2020-11-01,6,0,0,3,-100,"&#x2798;",47537,0,0,6.31087363527358
"Oldenzaal","GM0173",2020-12-25,34,33,29,29,27,16,2020-11-01,18,1,5,7,150,"&#x279A;",31728,3.15179021684317,15.7589510842158,22.0625315179022
"Ommen","GM0175",2020-12-25,10,10,10,10,9,9,2020-11-01,1,0,0,1,-100,"&#x2798;",18264,0,0,5.47525186158563
"Raalte","GM0177",2020-12-25,27,27,27,27,27,25,2020-11-01,2,0,0,0,0,"-",37859,0,0,0
"Staphorst","GM0180",2020-12-25,11,11,11,11,11,8,2020-11-01,3,0,0,0,0,"-",17259,0,0,0
"Tubbergen","GM0183",2020-12-25,15,15,15,14,14,12,2020-11-01,3,0,0,1,-100,"&#x2798;",21323,0,0,4.68977160812268
"Urk","GM0184",2020-12-25,40,39,38,38,36,24,2020-11-01,16,1,2,4,0,"-",21184,4.72054380664653,9.44108761329305,18.8821752265861
"Wierden","GM0189",2020-12-25,11,11,11,11,11,7,2020-11-01,4,0,0,0,0,"-",24540,0,0,0
"Zwolle","GM0193",2020-12-25,65,64,64,63,62,54,2020-11-01,11,1,1,3,-50,"&#x2798;",129561,0.771837204096912,0.771837204096912,2.31551161229074
"Aalten","GM0197",2020-12-25,17,16,14,14,14,13,2020-11-01,4,1,3,3,300,"&#x279A;",27128,3.68622825125332,11.05868475376,11.05868475376
"Apeldoorn","GM0200",2020-12-25,143,143,139,138,136,117,2020-11-01,26,0,4,7,33.3333333333333,"&#x279A;",164609,0,2.43000078975026,4.25250138206295
"Arnhem","GM0202",2020-12-25,127,127,120,120,117,99,2020-11-01,28,0,7,10,133.333333333333,"&#x279A;",162299,0,4.3130271905557,6.16146741507958
"Barneveld","GM0203",2020-12-25,32,32,32,32,32,25,2020-11-01,7,0,0,0,0,"-",59846,0,0,0
"Beuningen","GM0209",2020-12-25,24,24,24,24,24,20,2020-11-01,4,0,0,0,0,"-",26156,0,0,0
"Brummen","GM0213",2020-12-25,24,24,23,22,22,19,2020-11-01,5,0,1,2,0,"-",20854,0,4.79524311882613,9.59048623765225
"Buren","GM0214",2020-12-25,29,29,27,27,27,23,2020-11-01,6,0,2,2,200,"&#x279A;",26992,0,7.40960284528749,7.40960284528749
"Culemborg","GM0216",2020-12-25,35,35,34,34,34,28,2020-11-01,7,0,1,1,100,"&#x279A;",29103,0,3.43607188262378,3.43607188262378
"Doesburg","GM0221",2020-12-25,14,14,13,13,12,11,2020-11-01,3,0,1,2,0,"-",11028,0,9.06782734856728,18.1356546971346
"Doetinchem","GM0222",2020-12-25,44,44,42,42,40,34,2020-11-01,10,0,2,4,0,"-",58220,0,3.43524562006183,6.87049124012367
"Druten","GM0225",2020-12-25,31,31,31,31,31,28,2020-11-01,3,0,0,0,0,"-",18972,0,0,0
"Duiven","GM0226",2020-12-25,20,20,18,18,18,17,2020-11-01,3,0,2,2,200,"&#x279A;",25079,0,7.97479963315922,7.97479963315922
"Ede","GM0228",2020-12-25,101,101,96,95,94,75,2020-11-01,26,0,5,7,150,"&#x279A;",118461,0,4.22079840622652,5.90911776871713
"Elburg","GM0230",2020-12-25,32,32,31,31,31,29,2020-11-01,3,0,1,1,100,"&#x279A;",23394,0,4.27460032486962,4.27460032486962
"Epe","GM0232",2020-12-25,59,59,58,58,56,53,2020-11-01,6,0,1,3,-50,"&#x2798;",33179,0,3.01395460984358,9.04186382953073
"Ermelo","GM0233",2020-12-25,33,33,33,33,33,33,2020-11-01,0,0,0,0,0,"-",27028,0,0,0
"Harderwijk","GM0243",2020-12-25,58,58,56,56,55,47,2020-11-01,11,0,2,3,100,"&#x279A;",48637,0,4.11209572958859,6.16814359438288
"Hattem","GM0244",2020-12-25,19,19,19,19,19,18,2020-11-01,1,0,0,0,0,"-",12227,0,0,0
"Heerde","GM0246",2020-12-25,55,55,55,55,55,55,2020-11-01,0,0,0,0,0,"-",18749,0,0,0
"Heumen","GM0252",2020-12-25,23,23,22,21,21,19,2020-11-01,4,0,1,2,0,"-",16584,0,6.02990834539315,12.0598166907863
"Lochem","GM0262",2020-12-25,25,24,23,23,22,18,2020-11-01,7,1,2,3,100,"&#x279A;",33869,2.95255248162036,5.90510496324072,8.85765744486108
"Maasdriel","GM0263",2020-12-25,28,28,26,26,26,20,2020-11-01,8,0,2,2,200,"&#x279A;",25442,0,7.8610172156277,7.8610172156277
"Nijkerk","GM0267",2020-12-25,36,35,34,34,33,27,2020-11-01,9,1,2,3,100,"&#x279A;",43527,2.29742458703793,4.59484917407586,6.89227376111379
"Nijmegen","GM0268",2020-12-25,207,207,201,200,199,180,2020-11-01,27,0,6,8,200,"&#x279A;",177489,0,3.38049118536923,4.50732158049231
"Oldebroek","GM0269",2020-12-25,43,43,42,42,41,40,2020-11-01,3,0,1,2,0,"-",23715,0,4.21674045962471,8.43348091924942
"Putten","GM0273",2020-12-25,13,13,13,13,13,12,2020-11-01,1,0,0,0,0,"-",24387,0,0,0
"Renkum","GM0274",2020-12-25,22,22,22,22,20,17,2020-11-01,5,0,0,2,-100,"&#x2798;",31398,0,0,6.36983247340595
"Rheden","GM0275",2020-12-25,43,43,41,41,41,35,2020-11-01,8,0,2,2,200,"&#x279A;",43649,0,4.58200646062911,4.58200646062911
"Rozendaal","GM0277",2020-12-25,1,1,1,1,1,1,2020-11-01,0,0,0,0,0,"-",1719,0,0,0
"Scherpenzeel","GM0279",2020-12-25,5,5,5,5,5,5,2020-11-01,0,0,0,0,0,"-",10095,0,0,0
"Tiel","GM0281",2020-12-25,66,65,65,65,64,48,2020-11-01,18,1,1,2,0,"-",41907,2.38623618965805,2.38623618965805,4.7724723793161
"Voorst","GM0285",2020-12-25,22,22,20,19,19,18,2020-11-01,4,0,2,3,100,"&#x279A;",24720,0,8.09061488673139,12.1359223300971
"Wageningen","GM0289",2020-12-25,30,30,30,30,30,26,2020-11-01,4,0,0,0,0,"-",39770,0,0,0
"Westervoort","GM0293",2020-12-25,17,16,16,16,15,12,2020-11-01,5,1,1,2,0,"-",15008,6.66311300639659,6.66311300639659,13.3262260127932
"Winterswijk","GM0294",2020-12-25,13,13,13,13,13,9,2020-11-01,4,0,0,0,0,"-",28937,0,0,0
"Wijchen","GM0296",2020-12-25,61,61,61,61,61,54,2020-11-01,7,0,0,0,0,"-",41239,0,0,0
"Zaltbommel","GM0297",2020-12-25,26,26,26,26,26,23,2020-11-01,3,0,0,0,0,"-",29418,0,0,0
"Zevenaar","GM0299",2020-12-25,63,62,61,61,61,58,2020-11-01,5,1,2,2,200,"&#x279A;",44098,2.26767653861853,4.53535307723706,4.53535307723706
"Zutphen","GM0301",2020-12-25,42,42,41,40,39,34,2020-11-01,8,0,1,3,-50,"&#x2798;",48130,0,2.07770621234158,6.23311863702472
"Nunspeet","GM0302",2020-12-25,69,69,68,68,64,61,2020-11-05,8,0,1,5,-75,"&#x2798;",28011,0,3.57002606119025,17.8501303059512
"Dronten","GM0303",2020-12-25,50,50,47,46,44,40,2020-11-01,10,0,3,6,0,"-",41907,0,7.15870856897416,14.3174171379483
"Amersfoort","GM0307",2020-12-25,151,150,142,140,133,99,2020-11-01,52,1,9,18,0,"-",157613,0.634465431150984,5.71018888035885,11.4203777607177
"Baarn","GM0308",2020-12-25,26,26,25,25,24,17,2020-11-01,9,0,1,2,0,"-",24841,0,4.0256028340244,8.05120566804879
"De Bilt","GM0310",2020-12-25,41,41,40,38,38,35,2020-11-01,6,0,1,3,-50,"&#x2798;",43372,0,2.30563497187125,6.91690491561376
"Bunnik","GM0312",2020-12-25,16,16,16,16,16,12,2020-11-01,4,0,0,0,0,"-",15352,0,0,0
"Bunschoten","GM0313",2020-12-25,38,38,38,37,36,17,2020-11-01,21,0,0,2,-100,"&#x2798;",22030,0,0,9.07852927825692
"Eemnes","GM0317",2020-12-25,7,7,7,7,6,3,2020-11-01,4,0,0,1,-100,"&#x2798;",9370,0,0,10.6723585912487
"Houten","GM0321",2020-12-25,44,44,44,43,43,34,2020-11-01,10,0,0,1,-100,"&#x2798;",50236,0,0,1.99060434747989
"Leusden","GM0327",2020-12-25,19,18,18,17,16,11,2020-11-01,8,1,1,3,-50,"&#x2798;",30509,3.27772132813268,3.27772132813268,9.83316398439805
"Lopik","GM0331",2020-12-25,25,25,25,25,25,25,2020-11-01,0,0,0,0,0,"-",14434,0,0,0
"Montfoort","GM0335",2020-12-25,16,16,16,16,16,16,2020-11-01,0,0,0,0,0,"-",13901,0,0,0
"Renswoude","GM0339",2020-12-25,5,5,5,5,5,5,2020-11-01,0,0,0,0,0,"-",5533,0,0,0
"Rhenen","GM0340",2020-12-25,20,19,15,15,15,13,2020-11-01,7,1,5,5,500,"&#x279A;",20170,4.95785820525533,24.7892910262766,24.7892910262766
"Soest","GM0342",2020-12-25,50,49,47,47,45,37,2020-11-01,13,1,3,5,50,"&#x279A;",46905,2.13196887325445,6.39590661976335,10.6598443662723
"Utrecht","GM0344",2020-12-25,478,477,473,473,461,368,2020-11-01,110,1,5,17,-58.3333333333333,"&#x2798;",359481,0.278178818908371,1.39089409454185,4.7290399214423
"Veenendaal","GM0345",2020-12-25,84,84,79,79,76,59,2020-11-01,25,0,5,8,66.6666666666667,"&#x279A;",66905,0,7.47328301322771,11.9572528211643
"Woudenberg","GM0351",2020-12-25,12,12,11,11,11,9,2020-11-01,3,0,1,1,100,"&#x279A;",13602,0,7.35186002058521,7.35186002058521
"Wijk bij Duurstede","GM0352",2020-12-25,15,15,15,15,14,12,2020-11-01,3,0,0,1,-100,"&#x2798;",23932,0,0,4.17850576633796
"IJsselstein","GM0353",2020-12-25,53,53,52,52,52,44,2020-11-01,9,0,1,1,100,"&#x279A;",33901,0,2.94976549364326,2.94976549364326
"Zeist","GM0355",2020-12-25,55,55,54,53,52,45,2020-11-02,10,0,1,3,-50,"&#x2798;",64980,0,1.5389350569406,4.61680517082179
"Nieuwegein","GM0356",2020-12-25,75,73,70,69,66,54,2020-11-01,21,2,5,9,25,"&#x279A;",63821,3.13376474828035,7.83441187070087,14.1019413672616
"Aalsmeer","GM0358",2020-12-25,19,19,19,19,18,12,2020-11-01,7,0,0,1,-100,"&#x2798;",31958,0,0,3.12910695287565
"Alkmaar","GM0361",2020-12-25,88,88,83,83,81,68,2020-11-01,20,0,5,7,150,"&#x279A;",109809,0,4.55336083563278,6.37470516988589
"Amstelveen","GM0362",2020-12-25,93,93,90,90,90,76,2020-11-01,17,0,3,3,300,"&#x279A;",90965,0,3.29797174737536,3.29797174737536
"Amsterdam","GM0363",2020-12-25,1309,1303,1257,1250,1220,1049,2020-11-01,260,6,52,89,40.5405405405405,"&#x279A;",872939,0.68733325008964,5.95688816744354,10.195443209663
"Beemster","GM0370",2020-12-25,5,5,4,4,4,4,2020-11-01,1,0,1,1,100,"&#x279A;",10062,0,9.93838203140529,9.93838203140529
"Bergen (NH.)","GM0373",2020-12-25,27,27,27,27,27,22,2020-11-01,5,0,0,0,0,"-",29674,0,0,0
"Beverwijk","GM0375",2020-12-25,25,25,25,25,23,20,2020-11-01,5,0,0,2,-100,"&#x2798;",41803,0,0,4.78434562112767
"Blaricum","GM0376",2020-12-25,8,8,8,8,8,8,2020-11-01,0,0,0,0,0,"-",11885,0,0,0
"Bloemendaal","GM0377",2020-12-25,10,10,10,10,10,10,2020-11-01,0,0,0,0,0,"-",23526,0,0,0
"Castricum","GM0383",2020-12-25,18,18,18,18,18,18,2020-11-01,0,0,0,0,0,"-",36198,0,0,0
"Diemen","GM0384",2020-12-25,31,30,30,30,30,24,2020-11-01,7,1,1,1,100,"&#x279A;",31263,3.19866935354892,3.19866935354892,3.19866935354892
"Edam-Volendam","GM0385",2020-12-25,59,59,57,57,56,42,2020-11-01,17,0,2,3,100,"&#x279A;",36239,0,5.51891608488093,8.27837412732139
"Enkhuizen","GM0388",2020-12-25,24,24,21,20,20,20,2020-11-01,4,0,3,4,200,"&#x279A;",18640,0,16.0944206008584,21.4592274678112
"Haarlem","GM0392",2020-12-25,145,145,137,137,136,107,2020-11-01,38,0,8,9,700,"&#x279A;",162773,0,4.91482002543419,5.52917252861347
"Haarlemmermeer","GM0394",2020-12-25,124,123,121,120,115,100,2020-11-01,24,1,3,9,-50,"&#x2798;",157715,0.634055099388137,1.90216529816441,5.70649589449323
"Heemskerk","GM0396",2020-12-25,42,42,42,42,42,35,2020-11-01,7,0,0,0,0,"-",39207,0,0,0
"Heemstede","GM0397",2020-12-25,21,21,21,21,20,17,2020-11-01,4,0,0,1,-100,"&#x2798;",27474,0,0,3.63980490645701
"Heerhugowaard","GM0398",2020-12-25,36,36,36,36,33,30,2020-11-01,6,0,0,3,-100,"&#x2798;",58156,0,0,5.15853910172639
"Heiloo","GM0399",2020-12-25,15,15,15,15,14,12,2020-11-01,3,0,0,1,-100,"&#x2798;",24095,0,0,4.15023863872173
"Den Helder","GM0400",2020-12-25,23,23,23,22,19,17,2020-11-01,6,0,0,4,-100,"&#x2798;",56506,0,0,7.07889427671398
"Hilversum","GM0402",2020-12-25,52,52,49,49,49,42,2020-11-01,10,0,3,3,300,"&#x279A;",91233,0,3.28828384466147,3.28828384466147
"Hoorn","GM0405",2020-12-25,55,55,51,51,50,40,2020-11-01,15,0,4,5,300,"&#x279A;",73552,0,5.43832934522515,6.79791168153143
"Huizen","GM0406",2020-12-25,41,40,38,38,38,31,2020-11-01,10,1,3,3,300,"&#x279A;",41146,2.43036990229913,7.29110970689739,7.29110970689739
"Landsmeer","GM0415",2020-12-25,7,7,7,7,6,5,2020-11-01,2,0,0,1,-100,"&#x2798;",11578,0,0,8.63707030575229
"Langedijk","GM0416",2020-12-25,23,23,23,23,22,21,2020-11-01,2,0,0,1,-100,"&#x2798;",28327,0,0,3.53020086842941
"Laren","GM0417",2020-12-25,12,12,12,12,11,10,2020-11-01,2,0,0,1,-100,"&#x2798;",11406,0,0,8.76731544800982
"Medemblik","GM0420",2020-12-25,24,24,23,23,23,20,2020-11-01,4,0,1,1,100,"&#x279A;",45116,0,2.21650855572303,2.21650855572303
"Oostzaan","GM0431",2020-12-25,13,13,13,13,13,12,2020-11-01,1,0,0,0,0,"-",9668,0,0,0
"Opmeer","GM0432",2020-12-25,3,3,3,3,3,1,2020-11-01,2,0,0,0,0,"-",11995,0,0,0
"Ouder-Amstel","GM0437",2020-12-25,8,8,8,8,8,8,2020-11-01,0,0,0,0,0,"-",14146,0,0,0
"Purmerend","GM0439",2020-12-25,103,103,103,103,99,88,2020-11-01,15,0,0,4,-100,"&#x2798;",81735,0,0,4.89386431761179
"Schagen","GM0441",2020-12-25,27,27,25,25,24,21,2020-11-01,6,0,2,3,100,"&#x279A;",46517,0,4.29950340735645,6.44925511103467
"Texel","GM0448",2020-12-25,6,6,6,6,6,6,2020-11-01,0,0,0,0,0,"-",13651,0,0,0
"Uitgeest","GM0450",2020-12-25,8,8,8,7,7,7,2020-11-01,1,0,0,1,-100,"&#x2798;",13661,0,0,7.3201083376034
"Uithoorn","GM0451",2020-12-25,27,27,27,27,27,21,2020-11-01,6,0,0,0,0,"-",30051,0,0,0
"Velsen","GM0453",2020-12-25,66,66,62,62,60,50,2020-11-01,16,0,4,6,100,"&#x279A;",68758,0,5.81750487216033,8.72625730824049
"Weesp","GM0457",2020-12-25,12,12,12,11,11,10,2020-11-01,2,0,0,1,-100,"&#x2798;",20466,0,0,4.88615264340858
"Zandvoort","GM0473",2020-12-25,15,15,15,15,15,15,2020-11-01,0,0,0,0,0,"-",17149,0,0,0
"Zaanstad","GM0479",2020-12-25,219,218,211,210,202,161,2020-11-01,58,1,8,17,-11.1111111111111,"&#x2798;",157133,0.636403556223072,5.09122844978458,10.8188604557922
"Alblasserdam","GM0482",2020-12-25,16,16,15,15,15,11,2020-11-01,5,0,1,1,100,"&#x279A;",20229,0,4.94339809184834,4.94339809184834
"Alphen aan den Rijn","GM0484",2020-12-25,122,122,113,113,113,89,2020-11-01,33,0,9,9,900,"&#x279A;",112520,0,7.99857803057234,7.99857803057234
"Barendrecht","GM0489",2020-12-25,73,73,72,72,71,51,2020-11-01,22,0,1,2,0,"-",48597,0,2.05774018972365,4.11548037944729
"Drechterland","GM0498",2020-12-25,7,7,7,7,7,6,2020-11-01,1,0,0,0,0,"-",19832,0,0,0
"Brielle","GM0501",2020-12-25,23,23,23,23,23,17,2020-11-01,6,0,0,0,0,"-",17397,0,0,0
"Capelle aan den IJssel","GM0502",2020-12-25,99,99,99,99,98,73,2020-11-01,26,0,0,1,-100,"&#x2798;",67204,0,0,1.48800666626986
"Delft","GM0503",2020-12-25,71,71,71,70,69,48,2020-11-01,23,0,0,2,-100,"&#x2798;",103973,0,0,1.92357631308128
"Dordrecht","GM0505",2020-12-25,120,119,114,113,110,97,2020-11-01,23,1,6,10,50,"&#x279A;",119203,0.838905061114234,5.0334303666854,8.38905061114234
"Gorinchem","GM0512",2020-12-25,23,23,23,23,23,20,2020-11-01,3,0,0,0,0,"-",37422,0,0,0
"Gouda","GM0513",2020-12-25,116,113,110,110,104,73,2020-11-01,43,3,6,12,0,"-",73771,4.06663865204484,8.13327730408968,16.2665546081794
"'s-Gravenhage","GM0518",2020-12-25,866,863,826,822,803,617,2020-11-01,249,3,40,63,73.9130434782609,"&#x279A;",547882,0.547563161410669,7.30084215214225,11.498826389624
"Hardinxveld-Giessendam","GM0523",2020-12-25,2,2,2,2,2,2,2020-11-01,0,0,0,0,0,"-",18393,0,0,0
"Hellevoetsluis","GM0530",2020-12-25,35,35,35,35,34,20,2020-11-04,15,0,0,1,-100,"&#x2798;",40251,0,0,2.48441032520931
"Hendrik-Ido-Ambacht","GM0531",2020-12-25,15,15,14,14,14,13,2020-11-01,2,0,1,1,100,"&#x279A;",31235,0,3.20153673763406,3.20153673763406
"Stede Broec","GM0532",2020-12-25,20,20,20,20,20,19,2020-11-01,1,0,0,0,0,"-",21775,0,0,0
"Hillegom","GM0534",2020-12-25,11,11,11,11,9,8,2020-11-01,3,0,0,2,-100,"&#x2798;",22216,0,0,9.00252070579762
"Katwijk","GM0537",2020-12-25,67,67,65,64,58,46,2020-11-01,21,0,2,9,-71.4285714285714,"&#x2798;",65965,0,3.03191086182066,13.643598878193
"Krimpen aan den IJssel","GM0542",2020-12-25,26,26,25,25,25,18,2020-11-01,8,0,1,1,100,"&#x279A;",29410,0,3.40020401224073,3.40020401224073
"Leiden","GM0546",2020-12-25,90,90,88,88,85,64,2020-11-01,26,0,2,5,-33.3333333333333,"&#x2798;",124016,0,1.61269513611147,4.03173784027867
"Leiderdorp","GM0547",2020-12-25,30,30,30,30,30,25,2020-11-01,5,0,0,0,0,"-",27359,0,0,0
"Lisse","GM0553",2020-12-25,20,20,19,19,16,11,2020-11-01,9,0,1,4,-66.6666666666667,"&#x2798;",22989,0,4.34990647701074,17.399625908043
"Maassluis","GM0556",2020-12-25,45,45,44,44,44,32,2020-11-01,13,0,1,1,100,"&#x279A;",33539,0,2.98160350636572,2.98160350636572
"Nieuwkoop","GM0569",2020-12-25,22,22,22,22,19,14,2020-11-01,8,0,0,3,-100,"&#x2798;",29119,0,0,10.3025515986126
"Noordwijk","GM0575",2020-12-25,44,43,42,42,42,32,2020-11-01,12,1,2,2,200,"&#x279A;",43982,2.27365740530217,4.54731481060434,4.54731481060434
"Oegstgeest","GM0579",2020-12-25,17,17,17,17,17,11,2020-11-01,6,0,0,0,0,"-",25067,0,0,0
"Oudewater","GM0589",2020-12-25,32,32,32,32,32,30,2020-11-01,2,0,0,0,0,"-",10154,0,0,0
"Papendrecht","GM0590",2020-12-25,13,12,11,11,11,9,2020-11-01,4,1,2,2,200,"&#x279A;",32119,3.11342196207852,6.22684392415704,6.22684392415704
"Ridderkerk","GM0597",2020-12-25,62,62,61,60,56,47,2020-11-01,15,0,1,6,-80,"&#x2798;",46646,0,2.14380654289757,12.8628392573854
"Rotterdam","GM0599",2020-12-25,1221,1219,1187,1183,1152,850,2020-11-01,371,2,34,69,-2.85714285714286,"-",652497,0.306514819225223,5.21075192682878,10.5747612632702
"Rijswijk","GM0603",2020-12-25,85,84,82,82,80,62,2020-11-01,23,1,3,5,50,"&#x279A;",55211,1.81123326873268,5.43369980619804,9.0561663436634
"Schiedam","GM0606",2020-12-25,148,148,144,144,142,79,2020-11-01,69,0,4,6,100,"&#x279A;",79284,0,5.04515412945865,7.56773119418798
"Sliedrecht","GM0610",2020-12-25,12,12,12,12,12,10,2020-11-01,2,0,0,0,0,"-",25509,0,0,0
"Albrandswaard","GM0613",2020-12-25,33,33,32,32,32,18,2020-11-01,15,0,1,1,100,"&#x279A;",25857,0,3.86742468190432,3.86742468190432
"Westvoorne","GM0614",2020-12-25,10,10,10,10,9,6,2020-11-01,4,0,0,1,-100,"&#x2798;",14896,0,0,6.71321160042964
"Vlaardingen","GM0622",2020-12-25,104,104,99,99,94,62,2020-11-01,42,0,5,10,0,"-",73863,0,6.76928908925985,13.5385781785197
"Voorschoten","GM0626",2020-12-25,13,13,13,13,12,11,2020-11-01,2,0,0,1,-100,"&#x2798;",25613,0,0,3.9042673642291
"Waddinxveen","GM0627",2020-12-25,46,45,44,44,42,27,2020-11-01,19,1,2,4,0,"-",30123,3.31972247120141,6.63944494240281,13.2788898848056
"Wassenaar","GM0629",2020-12-25,21,21,20,20,19,11,2020-11-01,10,0,1,2,0,"-",26782,0,3.73385109401837,7.46770218803674
"Woerden","GM0632",2020-12-25,79,79,77,76,76,64,2020-11-01,15,0,2,3,100,"&#x279A;",52659,0,3.79802123093868,5.69703184640802
"Zoetermeer","GM0637",2020-12-25,95,94,89,88,86,70,2020-11-01,25,1,6,9,100,"&#x279A;",125297,0.798103705595505,4.78862223357303,7.18293335035955
"Zoeterwoude","GM0638",2020-12-25,6,5,4,4,4,4,2020-11-01,2,1,2,2,200,"&#x279A;",8794,11.3713895838071,22.7427791676143,22.7427791676143
"Zwijndrecht","GM0642",2020-12-25,40,40,35,35,34,30,2020-11-01,10,0,5,6,400,"&#x279A;",44778,0,11.1661976863638,13.3994372236366
"Borsele","GM0654",2020-12-25,9,7,7,7,7,5,2020-11-01,4,2,2,2,200,"&#x279A;",22758,8.78811846383689,8.78811846383689,8.78811846383689
"Goes","GM0664",2020-12-25,33,31,30,30,26,15,2020-11-01,18,2,3,7,-25,"&#x2798;",38556,5.18726008922087,7.78089013383131,18.1554103122731
"West Maas en Waal","GM0668",2020-12-25,24,24,24,24,24,24,2020-11-01,0,0,0,0,0,"-",19537,0,0,0
"Hulst","GM0677",2020-12-25,22,22,21,21,21,13,2020-11-01,9,0,1,1,100,"&#x279A;",27593,0,3.62410756351249,3.62410756351249
"Kapelle","GM0678",2020-12-25,5,5,5,5,4,3,2020-11-01,2,0,0,1,-100,"&#x2798;",12874,0,0,7.76759359950287
"Middelburg","GM0687",2020-12-25,31,29,29,29,29,21,2020-11-01,10,2,2,2,200,"&#x279A;",49009,4.08088310310351,4.08088310310351,4.08088310310351
"Reimerswaal","GM0703",2020-12-25,10,10,10,10,9,6,2020-11-01,4,0,0,1,-100,"&#x2798;",22916,0,0,4.36376330947809
"Terneuzen","GM0715",2020-12-25,42,42,40,40,39,25,2020-11-01,17,0,2,3,100,"&#x279A;",54435,0,3.67410673280059,5.51116009920088
"Tholen","GM0716",2020-12-25,51,51,51,51,50,45,2020-11-01,6,0,0,1,-100,"&#x2798;",25993,0,0,3.84718962797676
"Veere","GM0717",2020-12-25,10,10,10,10,10,8,2020-11-01,2,0,0,0,0,"-",21994,0,0,0
"Vlissingen","GM0718",2020-12-25,23,21,21,20,20,12,2020-11-01,11,2,2,3,100,"&#x279A;",44296,4.51508036843056,4.51508036843056,6.77262055264584
"De Ronde Venen","GM0736",2020-12-25,75,75,74,74,70,53,2020-11-01,22,0,1,5,-75,"&#x2798;",44642,0,2.24004300882577,11.2002150441288
"Tytsjerksteradiel","GM0737",2020-12-25,9,9,9,9,9,7,2020-11-01,2,0,0,0,0,"-",32049,0,0,0
"Asten","GM0743",2020-12-25,23,23,22,22,22,18,2020-11-01,5,0,1,1,100,"&#x279A;",16768,0,5.96374045801527,5.96374045801527
"Baarle-Nassau","GM0744",2020-12-25,12,12,12,12,12,9,2020-11-01,3,0,0,0,0,"-",6917,0,0,0
"Bergen op Zoom","GM0748",2020-12-25,68,68,67,66,64,47,2020-11-01,21,0,1,4,-66.6666666666667,"&#x2798;",67609,0,1.47909302016004,5.91637208064015
"Best","GM0753",2020-12-25,41,41,40,39,39,35,2020-11-01,6,0,1,2,0,"-",30162,0,3.31543001127246,6.63086002254492
"Boekel","GM0755",2020-12-25,37,37,37,37,36,36,2020-11-01,1,0,0,1,-100,"&#x2798;",10906,0,0,9.16926462497708
"Boxmeer","GM0756",2020-12-25,28,28,26,26,25,23,2020-11-01,5,0,2,3,100,"&#x279A;",29580,0,6.76132521974307,10.1419878296146
"Boxtel","GM0757",2020-12-25,35,35,34,34,34,24,2020-11-01,11,0,1,1,100,"&#x279A;",30888,0,3.23750323750324,3.23750323750324
"Breda","GM0758",2020-12-25,213,212,211,211,205,184,2020-11-01,29,1,2,8,-66.6666666666667,"&#x2798;",184190,0.542917639394104,1.08583527878821,4.34334111515283
"Deurne","GM0762",2020-12-25,65,65,64,64,64,58,2020-11-01,7,0,1,1,100,"&#x279A;",32455,0,3.08118933908489,3.08118933908489
"Pekela","GM0765",2020-12-25,10,10,10,10,8,6,2020-11-01,4,0,0,2,-100,"&#x2798;",12173,0,0,16.4298036638462
"Dongen","GM0766",2020-12-25,39,39,38,38,38,30,2020-11-01,9,0,1,1,100,"&#x279A;",26351,0,3.79492239383705,3.79492239383705
"Eersel","GM0770",2020-12-25,39,39,38,38,37,32,2020-11-01,7,0,1,2,0,"-",19491,0,5.1305730850136,10.2611461700272
"Eindhoven","GM0772",2020-12-25,280,278,268,267,255,210,2020-11-01,70,2,12,25,-7.69230769230769,"&#x2798;",235514,0.849206416603684,5.0952384996221,10.615080207546
"Etten-Leur","GM0777",2020-12-25,61,61,60,60,59,51,2020-11-01,10,0,1,2,0,"-",43928,0,2.27645237661628,4.55290475323256
"Geertruidenberg","GM0779",2020-12-25,21,21,21,21,20,17,2020-11-01,4,0,0,1,-100,"&#x2798;",21768,0,0,4.59389930172731
"Gilze en Rijen","GM0784",2020-12-25,30,30,30,30,29,24,2020-11-01,6,0,0,1,-100,"&#x2798;",26761,0,0,3.73678113672882
"Goirle","GM0785",2020-12-25,36,36,36,36,36,35,2020-11-01,1,0,0,0,0,"-",23915,0,0,0
"Grave","GM0786",2020-12-25,28,28,28,28,28,24,2020-11-01,4,0,0,0,0,"-",12433,0,0,0
"Haaren","GM0788",2020-12-25,25,25,25,25,23,20,2020-11-01,5,0,0,2,-100,"&#x2798;",14351,0,0,13.9363110584628
"Helmond","GM0794",2020-12-25,151,151,148,148,142,124,2020-11-01,27,0,3,9,-50,"&#x2798;",92574,0,3.24065072266511,9.72195216799533
"'s-Hertogenbosch","GM0796",2020-12-25,183,183,180,180,176,153,2020-11-01,30,0,3,7,-25,"&#x2798;",155541,0,1.92875190464251,4.50042111083251
"Heusden","GM0797",2020-12-25,68,68,66,64,64,50,2020-11-01,18,0,2,4,0,"-",44977,0,4.44671721101897,8.89343442203793
"Hilvarenbeek","GM0798",2020-12-25,18,18,18,18,17,15,2020-11-01,3,0,0,1,-100,"&#x2798;",15661,0,0,6.38528829576655
"Loon op Zand","GM0809",2020-12-25,39,39,38,38,38,30,2020-11-01,9,0,1,1,100,"&#x279A;",23467,0,4.26130310648997,4.26130310648997
"Mill en Sint Hubert","GM0815",2020-12-25,14,14,14,14,14,9,2020-11-01,5,0,0,0,0,"-",11003,0,0,0
"Nuenen, Gerwen en Nederwetten","GM0820",2020-12-25,24,23,22,22,22,20,2020-11-01,4,1,2,2,200,"&#x279A;",23640,4.23011844331641,8.46023688663283,8.46023688663283
"Oirschot","GM0823",2020-12-25,21,21,21,21,21,17,2020-11-01,4,0,0,0,0,"-",18826,0,0,0
"Oisterwijk","GM0824",2020-12-25,32,32,32,32,31,27,2020-11-01,5,0,0,1,-100,"&#x2798;",26436,0,0,3.78272053260705
"Oosterhout","GM0826",2020-12-25,62,62,62,61,58,52,2020-11-01,10,0,0,4,-100,"&#x2798;",56225,0,0,7.11427301022677
"Oss","GM0828",2020-12-25,200,200,199,199,196,177,2020-11-01,23,0,1,4,-66.6666666666667,"&#x2798;",92390,0,1.08236822166901,4.32947288667605
"Rucphen","GM0840",2020-12-25,25,25,25,25,24,16,2020-11-01,9,0,0,1,-100,"&#x2798;",23077,0,0,4.33331888893704
"Sint-Michielsgestel","GM0845",2020-12-25,42,42,41,40,39,37,2020-11-01,5,0,1,3,-50,"&#x2798;",29476,0,3.39259058216854,10.1777717465056
"Someren","GM0847",2020-12-25,37,37,36,36,36,34,2020-11-01,3,0,1,1,100,"&#x279A;",19364,0,5.16422226812642,5.16422226812642
"Son en Breugel","GM0848",2020-12-25,35,35,33,33,33,31,2020-11-01,4,0,2,2,200,"&#x279A;",17539,0,11.403158674953,11.403158674953
"Steenbergen","GM0851",2020-12-25,20,20,20,20,20,18,2020-11-01,2,0,0,0,0,"-",24326,0,0,0
"Waterland","GM0852",2020-12-25,27,27,25,25,25,21,2020-11-01,6,0,2,2,200,"&#x279A;",17324,0,11.5446779034865,11.5446779034865
"Tilburg","GM0855",2020-12-25,336,334,328,327,319,278,2020-11-01,58,2,8,17,-11.1111111111111,"&#x2798;",220536,0.90688141618602,3.62752566474408,7.70849203758117
"Uden","GM0856",2020-12-25,121,121,120,120,120,116,2020-11-01,5,0,1,1,100,"&#x279A;",42207,0,2.36927523870448,2.36927523870448
"Valkenswaard","GM0858",2020-12-25,29,29,27,27,27,23,2020-11-01,6,0,2,2,200,"&#x279A;",31241,0,6.40184373099453,6.40184373099453
"Veldhoven","GM0861",2020-12-25,50,49,45,44,43,38,2020-11-01,12,1,5,7,150,"&#x279A;",45636,2.1912525199404,10.956262599702,15.3387676395828
"Vught","GM0865",2020-12-25,51,51,50,50,48,43,2020-11-01,8,0,1,3,-50,"&#x2798;",26772,0,3.73524577917227,11.2057373375168
"Waalre","GM0866",2020-12-25,9,9,9,9,9,8,2020-11-01,1,0,0,0,0,"-",17528,0,0,0
"Waalwijk","GM0867",2020-12-25,60,59,58,58,57,45,2020-11-01,15,1,2,3,100,"&#x279A;",48886,2.04557542036575,4.0911508407315,6.13672626109725
"Woensdrecht","GM0873",2020-12-25,12,12,12,11,11,10,2020-11-01,2,0,0,1,-100,"&#x2798;",21970,0,0,4.55166135639508
"Zundert","GM0879",2020-12-25,31,31,30,30,30,27,2020-11-01,4,0,1,1,100,"&#x279A;",22026,0,4.54008898574412,4.54008898574412
"Wormerland","GM0880",2020-12-25,25,25,25,25,25,21,2020-11-01,4,0,0,0,0,"-",16256,0,0,0
"Landgraaf","GM0882",2020-12-25,58,58,57,57,56,55,2020-11-01,3,0,1,2,0,"-",37302,0,2.68082140367809,5.36164280735617
"Beek","GM0888",2020-12-25,19,18,18,18,18,18,2020-11-01,1,1,1,1,100,"&#x279A;",15897,6.29049506196138,6.29049506196138,6.29049506196138
"Beesel","GM0889",2020-12-25,24,24,24,24,24,20,2020-11-01,4,0,0,0,0,"-",13452,0,0,0
"Bergen (L.)","GM0893",2020-12-25,12,12,12,12,12,10,2020-11-01,2,0,0,0,0,"-",13117,0,0,0
"Brunssum","GM0899",2020-12-25,59,59,58,58,56,50,2020-11-01,9,0,1,3,-50,"&#x2798;",27661,0,3.61519829362641,10.8455948808792
"Gennep","GM0907",2020-12-25,23,23,21,20,19,17,2020-11-01,6,0,2,4,0,"-",17002,0,11.7633219621221,23.5266439242442
"Heerlen","GM0917",2020-12-25,147,147,145,143,141,131,2020-11-01,16,0,2,6,-50,"&#x2798;",86805,0,2.30401474569437,6.91204423708312
"Kerkrade","GM0928",2020-12-25,87,86,82,82,80,70,2020-11-01,17,1,5,7,150,"&#x279A;",45517,2.19698134762836,10.9849067381418,15.3788694333985
"Maastricht","GM0935",2020-12-25,224,224,219,219,213,200,2020-11-01,24,0,5,11,-16.6666666666667,"&#x2798;",120484,0,4.14992862122771,9.12984296670097
"Meerssen","GM0938",2020-12-25,26,26,26,26,26,23,2020-11-01,3,0,0,0,0,"-",18707,0,0,0
"Mook en Middelaar","GM0944",2020-12-25,10,10,10,10,9,8,2020-11-01,2,0,0,1,-100,"&#x2798;",7897,0,0,12.6630365961758
"Nederweert","GM0946",2020-12-25,38,38,37,37,37,34,2020-11-01,4,0,1,1,100,"&#x279A;",17161,0,5.82716624905309,5.82716624905309
"Roermond","GM0957",2020-12-25,68,68,68,68,66,65,2020-11-01,3,0,0,2,-100,"&#x2798;",58769,0,0,3.40315472442955
"Simpelveld","GM0965",2020-12-25,22,22,22,22,21,19,2020-11-01,3,0,0,1,-100,"&#x2798;",10508,0,0,9.51655881233346
"Stein","GM0971",2020-12-25,55,55,55,55,53,49,2020-11-01,6,0,0,2,-100,"&#x2798;",24872,0,0,8.04117079446767
"Vaals","GM0981",2020-12-25,13,13,11,11,11,10,2020-11-01,3,0,2,2,200,"&#x279A;",10084,0,19.8333994446648,19.8333994446648
"Venlo","GM0983",2020-12-25,167,166,158,156,155,144,2020-11-01,23,1,9,12,200,"&#x279A;",101934,0.981026938999745,8.8292424509977,11.7723232679969
"Venray","GM0984",2020-12-25,48,48,47,47,47,42,2020-11-01,6,0,1,1,100,"&#x279A;",43676,0,2.28958695851268,2.28958695851268
"Voerendaal","GM0986",2020-12-25,18,18,18,18,18,17,2020-11-01,1,0,0,0,0,"-",12483,0,0,0
"Weert","GM0988",2020-12-25,89,88,87,86,86,72,2020-11-01,17,1,2,3,100,"&#x279A;",50044,1.99824154743825,3.99648309487651,5.99472464231476
"Valkenburg aan de Geul","GM0994",2020-12-25,26,26,26,25,25,20,2020-11-01,6,0,0,1,-100,"&#x2798;",16405,0,0,6.09570252971655
"Lelystad","GM0995",2020-12-25,101,101,100,99,97,85,2020-11-01,16,0,1,4,-66.6666666666667,"&#x2798;",79759,0,1.25377700322221,5.01510801288883
"Horst aan de Maas","GM1507",2020-12-25,51,51,50,50,50,44,2020-11-01,7,0,1,1,100,"&#x279A;",42484,0,2.35382732322757,2.35382732322757
"Oude IJsselstreek","GM1509",2020-12-25,29,29,28,28,27,25,2020-11-01,4,0,1,2,0,"-",39333,0,2.54239442707142,5.08478885414283
"Teylingen","GM1525",2020-12-25,27,27,25,25,25,19,2020-11-01,8,0,2,2,200,"&#x279A;",37737,0,5.29983835493017,5.29983835493017
"Utrechtse Heuvelrug","GM1581",2020-12-25,49,48,45,45,41,33,2020-11-01,16,1,4,8,0,"-",49965,2.00140098068648,8.00560392274592,16.0112078454918
"Oost Gelre","GM1586",2020-12-25,24,24,23,23,23,21,2020-11-01,3,0,1,1,100,"&#x279A;",29617,0,3.37643920721207,3.37643920721207
"Koggenland","GM1598",2020-12-25,13,13,13,13,13,9,2020-11-01,4,0,0,0,0,"-",22954,0,0,0
"Lansingerland","GM1621",2020-12-25,67,67,61,61,61,51,2020-11-01,16,0,6,6,600,"&#x279A;",63267,0,9.48361705154346,9.48361705154346
"Leudal","GM1640",2020-12-25,61,60,58,58,58,54,2020-11-01,7,1,3,3,300,"&#x279A;",36010,2.77700638711469,8.33101916134407,8.33101916134407
"Maasgouw","GM1641",2020-12-25,29,29,29,29,29,28,2020-11-01,1,0,0,0,0,"-",23955,0,0,0
"Gemert-Bakel","GM1652",2020-12-25,84,84,82,82,82,79,2020-11-01,5,0,2,2,200,"&#x279A;",30751,0,6.50385353321843,6.50385353321843
"Halderberge","GM1655",2020-12-25,37,37,35,35,34,26,2020-11-01,11,0,2,3,100,"&#x279A;",30428,0,6.57289338766925,9.85934008150388
"Heeze-Leende","GM1658",2020-12-25,20,20,20,20,20,18,2020-11-01,2,0,0,0,0,"-",16207,0,0,0
"Laarbeek","GM1659",2020-12-25,45,44,42,42,42,42,2020-11-01,3,1,3,3,300,"&#x279A;",22741,4.39734400422145,13.1920320126644,13.1920320126644
"Reusel-De Mierden","GM1667",2020-12-25,19,19,18,18,18,15,2020-11-01,4,0,1,1,100,"&#x279A;",13138,0,7.61150860100472,7.61150860100472
"Roerdalen","GM1669",2020-12-25,29,29,29,29,29,27,2020-11-01,2,0,0,0,0,"-",20572,0,0,0
"Roosendaal","GM1674",2020-12-25,65,65,64,63,63,46,2020-11-01,19,0,1,2,0,"-",77268,0,1.29419682145261,2.58839364290521
"Schouwen-Duiveland","GM1676",2020-12-25,19,18,18,18,16,13,2020-11-01,6,1,1,3,-50,"&#x2798;",33960,2.94464075382803,2.94464075382803,8.8339222614841
"Aa en Hunze","GM1680",2020-12-25,2,2,2,2,2,1,2020-11-01,1,0,0,0,0,"-",25394,0,0,0
"Borger-Odoorn","GM1681",2020-12-25,12,11,10,10,10,8,2020-11-01,4,1,2,2,200,"&#x279A;",25584,3.90869293308318,7.81738586616635,7.81738586616635
"Cuijk","GM1684",2020-12-25,22,22,20,20,20,18,2020-11-01,4,0,2,2,200,"&#x279A;",25368,0,7.88394828129927,7.88394828129927
"Landerd","GM1685",2020-12-25,45,45,44,44,44,42,2020-11-01,3,0,1,1,100,"&#x279A;",15831,0,6.31672035878972,6.31672035878972
"De Wolden","GM1690",2020-12-25,18,18,18,18,17,16,2020-11-01,2,0,0,1,-100,"&#x2798;",24374,0,0,4.10273241979158
"Noord-Beveland","GM1695",2020-12-25,3,3,3,3,3,1,2020-11-01,2,0,0,0,0,"-",7571,0,0,0
"Wijdemeren","GM1696",2020-12-25,17,17,17,17,16,11,2020-11-01,6,0,0,1,-100,"&#x2798;",24426,0,0,4.09399819864079
"Noordenveld","GM1699",2020-12-25,11,11,10,9,8,6,2020-11-01,5,0,1,3,-50,"&#x2798;",31211,0,3.20399859024062,9.61199577072186
"Twenterand","GM1700",2020-12-25,22,22,20,20,18,12,2020-11-01,10,0,2,4,0,"-",33711,0,5.93278158464596,11.8655631692919
"Westerveld","GM1701",2020-12-25,10,10,10,10,10,9,2020-11-01,1,0,0,0,0,"-",19620,0,0,0
"Sint Anthonis","GM1702",2020-12-25,21,21,21,21,21,21,2020-11-01,0,0,0,0,0,"-",11682,0,0,0
"Lingewaard","GM1705",2020-12-25,47,47,47,47,46,38,2020-11-01,9,0,0,1,-100,"&#x2798;",46760,0,0,2.13857998289136
"Cranendonck","GM1706",2020-12-25,68,68,67,67,65,63,2020-11-01,5,0,1,3,-50,"&#x2798;",20971,0,4.76848981927424,14.3054694578227
"Steenwijkerland","GM1708",2020-12-25,19,19,19,19,18,15,2020-11-01,4,0,0,1,-100,"&#x2798;",44323,0,0,2.25616497078266
"Moerdijk","GM1709",2020-12-25,30,30,28,27,26,20,2020-11-01,10,0,2,4,0,"-",37188,0,5.37807895019899,10.756157900398
"Echt-Susteren","GM1711",2020-12-25,45,45,44,44,44,43,2020-11-01,2,0,1,1,100,"&#x279A;",31774,0,3.14722729275508,3.14722729275508
"Sluis","GM1714",2020-12-25,20,20,19,19,18,10,2020-11-01,10,0,1,2,0,"-",23176,0,4.31480842250604,8.62961684501208
"Drimmelen","GM1719",2020-12-25,32,32,32,31,31,21,2020-11-01,11,0,0,1,-100,"&#x2798;",27332,0,0,3.65871505927118
"Bernheze","GM1721",2020-12-25,102,102,102,102,102,98,2020-11-01,4,0,0,0,0,"-",31412,0,0,0
"Alphen-Chaam","GM1723",2020-12-25,21,21,20,20,20,18,2020-11-01,3,0,1,1,100,"&#x279A;",10355,0,9.65717044905842,9.65717044905842
"Bergeijk","GM1724",2020-12-25,23,22,22,22,22,20,2020-11-01,3,1,1,1,100,"&#x279A;",18728,5.33959846219564,5.33959846219564,5.33959846219564
"Bladel","GM1728",2020-12-25,27,27,26,26,25,23,2020-11-01,4,0,1,2,0,"-",20536,0,4.86949746786132,9.73899493572263
"Gulpen-Wittem","GM1729",2020-12-25,27,27,27,27,27,24,2020-11-01,3,0,0,0,0,"-",14195,0,0,0
"Tynaarlo","GM1730",2020-12-25,13,13,13,13,13,11,2020-11-01,2,0,0,0,0,"-",33914,0,0,0
"Midden-Drenthe","GM1731",2020-12-25,13,13,12,12,11,6,2020-11-01,7,0,1,2,0,"-",33362,0,2.99742221689347,5.99484443378694
"Overbetuwe","GM1734",2020-12-25,63,63,63,63,63,62,2020-11-01,1,0,0,0,0,"-",48125,0,0,0
"Hof van Twente","GM1735",2020-12-25,27,26,25,25,25,20,2020-11-01,7,1,2,2,200,"&#x279A;",35053,2.85282286822811,5.70564573645622,5.70564573645622
"Neder-Betuwe","GM1740",2020-12-25,51,51,50,48,47,44,2020-11-01,7,0,1,4,-66.6666666666667,"&#x2798;",24591,0,4.06652840470091,16.2661136188036
"Rijssen-Holten","GM1742",2020-12-25,36,36,34,34,34,30,2020-11-01,6,0,2,2,200,"&#x279A;",38205,0,5.23491689569428,5.23491689569428
"Geldrop-Mierlo","GM1771",2020-12-25,51,51,49,47,46,37,2020-11-01,14,0,2,5,-33.3333333333333,"&#x2798;",40073,0,4.99089162278841,12.477229056971
"Olst-Wijhe","GM1773",2020-12-25,12,12,12,12,12,12,2020-11-01,0,0,0,0,0,"-",18353,0,0,0
"Dinkelland","GM1774",2020-12-25,24,24,24,24,24,21,2020-11-01,3,0,0,0,0,"-",26588,0,0,0
"Westland","GM1783",2020-12-25,118,115,111,111,108,75,2020-11-01,43,3,7,10,133.333333333333,"&#x279A;",111356,2.69406228672007,6.28614533568016,8.98020762240023
"Midden-Delfland","GM1842",2020-12-25,13,13,13,13,13,8,2020-11-01,5,0,0,0,0,"-",19374,0,0,0
"Berkelland","GM1859",2020-12-25,30,30,30,30,28,19,2020-11-01,11,0,0,2,-100,"&#x2798;",43831,0,0,4.562980538888
"Bronckhorst","GM1876",2020-12-25,22,22,22,21,21,18,2020-11-01,4,0,0,1,-100,"&#x2798;",36111,0,0,2.76923928996705
"Sittard-Geleen","GM1883",2020-12-25,148,147,143,142,140,128,2020-11-01,20,1,5,8,66.6666666666667,"&#x279A;",91822,1.08906362309686,5.44531811548431,8.71250898477489
"Kaag en Braassem","GM1884",2020-12-25,16,16,15,15,14,9,2020-11-01,7,0,1,2,0,"-",27557,0,3.62884203650615,7.2576840730123
"Dantumadiel","GM1891",2020-12-25,3,3,3,3,2,2,2020-11-01,1,0,0,1,-100,"&#x2798;",18942,0,0,5.2792735719565
"Zuidplas","GM1892",2020-12-25,51,51,49,49,48,32,2020-11-01,19,0,2,3,100,"&#x279A;",45014,0,4.4430621584396,6.6645932376594
"Peel en Maas","GM1894",2020-12-25,149,149,149,148,148,146,2020-11-01,3,0,0,1,-100,"&#x2798;",43630,0,0,2.29200091680037
"Oldambt","GM1895",2020-12-25,14,14,11,11,11,10,2020-11-01,4,0,3,3,300,"&#x279A;",38288,0,7.83535311324697,7.83535311324697
"Zwartewaterland","GM1896",2020-12-25,39,39,39,39,38,35,2020-11-01,4,0,0,1,-100,"&#x2798;",22794,0,0,4.38711941739054
"Súdwest-Fryslân","GM1900",2020-12-25,30,30,27,27,27,22,2020-11-01,8,0,3,3,300,"&#x279A;",89958,0,3.33488961515374,3.33488961515374
"Bodegraven-Reeuwijk","GM1901",2020-12-25,34,32,30,30,29,15,2020-11-01,19,2,4,5,300,"&#x279A;",35260,5.67214974475326,11.3442994895065,14.1803743618832
"Eijsden-Margraten","GM1903",2020-12-25,62,62,62,62,62,59,2020-11-01,3,0,0,0,0,"-",25888,0,0,0
"Stichtse Vecht","GM1904",2020-12-25,72,72,72,71,68,51,2020-11-02,21,0,0,4,-100,"&#x2798;",65167,0,0,6.13807602007151
"Hollands Kroon","GM1911",2020-12-25,34,34,34,34,33,26,2020-11-01,8,0,0,1,-100,"&#x2798;",48618,0,0,2.05685137191987
"Leidschendam-Voorburg","GM1916",2020-12-25,78,78,74,74,71,41,2020-11-01,37,0,4,7,33.3333333333333,"&#x279A;",76431,0,5.23347856236344,9.15858748413602
"Goeree-Overflakkee","GM1924",2020-12-25,80,80,78,78,76,61,2020-11-01,19,0,2,4,0,"-",50488,0,3.96133734748851,7.92267469497702
"Pijnacker-Nootdorp","GM1926",2020-12-25,41,41,41,41,40,32,2020-11-01,9,0,0,1,-100,"&#x2798;",55552,0,0,1.80011520737327
"Nissewaard","GM1930",2020-12-25,105,105,102,102,96,74,2020-11-01,31,0,3,9,-50,"&#x2798;",85300,0,3.51699882766706,10.5509964830012
"Krimpenerwaard","GM1931",2020-12-25,80,78,75,74,71,58,2020-11-01,22,2,5,9,25,"&#x279A;",56491,3.5403869642952,8.85096741073799,15.9317413393284
"De Fryske Marren","GM1940",2020-12-25,31,31,30,28,27,24,2020-11-01,7,0,1,4,-66.6666666666667,"&#x2798;",51651,0,1.93607093763916,7.74428375055662
"Gooise Meren","GM1942",2020-12-25,39,39,37,37,37,29,2020-11-01,10,0,2,2,200,"&#x279A;",58439,0,3.42237204606513,3.42237204606513
"Berg en Dal","GM1945",2020-12-25,45,45,45,45,43,41,2020-11-01,4,0,0,2,-100,"&#x2798;",35017,0,0,5.71151155153211
"Meierijstad","GM1948",2020-12-25,229,228,226,226,225,217,2020-11-01,12,1,3,4,200,"&#x279A;",81607,1.22538507726053,3.67615523178159,4.90154030904212
"Waadhoeke","GM1949",2020-12-25,19,19,18,18,18,15,2020-11-01,4,0,1,1,100,"&#x279A;",46085,0,2.16990343929695,2.16990343929695
"Westerwolde","GM1950",2020-12-25,14,14,14,14,14,12,2020-11-01,2,0,0,0,0,"-",25976,0,0,0
"Midden-Groningen","GM1952",2020-12-25,20,20,19,19,17,10,2020-11-01,10,0,1,3,-50,"&#x2798;",60761,0,1.64579253139349,4.93737759418048
"Beekdaelen","GM1954",2020-12-25,60,60,57,57,55,52,2020-11-01,8,0,3,5,50,"&#x279A;",36073,0,8.31646938153189,13.8607823025532
"Montferland","GM1955",2020-12-25,30,30,30,29,28,25,2020-11-01,5,0,0,2,-100,"&#x2798;",36068,0,0,5.54508151269824
"Altena","GM1959",2020-12-25,59,59,56,56,53,40,2020-11-01,19,0,3,6,0,"-",56333,0,5.32547529867041,10.6509505973408
"West Betuwe","GM1960",2020-12-25,73,73,71,71,69,54,2020-11-01,19,0,2,4,0,"-",51405,0,3.89067211360763,7.78134422721525
"Vijfheerenlanden","GM1961",2020-12-25,64,64,61,61,60,48,2020-11-01,16,0,3,4,200,"&#x279A;",57751,0,5.19471524302609,6.92628699070146
"Hoeksche Waard","GM1963",2020-12-25,92,92,89,89,88,84,2020-11-15,8,0,3,4,200,"&#x279A;",87822,0,3.41600054656009,4.55466739541345
"Het Hogeland","GM1966",2020-12-25,14,14,13,13,13,7,2020-11-01,7,0,1,1,100,"&#x279A;",47888,0,2.08820581356499,2.08820581356499
"Westerkwartier","GM1969",2020-12-25,21,21,21,21,21,19,2020-11-01,2,0,0,0,0,"-",63568,0,0,0
"Noardeast-Fryslân","GM1970",2020-12-25,16,16,15,14,14,7,2020-11-01,9,0,1,2,0,"-",45445,0,2.20046209704038,4.40092419408076
"Molenlanden","GM1978",2020-12-25,25,25,22,22,21,19,2020-11-23,6,0,3,4,200,"&#x279A;",44072,0,6.80704302051189,9.07605736068252
