"municipality","Municipality_code","date","d0","d1","d7","d8","d14","dec1","lowest_since_dec1","lowest_since_dec1_date","current","increase_1d","increase_7d","increase_14d","increase_growth","growth","population","rel_increase_1d","rel_increase_7d","rel_increase_14d"
"Netherlands","",2021-01-07,36313,36046,34880,34649,32984,27902,27902,2020-12-01,8411,267,1433,3329,-24.4198312236287,"➘",17443797,1.53063005720601,8.21495457668993,19.0841477919056
"Unknown","",2021-01-07,1061,1054,1020,1018,966,817,817,2020-12-01,244,7,41,95,-24.0740740740741,"➘",NA,NA,NA,NA
"Groningen","GM0014",2021-01-07,129,128,120,118,109,76,76,2020-12-01,53,1,9,20,-18.1818181818182,"➘",233456,0.42834624083339,3.85511616750051,8.56692481666781
"Almere","GM0034",2021-01-07,132,130,125,123,105,86,86,2020-12-01,46,2,7,27,-65,"➘",214551,0.932179295365671,3.26262753377985,12.5844204874366
"Stadskanaal","GM0037",2021-01-07,37,35,34,34,32,21,21,2020-12-01,16,2,3,5,50,"➚",31702,6.30875023657813,9.4631253548672,15.7718755914453
"Veendam","GM0047",2021-01-07,26,26,25,25,20,13,13,2020-12-01,13,0,1,6,-80,"➘",27416,0,3.64750510650715,21.8850306390429
"Zeewolde","GM0050",2021-01-07,36,36,34,34,30,20,20,2020-12-01,16,0,2,6,-50,"➘",22836,0,8.75810124365038,26.2743037309511
"Achtkarspelen","GM0059",2021-01-07,18,17,17,17,15,10,10,2020-12-01,8,1,1,3,-50,"➘",27881,3.58667192711883,3.58667192711883,10.7600157813565
"Ameland","GM0060",2021-01-07,3,3,3,3,2,0,0,2020-12-01,3,0,0,1,-100,"➘",3747,0,0,26.6880170803309
"Harlingen","GM0072",2021-01-07,10,10,9,9,8,7,7,2020-12-01,3,0,1,2,0,"-",15835,0,6.31512472371329,12.6302494474266
"Heerenveen","GM0074",2021-01-07,42,42,41,40,38,32,32,2020-12-01,10,0,1,4,-66.6666666666667,"➘",50626,0,1.97526962430372,7.90107849721487
"Leeuwarden","GM0080",2021-01-07,96,96,89,88,84,65,65,2020-12-01,31,0,7,12,40,"➚",124517,0,5.62172233510284,9.63723828874772
"Ooststellingwerf","GM0085",2021-01-07,21,21,21,21,20,16,16,2020-12-01,5,0,0,1,-100,"➘",25437,0,0,3.93128120454456
"Opsterland","GM0086",2021-01-07,27,26,23,22,21,16,16,2020-12-01,11,1,4,6,100,"➚",29812,3.35435395142895,13.4174158057158,20.1261237085737
"Schiermonnikoog","GM0088",2021-01-07,1,1,1,1,1,1,1,2020-12-01,0,0,0,0,0,"-",936,0,0,0
"Smallingerland","GM0090",2021-01-07,47,46,41,41,38,29,29,2020-12-01,18,1,6,9,100,"➚",56060,1.78380306814128,10.7028184088477,16.0542276132715
"Terschelling","GM0093",2021-01-07,1,1,1,1,1,1,1,2020-12-01,0,0,0,0,0,"-",4883,0,0,0
"Vlieland","GM0096",2021-01-07,0,0,0,0,0,0,0,2020-12-01,0,0,0,0,0,"-",1200,0,0,0
"Weststellingwerf","GM0098",2021-01-07,15,15,15,15,14,10,10,2020-12-01,5,0,0,1,-100,"➘",26112,0,0,3.8296568627451
"Assen","GM0106",2021-01-07,59,58,55,55,47,35,35,2020-12-01,24,1,4,12,-50,"➘",68812,1.45323490088938,5.81293960355752,17.4388188106726
"Coevorden","GM0109",2021-01-07,54,53,48,48,44,28,28,2020-12-01,26,1,6,10,50,"➚",35309,2.83213911467331,16.9928346880399,28.3213911467331
"Emmen","GM0114",2021-01-07,157,156,150,146,142,116,116,2020-12-01,41,1,7,15,-12.5,"➘",106984,0.934719210349211,6.54303447244448,14.0207881552382
"Hoogeveen","GM0118",2021-01-07,94,93,86,86,74,56,56,2020-12-01,38,1,8,20,-33.3333333333333,"➘",55604,1.79843176749874,14.3874541399899,35.9686353499748
"Meppel","GM0119",2021-01-07,24,24,21,20,14,11,11,2020-12-01,13,0,3,10,-57.1428571428571,"➘",34324,0,8.74024006526046,29.1341335508682
"Almelo","GM0141",2021-01-07,229,229,214,214,205,166,166,2020-12-01,63,0,15,24,66.6666666666667,"➚",73180,0,20.4974036622028,32.7958458595245
"Borne","GM0147",2021-01-07,55,55,52,52,48,38,38,2020-12-01,17,0,3,7,-25,"➘",23637,0,12.6919659855312,29.6145872995727
"Dalfsen","GM0148",2021-01-07,28,28,26,25,22,13,13,2020-12-01,15,0,2,6,-50,"➘",28919,0,6.91586846018189,20.7476053805457
"Deventer","GM0150",2021-01-07,187,185,179,178,168,133,133,2020-12-01,54,2,8,19,-27.2727272727273,"➘",101100,1.9782393669634,7.91295746785361,18.7932739861523
"Enschede","GM0153",2021-01-07,346,344,328,325,305,239,239,2020-12-01,107,2,18,41,-21.7391304347826,"➘",159872,1.25100080064051,11.2590072057646,25.6455164131305
"Haaksbergen","GM0158",2021-01-07,62,62,60,59,58,47,47,2020-12-01,15,0,2,4,0,"-",24237,0,8.25184635062095,16.5036927012419
"Hardenberg","GM0160",2021-01-07,83,80,76,75,63,47,47,2020-12-01,36,3,7,20,-46.1538461538462,"➘",61327,4.89180948032677,11.4142221207625,32.6120632021785
"Hellendoorn","GM0163",2021-01-07,67,65,56,56,51,37,37,2020-12-01,30,2,11,16,120,"➚",35903,5.57056513383283,30.6381082360806,44.5645210706626
"Hengelo","GM0164",2021-01-07,172,169,161,160,147,127,127,2020-12-01,45,3,11,25,-21.4285714285714,"➘",81099,3.69918248067177,13.5636690957965,30.8265206722648
"Kampen","GM0166",2021-01-07,49,49,47,47,43,40,40,2020-12-01,9,0,2,6,-50,"➘",54438,0,3.67390425805503,11.0217127741651
"Losser","GM0168",2021-01-07,69,69,64,64,61,41,41,2020-12-01,28,0,5,8,66.6666666666667,"➚",22867,0,21.8655704727336,34.9849127563738
"Noordoostpolder","GM0171",2021-01-07,47,47,39,39,35,26,26,2020-12-01,21,0,8,12,100,"➚",47597,0,16.8077820030674,25.2116730046011
"Oldenzaal","GM0173",2021-01-07,88,85,81,81,78,58,58,2020-12-01,30,3,7,10,133.333333333333,"➚",31734,9.4535829079221,22.0583601184849,31.511943026407
"Ommen","GM0175",2021-01-07,32,32,29,28,26,19,19,2020-12-01,13,0,3,6,0,"-",18272,0,16.4185639229422,32.8371278458844
"Raalte","GM0177",2021-01-07,50,50,49,49,46,36,36,2020-12-01,14,0,1,4,-66.6666666666667,"➘",37920,0,2.63713080168776,10.5485232067511
"Staphorst","GM0180",2021-01-07,28,28,24,24,18,15,15,2020-12-01,13,0,4,10,-33.3333333333333,"➘",17276,0,23.1535077564251,57.8837693910627
"Tubbergen","GM0183",2021-01-07,49,49,47,46,44,39,39,2020-12-01,10,0,2,5,-33.3333333333333,"➘",21322,0,9.37998311603039,23.449957790076
"Urk","GM0184",2021-01-07,66,65,64,62,60,45,45,2020-12-01,21,1,2,6,-50,"➘",21208,4.7152018106375,9.43040362127499,28.291210863825
"Wierden","GM0189",2021-01-07,63,62,58,58,56,38,38,2020-12-01,25,1,5,7,150,"➚",24532,4.0763084950269,20.3815424751345,28.5341594651883
"Zwolle","GM0193",2021-01-07,71,71,70,67,57,45,45,2020-12-01,26,0,1,14,-92.3076923076923,"➘",129697,0,0.771027857236482,10.7943900013107
"Aalten","GM0197",2021-01-07,38,38,37,37,33,24,24,2020-12-01,14,0,1,5,-75,"➘",27133,0,3.68554896251797,18.4277448125898
"Apeldoorn","GM0200",2021-01-07,306,306,287,285,267,224,224,2020-12-01,82,0,19,39,-5,"➘",164717,0,11.5349356775561,23.6769732328782
"Arnhem","GM0202",2021-01-07,119,120,116,116,106,67,67,2020-12-01,52,-1,3,13,-70,"➘",162353,-0.615941805818186,1.84782541745456,8.00724347563642
"Barneveld","GM0203",2021-01-07,96,94,88,87,80,64,64,2020-12-01,32,2,8,16,0,"-",59938,3.33678134071874,13.347125362875,26.6942507257499
"Beuningen","GM0209",2021-01-07,49,48,47,47,42,37,37,2020-12-01,12,1,2,7,-60,"➘",26159,3.82277610000382,7.64555220000764,26.7594327000268
"Brummen","GM0213",2021-01-07,34,34,32,31,28,21,21,2020-12-01,13,0,2,6,-50,"➘",20867,0,9.58451142952988,28.7535342885896
"Buren","GM0214",2021-01-07,70,70,67,67,63,47,47,2020-12-01,23,0,3,7,-25,"➘",26997,0,11.1123458162018,25.9288069044709
"Culemborg","GM0216",2021-01-07,71,71,71,71,71,60,60,2020-12-01,11,0,0,0,0,"-",29132,0,0,0
"Doesburg","GM0221",2021-01-07,17,17,15,15,14,10,10,2020-12-01,7,0,2,3,100,"➚",11061,0,18.08154778049,27.122321670735
"Doetinchem","GM0222",2021-01-07,88,88,84,81,75,66,66,2020-12-01,22,0,4,13,-55.5555555555556,"➘",58227,0,6.86966527555945,22.3264121455682
"Druten","GM0225",2021-01-07,61,60,60,59,56,47,47,2020-12-01,14,1,1,5,-75,"➘",18980,5.26870389884089,5.26870389884089,26.3435194942044
"Duiven","GM0226",2021-01-07,19,19,19,19,16,11,11,2020-12-01,8,0,0,3,-100,"➘",25072,0,0,11.9655392469687
"Ede","GM0228",2021-01-07,239,234,224,223,212,172,172,2020-12-01,67,5,15,27,25,"➚",118538,4.21805665693702,12.654169970811,22.7775059474599
"Elburg","GM0230",2021-01-07,38,38,37,35,31,25,25,2020-12-01,13,0,1,7,-83.3333333333333,"➘",23443,0,4.26566565712579,29.8596595998806
"Epe","GM0232",2021-01-07,70,70,67,67,64,49,49,2020-12-01,21,0,3,6,0,"-",33198,0,9.03668895716609,18.0733779143322
"Ermelo","GM0233",2021-01-07,75,75,71,71,68,53,53,2020-12-01,22,0,4,7,33.3333333333333,"➚",27044,0,14.7907114332199,25.8837450081349
"Harderwijk","GM0243",2021-01-07,126,126,119,118,104,80,80,2020-12-01,46,0,7,22,-53.3333333333333,"➘",48657,0,14.3864192202561,45.2144604065191
"Hattem","GM0244",2021-01-07,11,11,10,10,10,9,9,2020-12-01,2,0,1,1,100,"➚",12235,0,8.1732733959951,8.1732733959951
"Heerde","GM0246",2021-01-07,23,23,22,22,21,18,18,2020-12-01,5,0,1,2,0,"-",18744,0,5.33504054630815,10.6700810926163
"Heumen","GM0252",2021-01-07,42,42,40,40,39,33,33,2020-12-01,9,0,2,3,100,"➚",16579,0,12.0634537668134,18.0951806502202
"Lochem","GM0262",2021-01-07,48,48,47,47,46,34,34,2020-12-01,14,0,1,2,0,"-",33907,0,2.94924351903737,5.89848703807473
"Maasdriel","GM0263",2021-01-07,51,50,49,49,48,42,42,2020-12-01,9,1,2,3,100,"➚",25441,3.93066310286545,7.86132620573091,11.7919893085964
"Nijkerk","GM0267",2021-01-07,81,79,72,72,70,57,57,2020-12-01,24,2,9,11,350,"➚",43577,4.58957707047296,20.6530968171283,25.2426738876013
"Nijmegen","GM0268",2021-01-07,376,373,357,356,347,308,308,2020-12-01,68,3,19,29,90,"➚",177463,1.69049322957462,10.7064571206392,16.3414345525546
"Oldebroek","GM0269",2021-01-07,31,30,28,28,24,14,14,2020-12-01,17,1,3,7,-25,"➘",23749,4.21070360857299,12.632110825719,29.4749252600109
"Putten","GM0273",2021-01-07,41,41,37,37,36,30,30,2020-12-01,11,0,4,5,300,"➚",24384,0,16.4041994750656,20.505249343832
"Renkum","GM0274",2021-01-07,34,34,33,33,31,22,22,2020-12-01,12,0,1,3,-50,"➘",31413,0,3.18339540954382,9.55018622863146
"Rheden","GM0275",2021-01-07,28,28,26,26,24,15,15,2020-12-01,13,0,2,4,0,"-",43565,0,4.59084127166303,9.18168254332607
"Rozendaal","GM0277",2021-01-07,1,1,0,0,0,0,0,2020-12-01,1,0,1,1,100,"➚",1718,0,58.2072176949942,58.2072176949942
"Scherpenzeel","GM0279",2021-01-07,12,11,10,10,10,9,9,2020-12-01,3,1,2,2,200,"➚",10110,9.89119683481701,19.782393669634,19.782393669634
"Tiel","GM0281",2021-01-07,131,130,128,128,125,109,109,2020-12-01,22,1,3,6,0,"-",41899,2.38669180648703,7.16007541946108,14.3201508389222
"Voorst","GM0285",2021-01-07,55,55,53,53,49,35,35,2020-12-01,20,0,2,6,-50,"➘",24762,0,8.0768920119538,24.2306760358614
"Wageningen","GM0289",2021-01-07,58,58,54,54,53,47,47,2020-12-01,11,0,4,5,300,"➚",39719,0,10.0707469976586,12.5884337470732
"Westervoort","GM0293",2021-01-07,16,16,16,16,16,9,9,2020-12-01,7,0,0,0,0,"-",15017,0,0,0
"Winterswijk","GM0294",2021-01-07,35,35,34,34,34,33,33,2020-12-01,2,0,1,1,100,"➚",29007,0,3.44744372048126,3.44744372048126
"Wijchen","GM0296",2021-01-07,120,119,117,117,112,94,94,2020-12-01,26,1,3,8,-40,"➘",41259,2.42371361399937,7.27114084199811,19.389708911995
"Zaltbommel","GM0297",2021-01-07,61,59,56,56,53,40,40,2020-12-01,21,2,5,8,66.6666666666667,"➚",29436,6.79440141323549,16.9860035330887,27.177605652942
"Zevenaar","GM0299",2021-01-07,40,40,40,39,38,30,30,2020-12-01,10,0,0,2,-100,"➘",44085,0,0,4.53669048429171
"Zutphen","GM0301",2021-01-07,79,79,77,77,71,57,57,2020-12-01,22,0,2,8,-66.6666666666667,"➘",48105,0,4.15757197796487,16.6302879118595
"Nunspeet","GM0302",2021-01-07,105,104,100,100,99,91,91,2020-12-01,14,1,5,6,400,"➚",28017,3.56926151979155,17.8463075989578,21.4155691187493
"Dronten","GM0303",2021-01-07,81,81,77,76,68,52,52,2020-12-01,29,0,4,13,-55.5555555555556,"➘",41936,0,9.5383441434567,30.9996184662343
"Amersfoort","GM0307",2021-01-07,266,265,254,252,232,183,183,2020-12-01,83,1,12,34,-45.4545454545455,"➘",157547,0.634731223063594,7.61677467676312,21.5808615841622
"Baarn","GM0308",2021-01-07,24,24,24,23,22,21,21,2020-12-01,3,0,0,2,-100,"➘",24844,0,0,8.05023345677025
"De Bilt","GM0310",2021-01-07,80,80,79,79,76,65,65,2020-12-01,15,0,1,4,-66.6666666666667,"➘",43371,0,2.30568813262318,9.22275253049273
"Bunnik","GM0312",2021-01-07,27,26,26,26,23,20,20,2020-12-01,7,1,1,4,-66.6666666666667,"➘",15345,6.5167807103291,6.5167807103291,26.0671228413164
"Bunschoten","GM0313",2021-01-07,78,78,75,74,67,54,54,2020-12-01,24,0,3,11,-62.5,"➘",22036,0,13.6140860410238,49.9183154837539
"Eemnes","GM0317",2021-01-07,3,3,3,3,2,1,1,2020-12-01,2,0,0,1,-100,"➘",9361,0,0,10.6826193782716
"Houten","GM0321",2021-01-07,73,73,71,69,62,56,56,2020-12-01,17,0,2,11,-77.7777777777778,"➘",50206,0,3.98358761900968,21.9097319045532
"Leusden","GM0327",2021-01-07,33,33,33,33,30,23,23,2020-12-01,10,0,0,3,-100,"➘",30522,0,0,9.82897582071948
"Lopik","GM0331",2021-01-07,33,33,33,33,33,30,30,2020-12-01,3,0,0,0,0,"-",14455,0,0,0
"Montfoort","GM0335",2021-01-07,30,30,28,28,26,24,24,2020-12-01,6,0,2,4,0,"-",13878,0,14.4112984579911,28.8225969159821
"Renswoude","GM0339",2021-01-07,7,7,6,6,6,4,4,2020-12-01,3,0,1,1,100,"➚",5547,0,18.0277627546422,18.0277627546422
"Rhenen","GM0340",2021-01-07,41,38,36,35,34,27,27,2020-12-01,14,3,5,7,150,"➚",20193,14.8566334868519,24.7610558114198,34.6654781359877
"Soest","GM0342",2021-01-07,85,85,81,80,74,61,61,2020-12-01,24,0,4,11,-42.8571428571429,"➘",46906,0,8.52769368524283,23.4511576344178
"Utrecht","GM0344",2021-01-07,751,742,720,718,695,628,628,2020-12-01,123,9,31,56,24,"➚",359548,2.5031428348927,8.62193643129707,15.5751109726657
"Veenendaal","GM0345",2021-01-07,175,175,170,167,157,115,115,2020-12-01,60,0,5,18,-61.5384615384615,"➘",66945,0,7.46881768616028,26.887743670177
"Woudenberg","GM0351",2021-01-07,24,24,24,23,22,17,17,2020-12-01,7,0,0,2,-100,"➘",13625,0,0,14.6788990825688
"Wijk bij Duurstede","GM0352",2021-01-07,43,41,39,39,33,29,29,2020-12-01,14,2,4,10,-33.3333333333333,"➘",23917,8.36225279090187,16.7245055818037,41.8112639545093
"IJsselstein","GM0353",2021-01-07,93,92,92,92,90,79,79,2020-12-01,14,1,1,3,-50,"➘",33855,2.95377344557672,2.95377344557672,8.86132033673017
"Zeist","GM0355",2021-01-07,110,110,105,104,96,81,81,2020-12-01,29,0,5,14,-44.4444444444444,"➘",65005,0,7.69171602184447,21.5368048611645
"Nieuwegein","GM0356",2021-01-07,113,112,110,110,109,93,93,2020-12-01,20,1,3,4,200,"➚",63811,1.56712792465249,4.70138377395747,6.26851169860996
"Aalsmeer","GM0358",2021-01-07,36,35,34,34,32,29,29,2020-12-01,7,1,2,4,0,"-",31957,3.12920486904278,6.25840973808555,12.5168194761711
"Alkmaar","GM0361",2021-01-07,215,214,206,204,186,149,149,2020-12-01,66,1,9,29,-55,"➘",109841,0.910406860826103,8.19366174743493,26.401798963957
"Amstelveen","GM0362",2021-01-07,142,142,140,140,140,132,132,2020-12-01,10,0,2,2,200,"➚",90956,0,2.1988653854611,2.1988653854611
"Amsterdam","GM0363",2021-01-07,2276,2265,2219,2208,2131,1875,1875,2020-12-01,401,11,57,145,-35.2272727272727,"➘",873289,1.25960592656039,6.52704889217659,16.6038963046597
"Beemster","GM0370",2021-01-07,11,11,11,11,10,9,9,2020-12-01,2,0,0,1,-100,"➘",10073,0,0,9.92752903802243
"Bergen (NH.)","GM0373",2021-01-07,64,63,62,60,58,44,44,2020-12-01,20,1,2,6,-50,"➘",29706,3.36632330168989,6.73264660337979,20.1979398101394
"Beverwijk","GM0375",2021-01-07,49,49,48,47,45,39,39,2020-12-01,10,0,1,4,-66.6666666666667,"➘",41830,0,2.3906287353574,9.5625149414296
"Blaricum","GM0376",2021-01-07,4,4,3,3,3,3,3,2020-12-01,1,0,1,1,100,"➚",11919,0,8.38996560114104,8.38996560114104
"Bloemendaal","GM0377",2021-01-07,8,7,7,7,7,6,6,2020-12-01,2,1,1,1,100,"➚",23529,4.25007437630159,4.25007437630159,4.25007437630159
"Castricum","GM0383",2021-01-07,47,47,47,47,42,32,32,2020-12-01,15,0,0,5,-100,"➘",36164,0,0,13.8259042141356
"Diemen","GM0384",2021-01-07,69,68,66,66,61,51,51,2020-12-01,18,1,3,8,-40,"➘",31304,3.19447993866599,9.58343981599796,25.5558395093279
"Edam-Volendam","GM0385",2021-01-07,96,96,93,92,90,78,78,2020-12-01,18,0,3,6,0,"-",36247,0,8.27654702458135,16.5530940491627
"Enkhuizen","GM0388",2021-01-07,54,54,50,49,43,29,29,2020-12-01,25,0,4,11,-42.8571428571429,"➘",18666,0,21.4293367620272,58.9306760955748
"Haarlem","GM0392",2021-01-07,123,118,113,113,105,76,76,2020-12-01,47,5,10,18,25,"➚",162754,3.07212111530285,6.1442422306057,11.0596360150903
"Haarlemmermeer","GM0394",2021-01-07,175,158,156,156,143,110,110,2020-12-01,65,17,19,32,46.1538461538461,"➚",157730,10.7779116211247,12.04590122361,20.2878336397642
"Heemskerk","GM0396",2021-01-07,63,63,59,59,56,51,51,2020-12-01,12,0,4,7,33.3333333333333,"➚",39233,0,10.1954986873295,17.8421227028267
"Heemstede","GM0397",2021-01-07,14,13,13,13,13,9,9,2020-12-01,5,1,1,1,100,"➚",27494,3.63715719793409,3.63715719793409,3.63715719793409
"Heerhugowaard","GM0398",2021-01-07,90,88,82,82,78,66,66,2020-12-01,24,2,8,12,100,"➚",58303,3.43035521328234,13.7214208531293,20.582131279694
"Heiloo","GM0399",2021-01-07,30,30,25,25,24,20,20,2020-12-01,10,0,5,6,400,"➚",24119,0,20.7305443840955,24.8766532609146
"Den Helder","GM0400",2021-01-07,68,68,64,62,54,37,37,2020-12-01,31,0,4,14,-60,"➘",56531,0,7.07576374024871,24.7651730908705
"Hilversum","GM0402",2021-01-07,34,33,28,28,28,26,26,2020-12-01,8,1,6,6,600,"➚",91247,1.09592644141725,6.57555864850351,6.57555864850351
"Hoorn","GM0405",2021-01-07,126,122,115,111,104,85,85,2020-12-01,41,4,11,22,0,"-",73579,5.43633373652809,14.9499177754522,29.8998355509045
"Huizen","GM0406",2021-01-07,31,31,28,27,26,24,24,2020-12-01,7,0,3,5,50,"➚",41130,0,7.29394602479942,12.156576707999
"Landsmeer","GM0415",2021-01-07,22,22,19,19,17,12,12,2020-12-01,10,0,3,5,50,"➚",11564,0,25.9425804219993,43.2376340366655
"Langedijk","GM0416",2021-01-07,49,48,46,46,42,36,36,2020-12-01,13,1,3,7,-25,"➘",28332,3.52957786248765,10.5887335874629,24.7070450374135
"Laren","GM0417",2021-01-07,8,8,8,8,8,7,7,2020-12-01,1,0,0,0,0,"-",11401,0,0,0
"Medemblik","GM0420",2021-01-07,76,75,69,67,59,44,44,2020-12-01,32,1,7,17,-30,"➘",45194,2.21268309952649,15.4887816966854,37.6156126919503
"Oostzaan","GM0431",2021-01-07,25,24,24,24,22,20,20,2020-12-01,5,1,1,3,-50,"➘",9685,10.3252452245741,10.3252452245741,30.9757356737223
"Opmeer","GM0432",2021-01-07,9,9,8,8,8,7,7,2020-12-01,2,0,1,1,100,"➚",11988,0,8.34167500834168,8.34167500834168
"Ouder-Amstel","GM0437",2021-01-07,18,18,18,18,18,16,16,2020-12-01,2,0,0,0,0,"-",14120,0,0,0
"Purmerend","GM0439",2021-01-07,202,198,187,187,180,154,154,2020-12-01,48,4,15,22,114.285714285714,"➚",81708,4.89548147060263,18.3580555147599,26.9251480883145
"Schagen","GM0441",2021-01-07,74,72,67,65,59,40,40,2020-12-01,34,2,7,15,-12.5,"➘",46546,4.29682464658617,15.0388862630516,32.2261848493963
"Texel","GM0448",2021-01-07,13,13,13,13,13,11,11,2020-12-01,2,0,0,0,0,"-",13658,0,0,0
"Uitgeest","GM0450",2021-01-07,17,17,17,17,17,13,13,2020-12-01,4,0,0,0,0,"-",13644,0,0,0
"Uithoorn","GM0451",2021-01-07,42,41,41,41,40,39,39,2020-12-01,3,1,1,2,0,"-",30138,3.31807021036565,3.31807021036565,6.6361404207313
"Velsen","GM0453",2021-01-07,83,81,78,77,75,57,57,2020-12-01,26,2,5,8,66.6666666666667,"➚",68683,2.91192871598503,7.27982178996258,11.6477148639401
"Weesp","GM0457",2021-01-07,18,18,18,18,18,14,14,2020-12-01,4,0,0,0,0,"-",20459,0,0,0
"Zandvoort","GM0473",2021-01-07,14,14,14,14,12,9,9,2020-12-01,5,0,0,2,-100,"➘",17168,0,0,11.6495806150979
"Zaanstad","GM0479",2021-01-07,413,412,401,398,383,327,327,2020-12-01,86,1,12,30,-33.3333333333333,"➘",157106,0.636512927577559,7.63815513093071,19.0953878273268
"Alblasserdam","GM0482",2021-01-07,68,68,65,64,57,49,49,2020-12-01,19,0,3,11,-62.5,"➘",20193,0,14.8566334868519,54.4743227851236
"Alphen aan den Rijn","GM0484",2021-01-07,223,223,217,217,202,162,162,2020-12-01,61,0,6,21,-60,"➘",112552,0,5.33086928708508,18.6580425047978
"Barendrecht","GM0489",2021-01-07,114,114,112,111,107,91,91,2020-12-01,23,0,2,7,-60,"➘",48635,0,4.11226482985504,14.3929269044927
"Drechterland","GM0498",2021-01-07,29,29,26,26,21,19,19,2020-12-01,10,0,3,8,-40,"➘",19834,0,15.1255419985883,40.3347786629021
"Brielle","GM0501",2021-01-07,44,44,42,41,39,34,34,2020-12-01,10,0,2,5,-33.3333333333333,"➘",17408,0,11.4889705882353,28.7224264705882
"Capelle aan den IJssel","GM0502",2021-01-07,230,228,214,211,203,180,180,2020-12-01,50,2,16,27,45.4545454545455,"➚",67204,2.97601333253973,23.8081066603178,40.1761799892864
"Delft","GM0503",2021-01-07,181,180,174,174,170,144,144,2020-12-01,37,1,7,11,75,"➚",103880,0.962649210627647,6.73854447439353,10.5891413169041
"Dordrecht","GM0505",2021-01-07,392,390,379,377,364,306,306,2020-12-01,86,2,13,28,-13.3333333333333,"➘",119184,1.67807759430796,10.9075043630017,23.4930863203115
"Gorinchem","GM0512",2021-01-07,65,63,61,61,58,44,44,2020-12-01,21,2,4,7,33.3333333333333,"➚",37405,5.34687875952413,10.6937575190483,18.7140756583344
"Gouda","GM0513",2021-01-07,205,204,197,196,185,162,162,2020-12-01,43,1,8,20,-33.3333333333333,"➘",73754,1.35585866529273,10.8468693223418,27.1171733058546
"'s-Gravenhage","GM0518",2021-01-07,1398,1392,1362,1359,1322,1170,1170,2020-12-01,228,6,36,76,-10,"➘",548076,1.09473868587568,6.56843211525409,13.866690021092
"Hardinxveld-Giessendam","GM0523",2021-01-07,27,27,26,26,21,15,15,2020-12-01,12,0,1,6,-80,"➘",18399,0,5.4350779933692,32.6104679602152
"Hellevoetsluis","GM0530",2021-01-07,79,76,73,73,73,61,61,2020-12-01,18,3,6,6,600,"➚",40235,7.45619485522555,14.9123897104511,14.9123897104511
"Hendrik-Ido-Ambacht","GM0531",2021-01-07,85,83,81,81,77,67,67,2020-12-01,18,2,4,8,0,"-",31255,6.39897616381379,12.7979523276276,25.5959046552552
"Stede Broec","GM0532",2021-01-07,55,54,48,45,43,36,36,2020-12-01,19,1,7,12,40,"➚",21768,4.59389930172731,32.1572951120911,55.1267916207277
"Hillegom","GM0534",2021-01-07,18,17,17,17,14,12,12,2020-12-01,6,1,1,4,-66.6666666666667,"➘",22217,4.50105774857091,4.50105774857091,18.0042309942837
"Katwijk","GM0537",2021-01-07,157,157,146,144,130,97,97,2020-12-01,60,0,11,27,-31.25,"➘",66005,0,16.6654041360503,40.9059919703053
"Krimpen aan den IJssel","GM0542",2021-01-07,77,77,74,72,63,57,57,2020-12-01,20,0,3,14,-72.7272727272727,"➘",29443,0,10.1891790918045,47.549502428421
"Leiden","GM0546",2021-01-07,175,175,170,170,163,137,137,2020-12-01,38,0,5,12,-28.5714285714286,"➘",124121,0,4.02832719684824,9.66798527243577
"Leiderdorp","GM0547",2021-01-07,63,62,61,61,59,50,50,2020-12-01,13,1,2,4,0,"-",27374,3.6531014831592,7.3062029663184,14.6124059326368
"Lisse","GM0553",2021-01-07,39,39,39,39,33,21,21,2020-12-01,18,0,0,6,-100,"➘",22999,0,0,26.0880907865559
"Maassluis","GM0556",2021-01-07,91,91,89,89,85,80,80,2020-12-01,11,0,2,6,-50,"➘",33557,0,5.96000834401168,17.880025032035
"Nieuwkoop","GM0569",2021-01-07,43,43,39,39,36,23,23,2020-12-01,20,0,4,7,33.3333333333333,"➚",29146,0,13.7240101557675,24.0170177725932
"Noordwijk","GM0575",2021-01-07,89,88,85,85,78,66,66,2020-12-01,23,1,4,11,-42.8571428571429,"➘",43998,2.27283058320833,9.09132233283331,25.0011364152916
"Oegstgeest","GM0579",2021-01-07,38,38,35,35,34,30,30,2020-12-01,8,0,3,4,200,"➚",25061,0,11.9707912693029,15.9610550257372
"Oudewater","GM0589",2021-01-07,37,36,36,36,35,33,33,2020-12-01,4,1,1,2,0,"-",10156,9.84639621898385,9.84639621898385,19.6927924379677
"Papendrecht","GM0590",2021-01-07,87,87,86,86,83,63,63,2020-12-01,24,0,1,4,-66.6666666666667,"➘",32142,0,3.11119407628648,12.4447763051459
"Ridderkerk","GM0597",2021-01-07,135,135,135,132,128,102,102,2020-12-01,33,0,0,7,-100,"➘",46633,0,0,15.0108292410954
"Rotterdam","GM0599",2021-01-07,2283,2274,2240,2236,2180,1943,1943,2020-12-01,340,9,43,103,-28.3333333333333,"➘",652742,1.37879897417356,6.58759509882925,15.7795882599863
"Rijswijk","GM0603",2021-01-07,139,139,134,134,130,113,113,2020-12-01,26,0,5,9,25,"➚",55236,0,9.05206749221522,16.2937214859874
"Schiedam","GM0606",2021-01-07,226,226,224,223,219,196,196,2020-12-01,30,0,2,7,-60,"➘",79316,0,2.52155933229109,8.82545766301881
"Sliedrecht","GM0610",2021-01-07,98,97,94,91,85,60,60,2020-12-01,38,1,4,13,-55.5555555555556,"➘",25570,3.91083300743058,15.6433320297223,50.8408290965976
"Albrandswaard","GM0613",2021-01-07,64,63,62,62,61,55,55,2020-12-01,9,1,2,3,100,"➚",25806,3.87506781368674,7.75013562737348,11.6252034410602
"Westvoorne","GM0614",2021-01-07,21,21,19,18,17,15,15,2020-12-01,6,0,2,4,0,"-",14893,0,13.4291277781508,26.8582555563016
"Vlaardingen","GM0622",2021-01-07,177,177,173,173,172,156,156,2020-12-01,21,0,4,5,300,"➚",73950,0,5.40906017579446,6.76132521974307
"Voorschoten","GM0626",2021-01-07,30,30,30,30,29,20,20,2020-12-01,10,0,0,1,-100,"➘",25643,0,0,3.89969972312132
"Waddinxveen","GM0627",2021-01-07,71,70,70,70,67,55,55,2020-12-01,16,1,1,4,-66.6666666666667,"➘",30320,3.29815303430079,3.29815303430079,13.1926121372032
"Wassenaar","GM0629",2021-01-07,34,34,33,33,33,26,26,2020-12-01,8,0,1,1,100,"➚",26845,0,3.72508847085118,3.72508847085118
"Woerden","GM0632",2021-01-07,123,122,117,117,112,99,99,2020-12-01,24,1,6,11,20,"➚",52671,1.89857796510414,11.3914677906248,20.8843576161455
"Zoetermeer","GM0637",2021-01-07,247,245,237,236,223,184,184,2020-12-01,63,2,10,24,-28.5714285714286,"➘",125284,1.59637304045209,7.98186520226046,19.1564764854251
"Zoeterwoude","GM0638",2021-01-07,14,14,14,14,14,9,9,2020-12-01,5,0,0,0,0,"-",8813,0,0,0
"Zwijndrecht","GM0642",2021-01-07,147,147,143,143,137,109,109,2020-12-01,38,0,4,10,-33.3333333333333,"➘",44763,0,8.93595156714251,22.3398789178563
"Borsele","GM0654",2021-01-07,19,19,15,15,11,9,9,2020-12-01,10,0,4,8,0,"-",22779,0,17.5600333640634,35.1200667281268
"Goes","GM0664",2021-01-07,45,44,44,44,43,32,32,2020-12-01,13,1,1,2,0,"-",38571,2.59262139949703,2.59262139949703,5.18524279899406
"West Maas en Waal","GM0668",2021-01-07,38,38,38,38,37,33,33,2020-12-01,5,0,0,1,-100,"➘",19560,0,0,5.11247443762781
"Hulst","GM0677",2021-01-07,35,35,34,34,33,29,29,2020-12-01,6,0,1,2,0,"-",27563,0,3.62805209882814,7.25610419765628
"Kapelle","GM0678",2021-01-07,10,10,10,9,9,7,7,2020-12-01,3,0,0,1,-100,"➘",12842,0,0,7.78694907335306
"Middelburg","GM0687",2021-01-07,41,41,39,39,36,31,31,2020-12-01,10,0,2,5,-33.3333333333333,"➘",48973,0,4.08388295591448,10.2097073897862
"Reimerswaal","GM0703",2021-01-07,22,22,18,18,16,14,14,2020-12-01,8,0,4,6,100,"➚",22931,0,17.4436352535868,26.1654528803803
"Terneuzen","GM0715",2021-01-07,88,88,81,81,79,63,63,2020-12-01,25,0,7,9,250,"➚",54486,0,12.8473369305877,16.5180046250413
"Tholen","GM0716",2021-01-07,65,65,64,64,62,58,58,2020-12-01,7,0,1,3,-50,"➘",26050,0,3.83877159309021,11.5163147792706
"Veere","GM0717",2021-01-07,15,15,15,15,15,14,14,2020-12-01,1,0,0,0,0,"-",21981,0,0,0
"Vlissingen","GM0718",2021-01-07,42,41,37,37,36,28,28,2020-12-01,14,1,5,6,400,"➚",44330,2.25580870742161,11.2790435371081,13.5348522445297
"De Ronde Venen","GM0736",2021-01-07,113,112,112,112,106,95,95,2020-12-01,18,1,1,7,-83.3333333333333,"➘",44696,2.23733667442277,2.23733667442277,15.6613567209594
"Tytsjerksteradiel","GM0737",2021-01-07,16,15,14,13,10,7,7,2020-12-01,9,1,2,6,-50,"➘",32039,3.12119604232342,6.24239208464684,18.7271762539405
"Asten","GM0743",2021-01-07,43,43,42,42,40,38,38,2020-12-01,5,0,1,3,-50,"➘",16802,0,5.95167241995001,17.85501725985
"Baarle-Nassau","GM0744",2021-01-07,19,19,19,19,19,18,18,2020-12-01,1,0,0,0,0,"-",6901,0,0,0
"Bergen op Zoom","GM0748",2021-01-07,160,160,155,155,149,124,124,2020-12-01,36,0,5,11,-16.6666666666667,"➘",67501,0,7.40729766966415,16.2960548732611
"Best","GM0753",2021-01-07,88,86,77,75,67,51,51,2020-12-01,37,2,11,21,10,"➚",30196,6.62339382699695,36.4286660484832,69.545635183468
"Boekel","GM0755",2021-01-07,38,38,38,38,37,35,35,2020-12-01,3,0,0,1,-100,"➘",10922,0,0,9.1558322651529
"Boxmeer","GM0756",2021-01-07,81,81,78,76,72,56,56,2020-12-01,25,0,3,9,-50,"➘",29592,0,10.1378751013788,30.4136253041363
"Boxtel","GM0757",2021-01-07,84,84,81,80,72,52,52,2020-12-01,32,0,3,12,-66.6666666666667,"➘",32675,0,9.18133129303749,36.72532517215
"Breda","GM0758",2021-01-07,440,438,429,427,415,365,365,2020-12-01,75,2,11,25,-21.4285714285714,"➘",184151,1.08606523993896,5.9733588196643,13.575815499237
"Deurne","GM0762",2021-01-07,113,113,108,105,103,93,93,2020-12-01,20,0,5,10,0,"-",32482,0,15.3931408164522,30.7862816329044
"Pekela","GM0765",2021-01-07,19,19,18,17,16,9,9,2020-12-01,10,0,1,3,-50,"➘",12163,0,8.22165584148648,24.6649675244594
"Dongen","GM0766",2021-01-07,93,92,89,86,84,65,65,2020-12-01,28,1,4,9,-20,"➘",26358,3.79391456104408,15.1756582441763,34.1452310493968
"Eersel","GM0770",2021-01-07,83,83,82,82,82,73,73,2020-12-01,10,0,1,1,100,"➚",19494,0,5.12978352313532,5.12978352313532
"Eindhoven","GM0772",2021-01-07,600,594,582,579,553,457,457,2020-12-01,143,6,18,47,-37.9310344827586,"➘",235728,2.54530645489717,7.63591936469151,19.9382338966945
"Etten-Leur","GM0777",2021-01-07,114,113,112,111,108,100,100,2020-12-01,14,1,2,6,-50,"➘",43881,2.27889063603838,4.55778127207675,13.6733438162303
"Geertruidenberg","GM0779",2021-01-07,40,40,38,38,37,32,32,2020-12-01,8,0,2,3,100,"➚",21792,0,9.1776798825257,13.7665198237885
"Gilze en Rijen","GM0784",2021-01-07,59,58,58,57,56,44,44,2020-12-01,15,1,1,3,-50,"➘",26806,3.73050809520257,3.73050809520257,11.1915242856077
"Goirle","GM0785",2021-01-07,79,79,78,78,75,65,65,2020-12-01,14,0,1,4,-66.6666666666667,"➘",23939,0,4.17728392998872,16.7091357199549
"Grave","GM0786",2021-01-07,52,52,51,51,49,46,46,2020-12-01,6,0,1,3,-50,"➘",12429,0,8.04569957357792,24.1370987207338
"Helmond","GM0794",2021-01-07,290,288,282,282,275,245,245,2020-12-01,45,2,8,15,14.2857142857143,"➚",92614,2.15950072343274,8.63800289373097,16.1962554257456
"'s-Hertogenbosch","GM0796",2021-01-07,358,356,349,346,332,284,284,2020-12-01,74,2,9,26,-47.0588235294118,"➘",155491,1.28624807866693,5.7881163540012,16.7212250226701
"Heusden","GM0797",2021-01-07,130,128,125,125,118,103,103,2020-12-01,27,2,5,12,-28.5714285714286,"➘",45008,4.44365446142908,11.1091361535727,26.6619267685745
"Hilvarenbeek","GM0798",2021-01-07,38,38,38,38,37,33,33,2020-12-01,5,0,0,1,-100,"➘",15683,0,0,6.37633105910859
"Loon op Zand","GM0809",2021-01-07,88,87,84,83,79,72,72,2020-12-01,16,1,4,9,-20,"➘",23497,4.2558624505256,17.0234498021024,38.3027620547304
"Mill en Sint Hubert","GM0815",2021-01-07,26,26,26,25,24,23,23,2020-12-01,3,0,0,2,-100,"➘",11003,0,0,18.1768608561301
"Nuenen, Gerwen en Nederwetten","GM0820",2021-01-07,49,47,46,46,43,40,40,2020-12-01,9,2,3,6,0,"-",23657,8.45415733186795,12.6812359978019,25.3624719956038
"Oirschot","GM0823",2021-01-07,53,53,49,48,47,39,39,2020-12-01,14,0,4,6,100,"➚",18838,0,21.2336766111052,31.8505149166578
"Oisterwijk","GM0824",2021-01-07,69,69,65,64,62,51,51,2020-12-01,18,0,4,7,33.3333333333333,"➚",30700,0,13.0293159609121,22.8013029315961
"Oosterhout","GM0826",2021-01-07,156,156,151,151,140,113,113,2020-12-01,43,0,5,16,-54.5454545454545,"➘",56184,0,8.89933077032607,28.4778584650434
"Oss","GM0828",2021-01-07,295,295,295,295,291,280,280,2020-12-01,15,0,0,4,-100,"➘",92442,0,0,4.32703749377988
"Rucphen","GM0840",2021-01-07,66,65,60,60,56,49,49,2020-12-01,17,1,6,10,50,"➚",23089,4.33106674173849,25.9864004504309,43.3106674173849
"Sint-Michielsgestel","GM0845",2021-01-07,78,78,78,76,72,64,64,2020-12-01,14,0,0,6,-100,"➘",29510,0,0,20.3320908166723
"Someren","GM0847",2021-01-07,50,50,45,45,41,36,36,2020-12-01,14,0,5,9,25,"➚",19395,0,25.779840164991,46.4037122969838
"Son en Breugel","GM0848",2021-01-07,51,51,51,50,48,44,44,2020-12-01,7,0,0,3,-100,"➘",17526,0,0,17.1174255391989
"Steenbergen","GM0851",2021-01-07,68,68,65,64,59,54,54,2020-12-01,14,0,3,9,-50,"➘",24315,0,12.3380629241209,37.0141887723627
"Waterland","GM0852",2021-01-07,42,42,41,41,39,34,34,2020-12-01,8,0,1,3,-50,"➘",17325,0,5.77200577200577,17.3160173160173
"Tilburg","GM0855",2021-01-07,760,755,740,736,715,615,615,2020-12-01,145,5,20,45,-20,"➘",221358,2.25878441258053,9.0351376503221,20.3290597132247
"Uden","GM0856",2021-01-07,146,146,144,144,143,136,136,2020-12-01,10,0,2,3,100,"➚",42244,0,4.7344001515008,7.10160022725121
"Valkenswaard","GM0858",2021-01-07,70,68,66,65,63,54,54,2020-12-01,16,2,4,7,33.3333333333333,"➚",31253,6.39938565897674,12.7987713179535,22.3978498064186
"Veldhoven","GM0861",2021-01-07,132,131,128,127,123,99,99,2020-12-01,33,1,4,9,-20,"➘",45562,2.1948114656951,8.77924586278039,19.7533031912559
"Vught","GM0865",2021-01-07,91,89,89,89,86,69,69,2020-12-01,22,2,2,5,-33.3333333333333,"➘",30756,6.50279620236702,6.50279620236702,16.2569905059175
"Waalre","GM0866",2021-01-07,32,32,30,30,30,28,28,2020-12-01,4,0,2,2,200,"➚",17519,0,11.4161767224157,11.4161767224157
"Waalwijk","GM0867",2021-01-07,175,174,171,169,162,136,136,2020-12-01,39,1,4,13,-55.5555555555556,"➘",48826,2.04808913283906,8.19235653135624,26.6251587269078
"Woensdrecht","GM0873",2021-01-07,42,42,41,41,40,36,36,2020-12-01,6,0,1,2,0,"-",22002,0,4.54504135987638,9.09008271975275
"Zundert","GM0879",2021-01-07,56,56,56,56,56,47,47,2020-12-01,9,0,0,0,0,"-",21995,0,0,0
"Wormerland","GM0880",2021-01-07,43,43,41,40,38,37,37,2020-12-01,6,0,2,5,-33.3333333333333,"➘",16295,0,12.2737035900583,30.6842589751458
"Landgraaf","GM0882",2021-01-07,99,99,95,95,90,77,77,2020-12-01,22,0,4,9,-20,"➘",37325,0,10.7166778298727,24.1125251172137
"Beek","GM0888",2021-01-07,30,30,30,30,29,23,23,2020-12-01,7,0,0,1,-100,"➘",15872,0,0,6.30040322580645
"Beesel","GM0889",2021-01-07,11,11,10,10,10,9,9,2020-12-01,2,0,1,1,100,"➚",13464,0,7.42721330956625,7.42721330956625
"Bergen (L.)","GM0893",2021-01-07,22,21,18,18,16,13,13,2020-12-01,9,1,4,6,100,"➚",13111,7.62718328121425,30.508733124857,45.7630996872855
"Brunssum","GM0899",2021-01-07,78,77,76,75,73,60,60,2020-12-01,18,1,2,5,-33.3333333333333,"➘",27655,3.61598264328331,7.23196528656662,18.0799132164166
"Gennep","GM0907",2021-01-07,40,40,40,39,36,27,27,2020-12-01,13,0,0,4,-100,"➘",17019,0,0,23.5031435454492
"Heerlen","GM0917",2021-01-07,203,203,196,194,187,169,169,2020-12-01,34,0,7,16,-22.2222222222222,"➘",86829,0,8.06182266293519,18.4270232295662
"Kerkrade","GM0928",2021-01-07,116,114,112,112,109,97,97,2020-12-01,19,2,4,7,33.3333333333333,"➚",45499,4.39570100441768,8.79140200883536,15.3849535154619
"Maastricht","GM0935",2021-01-07,330,325,314,312,290,241,241,2020-12-01,89,5,16,40,-33.3333333333333,"➘",120379,4.15354837637794,13.2913548044094,33.2283870110235
"Meerssen","GM0938",2021-01-07,38,37,37,37,35,29,29,2020-12-01,9,1,1,3,-50,"➘",18710,5.34473543559594,5.34473543559594,16.0342063067878
"Mook en Middelaar","GM0944",2021-01-07,20,20,20,20,19,18,18,2020-12-01,2,0,0,1,-100,"➘",7901,0,0,12.6566257435768
"Nederweert","GM0946",2021-01-07,37,38,35,35,33,29,29,2020-12-01,8,-1,2,4,0,"-",17171,-5.82377263991614,11.6475452798323,23.2950905596646
"Roermond","GM0957",2021-01-07,150,146,143,142,139,121,121,2020-12-01,29,4,7,11,75,"➚",58784,6.80457267283615,11.9080021774633,18.7125748502994
"Simpelveld","GM0965",2021-01-07,27,27,26,25,25,24,24,2020-12-01,3,0,1,2,0,"-",10495,0,9.52834683182468,19.0566936636494
"Stein","GM0971",2021-01-07,69,69,69,69,68,61,61,2020-12-01,8,0,0,1,-100,"➘",24876,0,0,4.01993889692877
"Vaals","GM0981",2021-01-07,18,18,18,18,15,14,14,2020-12-01,4,0,0,3,-100,"➘",10113,0,0,29.6647878967665
"Venlo","GM0983",2021-01-07,29,29,29,29,28,20,20,2020-12-01,9,0,0,1,-100,"➘",101967,0,0,0.980709445212667
"Venray","GM0984",2021-01-07,39,39,36,35,34,29,29,2020-12-01,10,0,3,5,50,"➚",43704,0,6.86436024162548,11.4406004027091
"Voerendaal","GM0986",2021-01-07,25,25,25,25,25,22,22,2020-12-01,3,0,0,0,0,"-",12478,0,0,0
"Weert","GM0988",2021-01-07,129,127,126,125,113,76,76,2020-12-01,53,2,3,16,-76.9230769230769,"➘",50008,3.99936010238362,5.99904015357543,31.9948808190689
"Valkenburg aan de Geul","GM0994",2021-01-07,28,28,27,27,25,20,20,2020-12-01,8,0,1,3,-50,"➘",16399,0,6.09793280078054,18.2937984023416
"Lelystad","GM0995",2021-01-07,196,196,190,188,176,147,147,2020-12-01,49,0,6,20,-57.1428571428571,"➘",79703,0,7.52794750511273,25.0931583503758
"Horst aan de Maas","GM1507",2021-01-07,13,13,13,13,13,10,10,2020-12-01,3,0,0,0,0,"-",42464,0,0,0
"Oude IJsselstreek","GM1509",2021-01-07,59,59,57,57,54,47,47,2020-12-01,12,0,2,5,-33.3333333333333,"➘",39348,0,5.08285046253939,12.7071261563485
"Teylingen","GM1525",2021-01-07,59,56,53,53,48,42,42,2020-12-01,17,3,6,11,20,"➚",37761,7.94470485421467,15.8894097084293,29.1305844654538
"Utrechtse Heuvelrug","GM1581",2021-01-07,76,75,73,72,68,53,53,2020-12-01,23,1,3,8,-40,"➘",49962,2.00152115607862,6.00456346823586,16.012169248629
"Oost Gelre","GM1586",2021-01-07,64,62,61,61,61,53,53,2020-12-01,11,2,3,3,300,"➚",29574,6.76269696354906,10.1440454453236,10.1440454453236
"Koggenland","GM1598",2021-01-07,27,27,25,24,21,19,19,2020-12-01,8,0,2,6,-50,"➘",22932,0,8.72143729286586,26.1643118785976
"Lansingerland","GM1621",2021-01-07,116,116,113,113,110,102,102,2020-12-01,14,0,3,6,0,"-",63295,0,4.73971087763646,9.47942175527293
"Leudal","GM1640",2021-01-07,83,82,82,80,75,66,66,2020-12-01,17,1,1,8,-85.7142857142857,"➘",36027,2.77569600577345,2.77569600577345,22.2055680461876
"Maasgouw","GM1641",2021-01-07,56,56,55,53,49,42,42,2020-12-01,14,0,1,7,-83.3333333333333,"➘",23976,0,4.17083750417084,29.1958625291959
"Gemert-Bakel","GM1652",2021-01-07,112,112,107,105,102,97,97,2020-12-01,15,0,5,10,0,"-",30751,0,16.2596338330461,32.5192676660922
"Halderberge","GM1655",2021-01-07,82,82,82,82,79,69,69,2020-12-01,13,0,0,3,-100,"➘",30461,0,0,9.84865894094088
"Heeze-Leende","GM1658",2021-01-07,39,39,38,38,37,29,29,2020-12-01,10,0,1,2,0,"-",16222,0,6.16446800641105,12.3289360128221
"Laarbeek","GM1659",2021-01-07,76,75,74,74,69,64,64,2020-12-01,12,1,2,7,-60,"➘",22787,4.38846710843902,8.77693421687805,30.7192697590732
"Reusel-De Mierden","GM1667",2021-01-07,39,39,38,38,36,35,35,2020-12-01,4,0,1,3,-50,"➘",13123,0,7.62020879372095,22.8606263811628
"Roerdalen","GM1669",2021-01-07,45,45,44,43,42,40,40,2020-12-01,5,0,1,3,-50,"➘",20612,0,4.85154279060741,14.5546283718222
"Roosendaal","GM1674",2021-01-07,182,181,178,177,174,151,151,2020-12-01,31,1,4,8,0,"-",77256,1.29439784612198,5.17759138448794,10.3551827689759
"Schouwen-Duiveland","GM1676",2021-01-07,32,32,29,29,27,23,23,2020-12-01,9,0,3,5,50,"➚",33990,0,8.8261253309797,14.7102088849662
"Aa en Hunze","GM1680",2021-01-07,8,8,8,8,7,5,5,2020-12-01,3,0,0,1,-100,"➘",25366,0,0,3.94228494835607
"Borger-Odoorn","GM1681",2021-01-07,28,27,23,23,18,13,13,2020-12-01,15,1,5,10,0,"-",25587,3.90823465040841,19.5411732520421,39.0823465040841
"Cuijk","GM1684",2021-01-07,48,48,43,42,42,37,37,2020-12-01,11,0,5,6,400,"➚",25373,0,19.705986678753,23.6471840145036
"Landerd","GM1685",2021-01-07,52,52,51,51,49,48,48,2020-12-01,4,0,1,3,-50,"➘",15838,0,6.31392852632908,18.9417855789872
"De Wolden","GM1690",2021-01-07,30,30,26,26,24,21,21,2020-12-01,9,0,4,6,100,"➚",24374,0,16.4109296791663,24.6163945187495
"Noord-Beveland","GM1695",2021-01-07,4,4,4,4,4,4,4,2020-12-01,0,0,0,0,0,"-",7570,0,0,0
"Wijdemeren","GM1696",2021-01-07,15,15,12,12,12,12,12,2020-12-01,3,0,3,3,300,"➚",24440,0,12.2749590834697,12.2749590834697
"Noordenveld","GM1699",2021-01-07,12,12,12,12,12,8,8,2020-12-01,4,0,0,0,0,"-",31216,0,0,0
"Twenterand","GM1700",2021-01-07,105,104,96,93,77,55,55,2020-12-01,50,1,9,28,-52.6315789473684,"➘",33696,2.96771130104463,26.7094017094017,83.0959164292498
"Westerveld","GM1701",2021-01-07,14,14,14,14,13,8,8,2020-12-01,6,0,0,1,-100,"➘",19638,0,0,5.09216824523882
"Sint Anthonis","GM1702",2021-01-07,26,26,25,25,24,22,22,2020-12-01,4,0,1,2,0,"-",11687,0,8.55651578677163,17.1130315735433
"Lingewaard","GM1705",2021-01-07,67,67,66,66,56,37,37,2020-12-01,30,0,1,11,-90,"➘",46781,0,2.13761997392104,23.5138197131314
"Cranendonck","GM1706",2021-01-07,68,68,66,66,64,57,57,2020-12-01,11,0,2,4,0,"-",21007,0,9.52063597848336,19.0412719569667
"Steenwijkerland","GM1708",2021-01-07,36,35,32,32,29,16,16,2020-12-01,20,1,4,7,33.3333333333333,"➚",44301,2.25728538859168,9.02914155436672,15.8009977201418
"Moerdijk","GM1709",2021-01-07,79,77,75,75,70,56,56,2020-12-01,23,2,4,9,-20,"➘",37193,5.37735595407738,10.7547119081548,24.1981017933482
"Echt-Susteren","GM1711",2021-01-07,68,68,65,63,61,59,59,2020-12-01,9,0,3,7,-25,"➘",31751,0,9.44852130641555,22.0465497149696
"Sluis","GM1714",2021-01-07,40,40,40,40,37,22,22,2020-12-01,18,0,0,3,-100,"➘",23143,0,0,12.962882945167
"Drimmelen","GM1719",2021-01-07,63,63,61,60,54,43,43,2020-12-01,20,0,2,9,-71.4285714285714,"➘",27334,0,7.31689470988513,32.9260261944831
"Bernheze","GM1721",2021-01-07,122,121,121,121,120,116,116,2020-12-01,6,1,1,2,0,"-",31398,3.18491623670297,3.18491623670297,6.36983247340595
"Alphen-Chaam","GM1723",2021-01-07,40,40,40,40,40,38,38,2020-12-01,2,0,0,0,0,"-",10362,0,0,0
"Bergeijk","GM1724",2021-01-07,62,61,59,59,57,52,52,2020-12-01,10,1,3,5,50,"➚",18745,5.33475593491598,16.0042678047479,26.6737796745799
"Bladel","GM1728",2021-01-07,61,61,61,61,58,53,53,2020-12-01,8,0,0,3,-100,"➘",20552,0,0,14.5971195017517
"Gulpen-Wittem","GM1729",2021-01-07,34,34,33,33,32,28,28,2020-12-01,6,0,1,2,0,"-",14184,0,7.05019740552736,14.1003948110547
"Tynaarlo","GM1730",2021-01-07,18,18,16,16,15,11,11,2020-12-01,7,0,2,3,100,"➚",33927,0,5.89500987414154,8.84251481121231
"Midden-Drenthe","GM1731",2021-01-07,25,25,24,23,21,14,14,2020-12-01,11,0,1,4,-66.6666666666667,"➘",33357,0,2.99787151122703,11.9914860449081
"Overbetuwe","GM1734",2021-01-07,61,61,61,61,60,51,51,2020-12-01,10,0,0,1,-100,"➘",48147,0,0,2.07697260473134
"Hof van Twente","GM1735",2021-01-07,77,75,74,74,70,58,58,2020-12-01,19,2,3,7,-25,"➘",35037,5.70825127722122,8.56237691583184,19.9788794702743
"Neder-Betuwe","GM1740",2021-01-07,83,83,80,80,76,64,64,2020-12-01,19,0,3,7,-25,"➘",24634,0,12.1782901680604,28.4160103921409
"Rijssen-Holten","GM1742",2021-01-07,90,89,86,84,74,60,60,2020-12-01,30,1,4,16,-66.6666666666667,"➘",38182,2.61903514745168,10.4761405898067,41.9045623592269
"Geldrop-Mierlo","GM1771",2021-01-07,117,116,111,110,105,85,85,2020-12-01,32,1,6,12,0,"-",40097,2.49395216599746,14.9637129959847,29.9274259919695
"Olst-Wijhe","GM1773",2021-01-07,16,16,16,16,14,12,12,2020-12-01,4,0,0,2,-100,"➘",18348,0,0,10.9003706126008
"Dinkelland","GM1774",2021-01-07,63,62,60,59,55,48,48,2020-12-01,15,1,3,8,-40,"➘",26616,3.75713856327021,11.2714156898106,30.0571085061617
"Westland","GM1783",2021-01-07,243,243,233,230,217,177,177,2020-12-01,66,0,10,26,-37.5,"➘",111342,0,8.98133678216666,23.3514756336333
"Midden-Delfland","GM1842",2021-01-07,42,41,40,38,35,28,28,2020-12-01,14,1,2,7,-60,"➘",19378,5.16049127876974,10.3209825575395,36.1234389513882
"Berkelland","GM1859",2021-01-07,72,72,69,68,68,62,62,2020-12-01,10,0,3,4,200,"➚",43821,0,6.84603272403642,9.12804363204856
"Bronckhorst","GM1876",2021-01-07,63,63,61,61,58,47,47,2020-12-01,16,0,2,5,-33.3333333333333,"➘",36103,0,5.53970584161981,13.8492646040495
"Sittard-Geleen","GM1883",2021-01-07,197,197,195,194,187,166,166,2020-12-01,31,0,2,10,-75,"➘",91781,0,2.17910024950698,10.8955012475349
"Kaag en Braassem","GM1884",2021-01-07,43,40,38,38,34,26,26,2020-12-01,17,3,5,9,25,"➚",27547,10.8904780919882,18.1507968199804,32.6714342759647
"Dantumadiel","GM1891",2021-01-07,10,10,9,9,7,3,3,2020-12-01,7,0,1,3,-50,"➘",18927,0,5.28345749458446,15.8503724837534
"Zuidplas","GM1892",2021-01-07,86,86,80,80,76,67,67,2020-12-01,19,0,6,10,50,"➚",45015,0,13.3288903698767,22.2148172831278
"Peel en Maas","GM1894",2021-01-07,37,36,36,36,35,34,34,2020-12-01,3,1,1,2,0,"-",43695,2.28859137201053,2.28859137201053,4.57718274402106
"Oldambt","GM1895",2021-01-07,47,47,46,45,37,21,21,2020-12-01,26,0,1,10,-88.8888888888889,"➘",38281,0,2.61226195762911,26.1226195762911
"Zwartewaterland","GM1896",2021-01-07,26,26,26,26,24,18,18,2020-12-01,8,0,0,2,-100,"➘",22797,0,0,8.77308417774269
"Súdwest-Fryslân","GM1900",2021-01-07,75,75,72,71,64,46,46,2020-12-01,29,0,3,11,-62.5,"➘",89930,0,3.33592794395641,12.2317357945068
"Bodegraven-Reeuwijk","GM1901",2021-01-07,71,71,68,67,63,52,52,2020-12-01,19,0,3,8,-40,"➘",35288,0,8.50147358875538,22.670596236681
"Eijsden-Margraten","GM1903",2021-01-07,75,74,71,71,70,64,64,2020-12-01,11,1,4,5,300,"➚",25903,3.86055669227503,15.4422267691001,19.3027834613751
"Stichtse Vecht","GM1904",2021-01-07,140,140,137,135,133,106,106,2020-12-01,34,0,3,7,-25,"➘",65142,0,4.60532375425993,10.7457554266065
"Hollands Kroon","GM1911",2021-01-07,72,72,68,66,58,40,40,2020-12-01,32,0,4,14,-60,"➘",48532,0,8.24198466990851,28.8469463446798
"Leidschendam-Voorburg","GM1916",2021-01-07,139,137,133,130,126,105,105,2020-12-01,34,2,6,13,-14.2857142857143,"➘",76451,2.61605472786491,7.84816418359472,17.0043557311219
"Goeree-Overflakkee","GM1924",2021-01-07,140,140,133,133,126,108,108,2020-12-01,32,0,7,14,0,"-",50567,0,13.8430201514822,27.6860403029644
"Pijnacker-Nootdorp","GM1926",2021-01-07,79,79,77,77,73,70,70,2020-12-01,9,0,2,6,-50,"➘",55592,0,3.59763994819398,10.792919844582
"Nissewaard","GM1930",2021-01-07,225,224,217,215,207,172,172,2020-12-01,53,1,8,18,-20,"➘",85302,1.17230545590959,9.37844364727673,21.1014982063727
"Krimpenerwaard","GM1931",2021-01-07,145,144,139,139,131,115,115,2020-12-01,30,1,6,14,-25,"➘",56559,1.76806520624481,10.6083912374688,24.7529128874273
"De Fryske Marren","GM1940",2021-01-07,47,47,42,42,40,33,33,2020-12-01,14,0,5,7,150,"➚",51735,0,9.66463709287716,13.530491930028
"Gooise Meren","GM1942",2021-01-07,33,33,31,29,27,24,24,2020-12-01,9,0,2,6,-50,"➘",58466,0,3.42079157116957,10.2623747135087
"Berg en Dal","GM1945",2021-01-07,94,94,94,94,87,79,79,2020-12-01,15,0,0,7,-100,"➘",35015,0,0,19.9914322433243
"Meierijstad","GM1948",2021-01-07,319,319,316,316,310,298,298,2020-12-01,21,0,3,9,-50,"➘",81653,0,3.67408423450455,11.0222527035136
"Waadhoeke","GM1949",2021-01-07,32,31,29,29,21,14,14,2020-12-01,18,1,3,11,-62.5,"➘",46082,2.17004470292088,6.51013410876264,23.8704917321297
"Westerwolde","GM1950",2021-01-07,30,29,27,27,27,19,19,2020-12-01,11,1,3,3,300,"➚",26284,3.80459595190991,11.4137878557297,11.4137878557297
"Midden-Groningen","GM1952",2021-01-07,73,73,66,66,58,42,42,2020-12-01,31,0,7,15,-12.5,"➘",60745,0,11.5235821878344,24.6933904025023
"Beekdaelen","GM1954",2021-01-07,85,84,84,84,78,68,68,2020-12-01,17,1,1,7,-83.3333333333333,"➘",36073,2.77215646051063,2.77215646051063,19.4050952235744
"Montferland","GM1955",2021-01-07,53,53,51,50,49,42,42,2020-12-01,11,0,2,4,0,"-",36062,0,5.54600410404304,11.0920082080861
"Altena","GM1959",2021-01-07,155,155,148,147,131,99,99,2020-12-01,56,0,7,24,-58.8235294117647,"➘",56308,0,12.4316260566882,42.6227179086453
"West Betuwe","GM1960",2021-01-07,145,142,139,137,133,113,113,2020-12-01,32,3,6,12,0,"-",51489,5.82648721086057,11.6529744217211,23.3059488434423
"Vijfheerenlanden","GM1961",2021-01-07,113,112,108,106,101,90,90,2020-12-01,23,1,5,12,-28.5714285714286,"➘",57786,1.73052296403973,8.65261482019866,20.7662755684768
"Hoeksche Waard","GM1963",2021-01-07,185,185,179,177,173,150,150,2020-12-01,35,0,6,12,0,"-",87963,0,6.821049759558,13.642099519116
"Het Hogeland","GM1966",2021-01-07,26,25,22,22,21,13,13,2020-12-01,13,1,4,5,300,"➚",47859,2.08947115485071,8.35788461940283,10.4473557742535
"Westerkwartier","GM1969",2021-01-07,62,62,57,56,51,39,39,2020-12-01,23,0,5,11,-16.6666666666667,"➘",63603,0,7.86126440576702,17.2947816926875
"Noardeast-Fryslân","GM1970",2021-01-07,34,34,30,28,25,14,14,2020-12-01,20,0,4,9,-20,"➘",45479,0,8.79526814573759,19.7893533279096
"Molenlanden","GM1978",2021-01-07,82,82,76,76,71,60,60,2020-12-01,22,0,6,11,20,"➚",44105,0,13.6038997846049,24.9404829384424
"Eemsdelta","GM1979",2021-01-07,62,60,54,54,45,25,25,2020-12-01,37,2,8,17,-11.1111111111111,"➘",45606,4.38538788755865,17.5415515502346,37.2757970442486
